2000 0
2.0000000000000000e+003 0.0000000000000000e+000 -4.0000000000000000e+002
1
1 1 1 1
1
         t, ms                         dVp, mV                         dVs, mV                         dV, mV
1.0000000000000000e+001 	4.2214183693745537e-006 	-5.3954823624796002e-008 	4.1674635457497577e-006
1.2000000000000000e+001 	4.2230894358863058e-006 	-5.3954812995642597e-008 	4.1691346228906628e-006
1.4000000000000000e+001 	4.2238407020764326e-006 	-5.3954820530248486e-008 	4.1698858815461842e-006
1.6000000000000000e+001 	4.2245639981463243e-006 	-5.3954848002591709e-008 	4.1706091501437329e-006
1.8000000000000000e+001 	4.2252923636804177e-006 	-5.3954895077891157e-008 	4.1713374686025269e-006
2.0000000000000000e+001 	4.2259671633528700e-006 	-5.3954954596305498e-008 	4.1720122087565642e-006
2.2000000000000000e+001 	4.2265716579413885e-006 	-5.3955009459331087e-008 	4.1726166484820574e-006
2.4000000000000000e+001 	4.2271120539702578e-006 	-5.3955036043666415e-008 	4.1731570179265917e-006
2.6000000000000000e+001 	4.2275988245368926e-006 	-5.3955011933407725e-008 	4.1736438126034850e-006
2.8000000000000000e+001 	4.2280409983957523e-006 	-5.3954923386564451e-008 	4.1740860750091877e-006
3.2000000000000000e+001 	4.2415147106260498e-006 	-5.3954588889050794e-008 	4.1875601217369991e-006
3.6000000000000000e+001 	4.2294922649375594e-006 	-5.3954166337738209e-008 	4.1755380985998213e-006
4.0000000000000000e+001 	4.2300712941498154e-006 	-5.3953847708584104e-008 	4.1761174464412310e-006
4.4000000000000000e+001 	4.2305796437377400e-006 	-5.3953818556044813e-008 	4.1766258251816953e-006
4.8000000000000000e+001 	4.2310315205617410e-006 	-5.3954206496425332e-008 	4.1770773140653154e-006
5.2000000000000000e+001 	4.2314379592313306e-006 	-5.3955055950814432e-008 	4.1774829032805159e-006
5.6000000000000000e+001 	4.2318075724525898e-006 	-5.3956326698657254e-008 	4.1778512457539325e-006
6.0000000000000000e+001 	4.2321468438035737e-006 	-5.3957907836576583e-008 	4.1781889359669968e-006
6.4000000000000000e+001 	4.2324601897221439e-006 	-5.3959638734078555e-008 	4.1785005509880652e-006
6.8000000000000000e+001 	4.2327499813673024e-006 	-5.3961330910112479e-008 	4.1787886504571901e-006
7.2000000000000000e+001 	4.2330166379340080e-006 	-5.3962787306541316e-008 	4.1790538506274664e-006
8.0000000000000000e+001 	4.2401855590669634e-006 	-5.3964053843143524e-008 	4.1862215052238202e-006
8.8000000000000000e+001 	4.2337904709504959e-006 	-5.3962409043397956e-008 	4.1798280619070980e-006
9.6000000000000000e+001 	4.2339457641990830e-006 	-5.3957054493099259e-008 	4.1799887097059836e-006
1.0400000000000000e+002 	4.2338945379079043e-006 	-5.3947519133680014e-008 	4.1799470187742242e-006
1.1200000000000000e+002 	4.2335974038859359e-006 	-5.3933662626244753e-008 	4.1796637412596915e-006
1.2000000000000000e+002 	4.2330190813072765e-006 	-5.3915644709578945e-008 	4.1791034365976975e-006
1.2800000000000000e+002 	4.2321302194397754e-006 	-5.3893881216655706e-008 	4.1782363382231199e-006
1.3600000000000000e+002 	4.2309079783542397e-006 	-5.3868985707393494e-008 	4.1770389926468460e-006
1.4400000000000000e+002 	4.2293357595575401e-006 	-5.3841687948932397e-008 	4.1754940716086079e-006
1.5200000000000000e+002 	4.2274024356875350e-006 	-5.3812723179109346e-008 	4.1735897125084257e-006
1.6000000000000000e+002 	4.2251013460030112e-006 	-5.3782694781138238e-008 	4.1713186512218729e-006
1.7600000000000000e+002 	4.2237973129175524e-006 	-5.3719238746546784e-008 	4.1700780741710058e-006
1.9200000000000000e+002 	4.2121902713161644e-006 	-5.3645499458181865e-008 	4.1585447718579825e-006
2.0800000000000000e+002 	4.2035258706453871e-006 	-5.3547391353629326e-008 	4.1499784792917576e-006
2.2400000000000000e+002 	4.1934065171681295e-006 	-5.3402202295805745e-008 	4.1400043148723240e-006
2.4000000000000000e+002 	4.1818459887304921e-006 	-5.3180203490882306e-008 	4.1286657852396102e-006
2.5600000000000000e+002 	4.1688571438405566e-006 	-5.2847601033997778e-008 	4.1160095428065585e-006
2.7200000000000000e+002 	4.1544535079806073e-006 	-5.2370042046590503e-008 	4.1020834659340170e-006
2.8800000000000000e+002 	4.1386518515844449e-006 	-5.1715951200927920e-008 	4.0869359003835170e-006
3.0400000000000000e+002 	4.1214747285278727e-006 	-5.0859186187612125e-008 	4.0706155423402602e-006
3.2000000000000000e+002 	4.1029523420082828e-006 	-4.9780760149649093e-008 	4.0531715818586336e-006
3.3600000000000000e+002 	4.0831234835100583e-006 	-4.8469606027199919e-008 	4.0346538774828587e-006
3.5200000000000000e+002 	4.0620355633751684e-006 	-4.6922513085669802e-008 	4.0151130502894985e-006
3.6800000000000000e+002 	4.0397439064167845e-006 	-4.5143444490927940e-008 	3.9946004619258567e-006
4.0000000000000000e+002 	3.9928764888894674e-006 	-4.0957860857021799e-008 	3.9519186280324452e-006
4.3200000000000000e+002 	3.9400735893742230e-006 	-3.6036586483308748e-008 	3.9040370028909139e-006
4.6400000000000000e+002 	3.8848290522204873e-006 	-3.0534573951330293e-008 	3.8542944782691568e-006
4.9600000000000000e+002 	3.8267223119743338e-006 	-2.4616035569884215e-008 	3.8021062764044496e-006
5.2800000000000000e+002 	3.7662921218032320e-006 	-1.8437426098240187e-008 	3.7478546957049917e-006
5.6000000000000000e+002 	3.7040380355259308e-006 	-1.2136602440649140e-008 	3.6919014330852816e-006
5.9200000000000000e+002 	3.6404112686420782e-006 	-5.8276335531394333e-009 	3.6345836350889388e-006
6.2400000000000000e+002 	3.5758117422461115e-006 	4.0013000876113903e-010 	3.5762118722548727e-006
6.5600000000000000e+002 	3.5105891844517058e-006 	6.4802644701091072e-009 	3.5170694489218148e-006
6.8800000000000000e+002 	3.4450465822029349e-006 	1.2366064749142837e-008 	3.4574126469520778e-006
7.2000000000000000e+002 	3.3794447393787711e-006 	1.8026862756680941e-008 	3.3974716021354522e-006
7.5200000000000000e+002 	3.3140071234822422e-006 	2.3444462447283784e-008 	3.3374515859295262e-006
8.1600000000000000e+002 	3.1850440417452327e-006 	3.3523354813194559e-008 	3.2185673965584271e-006
8.8000000000000000e+002 	3.0576408481289880e-006 	4.2613190774936315e-008 	3.1002540389039245e-006
9.4400000000000000e+002 	2.9341104382307000e-006 	5.0758757371827820e-008 	2.9848691956025277e-006
1.0080000000000000e+003 	2.8145554089905802e-006 	5.8025497657712522e-008 	2.8725809066482926e-006
1.0720000000000000e+003 	2.6993864979589090e-006 	6.4487133235669163e-008 	2.7638736311945784e-006
1.1360000000000000e+003 	2.5888564868687431e-006 	7.0217590623744444e-008 	2.6590740774924874e-006
1.2000000000000000e+003 	2.4830933634704308e-006 	7.5286750130890914e-008 	2.5583801136013219e-006
1.2640000000000000e+003 	2.3821288560512990e-006 	7.9758722422915521e-008 	2.4618875784742145e-006
1.3280000000000000e+003 	2.2859218811563280e-006 	8.3691523672198090e-008 	2.3696134048285262e-006
1.3920000000000000e+003 	2.1943774521109169e-006 	8.7137401015342037e-008 	2.2815148531262588e-006
1.4560000000000000e+003 	2.1073617688012285e-006 	9.0143387269353502e-008 	2.1975051560705822e-006
1.5840000000000000e+003 	1.9478872026439110e-006 	9.5047417007641410e-008 	2.0429346196515524e-006
1.7120000000000000e+003 	1.8005643022291644e-006 	9.8649798127971255e-008 	1.8992141003571356e-006
1.8400000000000000e+003 	1.6695725736686720e-006 	1.0117837448874831e-007 	1.7707509481574202e-006
1.9680000000000000e+003 	1.5515781024554112e-006 	1.0282927619280816e-007 	1.6544073786482194e-006
2.0960000000000000e+003 	1.4451891834315580e-006 	1.0376664293002482e-007 	1.5489558263615829e-006
2.2240000000000000e+003 	1.3491196176517360e-006 	1.0412626214709041e-007 	1.4532458797988264e-006
2.3520000000000000e+003 	1.2622055591073825e-006 	1.0401992496486545e-007 	1.3662254840722479e-006
2.4800000000000000e+003 	1.1834083615429652e-006 	1.0353946584108327e-007 	1.2869478273840484e-006
2.6080000000000000e+003 	1.1118093280699137e-006 	1.0276024160903939e-007 	1.2145695696789531e-006
2.7360000000000000e+003 	1.0466002864141062e-006 	1.0174405420420732e-007 	1.1483443406183135e-006
2.8640000000000000e+003 	9.8707245804204617e-007 	1.0054157834557056e-007 	1.0876140363876167e-006
3.1200000000000000e+003 	8.8410732316969069e-007 	9.7774209771833167e-008 	9.8188153294152392e-007
3.3760000000000000e+003 	7.9323729915295432e-007 	9.4660393732795769e-008 	8.8789769288575008e-007
3.6320000000000000e+003 	7.1773296129929999e-007 	9.1361769944172436e-008 	8.0909473124347248e-007
3.8880000000000000e+003 	6.5304009219236732e-007 	8.7994915058975143e-008 	7.4103500725134243e-007
4.1440000000000000e+003 	5.9719492466648108e-007 	8.4639507989148526e-008 	6.8183443265562960e-007
4.4000000000000000e+003 	5.4864248348647058e-007 	8.1348061821580776e-008 	6.2999054530805139e-007
4.6560000000000000e+003 	5.0614918409162347e-007 	7.8153891730353829e-008 	5.8430307582197728e-007
4.9120000000000000e+003 	4.6873047786577908e-007 	7.5076997588443854e-008 	5.4380747545422290e-007
5.1680000000000000e+003 	4.3559441907452253e-007 	7.2128267917360860e-008 	5.0772268699188336e-007
5.4240000000000000e+003 	4.0609864754169629e-007 	6.9312432105644025e-008 	4.7541107964734031e-007
5.6800000000000000e+003 	3.7971780708230466e-007 	6.6630106993920487e-008 	4.4634791407622516e-007
5.9360000000000000e+003 	3.5601882343182671e-007 	6.4079205861067360e-008 	4.2009802929289410e-007
6.1920000000000000e+003 	3.3464203378516418e-007 	6.1655906739196001e-008 	3.9629794052436015e-007
6.7040000000000000e+003 	2.9825156345577828e-007 	5.7164151917213392e-008 	3.5541571537299166e-007
7.2160000000000000e+003 	2.6647300103405899e-007 	5.3115503320846493e-008 	3.1958850435490547e-007
7.7280000000000000e+003 	2.4052535905319451e-007 	4.9466389096840115e-008 	2.8999174815003463e-007
8.2400000000000000e+003 	2.1853746703592623e-007 	4.6173466245146855e-008 	2.6471093328107310e-007
8.7520000000000000e+003 	1.9972029074105291e-007 	4.3196386640541325e-008 	2.4291667738159424e-007
9.2640000000000000e+003 	1.8347016957531692e-007 	4.0498789036612152e-008 	2.2396895861192907e-007
9.7760000000000000e+003 	1.6932203887849150e-007 	3.8048409349183912e-008 	2.0737044822767541e-007
1.0288000000000000e+004 	1.5691365762388272e-007 	3.5816881398564366e-008 	1.9273053902244709e-007
1.0800000000000000e+004 	1.4595943239499510e-007 	3.3779407467049092e-008 	1.7973883986204419e-007
1.1312000000000000e+004 	1.3623150243271411e-007 	3.1914371050775026e-008 	1.6814587348348912e-007
1.1824000000000000e+004 	1.2754603875737030e-007 	3.0202942591651485e-008 	1.5774898134902178e-007
1.2336000000000000e+004 	1.1975322479402549e-007 	2.8628709119685124e-008 	1.4838193391371062e-007
1.3360000000000000e+004 	1.0657109664765639e-007 	2.5821332996714985e-008 	1.3239242964437137e-007
1.4384000000000000e+004 	9.5125639501834584e-008 	2.3414220049124190e-008 	1.1853985955095877e-007
1.5408000000000000e+004 	8.5843021523872494e-008 	2.1337422264897934e-008 	1.0718044378877042e-007
1.6432000000000000e+004 	7.8011572196557999e-008 	1.9533222955210117e-008 	9.7544795151768123e-008
1.7456000000000000e+004 	7.1330949242655397e-008 	1.7955368328628513e-008 	8.9286317571283907e-008
1.8480000000000000e+004 	6.5574754791201800e-008 	1.6566879798555789e-008 	8.2141634589757586e-008
1.9504000000000000e+004 	6.0570800927167501e-008 	1.5338038970560315e-008 	7.5908839897727810e-008
2.0528000000000000e+004 	5.6186409109357796e-008 	1.4244791150623251e-008 	7.0431200259981041e-008
2.1552000000000000e+004 	5.2317896966746508e-008 	1.3267510804567909e-008 	6.5585407771314418e-008
2.2576000000000000e+004 	4.8883135148195305e-008 	1.2390055738466350e-008 	6.1273190886661658e-008
2.3600000000000000e+004 	4.5816251729021699e-008 	1.1599044188481958e-008 	5.7415295917503653e-008
2.5648000000000000e+004 	4.0654945670792431e-008 	1.0222522823242708e-008 	5.0877468494035139e-008
2.7696000000000000e+004 	3.6204041778306918e-008 	9.0809491565166247e-009 	4.5284990934823546e-008
2.9744000000000000e+004 	3.2614554241518628e-008 	8.1254490971284731e-009 	4.0740003338647098e-008
3.1792000000000000e+004 	2.9599491642319861e-008 	7.3177470248233917e-009 	3.6917238667143255e-008
3.3840000000000000e+004 	2.7036237062593641e-008 	6.6285586675272558e-009 	3.3664795730120895e-008
3.5888000000000000e+004 	2.4833476594591110e-008 	6.0354484502865385e-009 	3.0868925044877648e-008
3.7936000000000000e+004 	2.2922487461569741e-008 	5.5210843575250381e-009 	2.8443571819094778e-008
3.9984000000000000e+004 	2.1250779089379782e-008 	5.0719269309072625e-009 	2.6322706020287044e-008
4.2032000000000000e+004 	1.9777626530504659e-008 	4.6772716830306024e-009 	2.4454898213535262e-008
4.4080000000000000e+004 	1.8470958674088242e-008 	4.3285556388480892e-009 	2.2799514312936332e-008
4.6128000000000000e+004 	1.7305175232404898e-008 	4.0188534138225601e-009 	2.1324028646227457e-008
5.0224000000000000e+004 	1.5341566483551380e-008 	3.4895148574421276e-009 	1.8831081340993509e-008
5.4320000000000000e+004 	1.3655643721239987e-008 	3.0613668734759168e-009 	1.6717010594715904e-008
5.8416000000000000e+004 	1.2294361638097190e-008 	2.7109948960861981e-009 	1.5005356534183388e-008
6.2512000000000000e+004 	1.1151404940772671e-008 	2.4206156864653695e-009 	1.3572020627238039e-008
6.6608000000000000e+004 	1.0179973925366139e-008 	2.1769938842116073e-009 	1.2356967809577746e-008
7.0704000000000000e+004 	9.3452978444859993e-009 	1.9702648163957025e-009 	1.1315562660881702e-008
7.4800000000000000e+004 	8.6212554510929499e-009 	1.7930166204821662e-009 	1.0414272071575117e-008
7.8896000000000000e+004 	7.9879211235743610e-009 	1.6396183423629246e-009 	9.6275394659372854e-009
8.2992000000000000e+004 	7.4298489405829805e-009 	1.5057392488416886e-009 	8.9355881894246687e-009
8.7088000000000000e+004 	6.9348817623099200e-009 	1.3880071167447364e-009 	8.3228888790546558e-009
9.1184000000000000e+004 	6.4933183443522312e-009 	1.2837648266061139e-009 	7.7770831709583446e-009
9.5280000000000000e+004 	6.0973220910803510e-009 	1.1908955341907373e-009 	7.2882176252710885e-009
9.9376000000000000e+004 	5.7404938961711901e-009 	1.1076955612520306e-009 	6.8481894574232209e-009
1.0347200000000000e+005 	5.4175580358216998e-009 	1.0327807426688141e-009 	6.4503387784905135e-009
1.0756800000000000e+005 	5.1241273645318099e-009 	9.6501654418089376e-010 	6.0891439087127037e-009
4000 0
4.0000000000000000e+003 0.0000000000000000e+000 -4.0000000000000000e+002
1
1 1 1 1
1
         t, ms                         dVp, mV                         dVs, mV                         dV, mV
1.0000000000000000e+001 	9.5754102406044500e-007 	-3.5215258395777988e-008 	9.2232576566466698e-007
1.2000000000000000e+001 	9.5795761945691422e-007 	-3.5215255614273686e-008 	9.2274236384264056e-007
1.4000000000000000e+001 	9.5814488500048902e-007 	-3.5215252400854692e-008 	9.2292963259963433e-007
1.6000000000000000e+001 	9.5832518297904120e-007 	-3.5215249027457921e-008 	9.2310993395158332e-007
1.8000000000000000e+001 	9.5850675020055955e-007 	-3.5215246679283796e-008 	9.2329150352127573e-007
2.0000000000000000e+001 	9.5867496606625816e-007 	-3.5215246833374363e-008 	9.2345971923288379e-007
2.2000000000000000e+001 	9.5882565604292459e-007 	-3.5215250375942082e-008 	9.2361040566698253e-007
2.4000000000000000e+001 	9.5896036723736781e-007 	-3.5215257210482725e-008 	9.2374511002688514e-007
2.6000000000000000e+001 	9.5908171036080532e-007 	-3.5215266372073470e-008 	9.2386644398873181e-007
2.8000000000000000e+001 	9.5919193619214777e-007 	-3.5215276373937825e-008 	9.2397665981820989e-007
3.2000000000000000e+001 	9.6255129262018103e-007 	-3.5215290895016822e-008 	9.2733600172516422e-007
3.6000000000000000e+001 	9.5955371253392309e-007 	-3.5215292849017852e-008 	9.2433841968490524e-007
4.0000000000000000e+001 	9.5969806373759498e-007 	-3.5215278484004781e-008 	9.2448278525359014e-007
4.4000000000000000e+001 	9.5982481965117504e-007 	-3.5215249447800688e-008 	9.2460957020337430e-007
4.8000000000000000e+001 	9.5993755763703557e-007 	-3.5215212146926126e-008 	9.2472234549010943e-007
5.2000000000000000e+001 	9.6003909690428884e-007 	-3.5215176011932522e-008 	9.2482392089235628e-007
5.6000000000000000e+001 	9.6013170078094546e-007 	-3.5215151362475646e-008 	9.2491654941846977e-007
6.0000000000000000e+001 	9.6021716441292193e-007 	-3.5215147414118053e-008 	9.2500201699880383e-007
6.4000000000000000e+001 	9.6029684227355365e-007 	-3.5215170755714599e-008 	9.2508167151783904e-007
6.8000000000000000e+001 	9.6037166098841170e-007 	-3.5215224420080160e-008 	9.2515643656833158e-007
7.2000000000000000e+001 	9.6044214377449372e-007 	-3.5215307520491340e-008 	9.2522683625400241e-007
8.0000000000000000e+001 	9.6224566266616824e-007 	-3.5215525745515373e-008 	9.2703013692065284e-007
8.8000000000000000e+001 	9.6067831540387905e-007 	-3.5215751424908585e-008 	9.2546256397897051e-007
9.6000000000000000e+001 	9.6076300456241614e-007 	-3.5215883978850499e-008 	9.2554712058356569e-007
1.0400000000000000e+002 	9.6081926751368513e-007 	-3.5215810208123574e-008 	9.2560345730556155e-007
1.1200000000000000e+002 	9.6084224758527797e-007 	-3.5215417497333951e-008 	9.2562683008794404e-007
1.2000000000000000e+002 	9.6082765395777321e-007 	-3.5214604262852999e-008 	9.2561304969492021e-007
1.2800000000000000e+002 	9.6077207731667259e-007 	-3.5213287141274403e-008 	9.2555879017539817e-007
1.3600000000000000e+002 	9.6067309908848985e-007 	-3.5211405164269596e-008 	9.2546169392422023e-007
1.4400000000000000e+002 	9.6052926770344702e-007 	-3.5208921274590081e-008 	9.2532034642885698e-007
1.5200000000000000e+002 	9.6034000083513699e-007 	-3.5205821350021605e-008 	9.2513417948511540e-007
1.6000000000000000e+002 	9.6010545367822194e-007 	-3.5202110710172509e-008 	9.2490334296804947e-007
1.7600000000000000e+002 	9.6062456039327814e-007 	-3.5192945006432708e-008 	9.2543161538684543e-007
1.9200000000000000e+002 	9.5874121883821305e-007 	-3.5181435644698090e-008 	9.2355978319351500e-007
2.0800000000000000e+002 	9.5782477177384457e-007 	-3.5167258706158387e-008 	9.2265751306768620e-007
2.2400000000000000e+002 	9.5677143337418646e-007 	-3.5149496085773480e-008 	9.2162193728841297e-007
2.4000000000000000e+002 	9.5559582314998391e-007 	-3.5126446274555436e-008 	9.2046937687542845e-007
2.5600000000000000e+002 	9.5431135576208244e-007 	-3.5095551482374078e-008 	9.1921580427970835e-007
2.7200000000000000e+002 	9.5292967629449058e-007 	-3.5053454086289293e-008 	9.1787622220820130e-007
2.8800000000000000e+002 	9.5146045171985129e-007 	-3.4996164742897000e-008 	9.1646428697695433e-007
3.0400000000000000e+002 	9.4991141447194125e-007 	-3.4919304996496385e-008 	9.1499210947544488e-007
3.2000000000000000e+002 	9.4828856276368861e-007 	-3.4818380740607787e-008 	9.1347018202308087e-007
3.3600000000000000e+002 	9.4659644148761397e-007 	-3.4689047031100428e-008 	9.1190739445651353e-007
3.5200000000000000e+002 	9.4483844801419729e-007 	-3.4527335153085065e-008 	9.1031111286111218e-007
3.6800000000000000e+002 	9.4301712620083076e-007 	-3.4329825216354447e-008 	9.0868730098447629e-007
4.0000000000000000e+002 	9.3947175674105547e-007 	-3.3815371317220150e-008 	9.0565638542383532e-007
4.3200000000000000e+002 	9.3513722104660584e-007 	-3.3136551299478206e-008 	9.0200066974712763e-007
4.6400000000000000e+002 	9.3085788169632001e-007 	-3.2291365407603029e-008 	8.9856651628871694e-007
4.9600000000000000e+002 	9.2636737409114091e-007 	-3.1285128873206020e-008 	8.9508224521793489e-007
5.2800000000000000e+002 	9.2167839983912737e-007 	-3.0129034420811986e-008 	8.9154936541831536e-007
5.6000000000000000e+002 	9.1680486416437767e-007 	-2.8838246409646689e-008 	8.8796661775473096e-007
5.9200000000000000e+002 	9.1176154968676199e-007 	-2.7430084563844675e-008 	8.8433146512291734e-007
6.2400000000000000e+002 	9.0656363124007754e-007 	-2.5922541921235895e-008 	8.8064108931884169e-007
6.5600000000000000e+002 	9.0122618007770494e-007 	-2.4333205689827864e-008 	8.7689297438787709e-007
6.8800000000000000e+002 	8.9576374741702413e-007 	-2.2678555228502074e-008 	8.7308519218852203e-007
7.2000000000000000e+002 	8.9019006500914386e-007 	-2.0973568679065726e-008 	8.6921649633007814e-007
7.5200000000000000e+002 	8.8451786495541342e-007 	-1.9231558781221198e-008 	8.6528630617419220e-007
8.1600000000000000e+002 	8.7305529103738684e-007 	-1.5692965855863702e-008 	8.5736232518152314e-007
8.8000000000000000e+002 	8.6108646624069069e-007 	-1.2124153854897617e-008 	8.4896231238579304e-007
9.4400000000000000e+002 	8.4903122745909157e-007 	-8.5768672014112929e-009 	8.4045436025768031e-007
1.0080000000000000e+003 	8.3682424583263163e-007 	-5.0907422354847103e-009 	8.3173350359714690e-007
1.0720000000000000e+003 	8.2451099796462916e-007 	-1.6946948286694311e-009 	8.2281630313595973e-007
1.1360000000000000e+003 	8.1213007443339707e-007 	1.5908415613400351e-009 	8.1372091599473706e-007
1.2000000000000000e+003 	7.9971462512043893e-007 	4.7518494506596030e-009 	8.0446647457109854e-007
1.2640000000000000e+003 	7.8729352652817468e-007 	7.7790940726583802e-009 	7.9507262060083309e-007
1.3280000000000000e+003 	7.7489223672275488e-007 	1.0666912754042690e-008 	7.8555914947679758e-007
1.3920000000000000e+003 	7.6253339279337903e-007 	1.3412338449807536e-008 	7.7594573124318658e-007
1.4560000000000000e+003 	7.5023722266790132e-007 	1.6014464373718910e-008 	7.6625168704162018e-007
1.5840000000000000e+003 	7.2610434767503149e-007 	2.0796444910859635e-008 	7.4690079258589111e-007
1.7120000000000000e+003 	7.0205086339165488e-007 	2.5032366943432255e-008 	7.2708323033508712e-007
1.8400000000000000e+003 	6.7871305244075749e-007 	2.8751377464983129e-008 	7.0746442990574062e-007
1.9680000000000000e+003 	6.5598322470904416e-007 	3.1989142373119755e-008 	6.8797236708216394e-007
2.0960000000000000e+003 	6.3391772916804215e-007 	3.4784897573164531e-008 	6.6870262674120671e-007
2.2240000000000000e+003 	6.1255685769145741e-007 	3.7179079092537212e-008 	6.4973593678399466e-007
2.3520000000000000e+003 	5.9192694846140460e-007 	3.9211597654722912e-008 	6.3113854611612752e-007
2.4800000000000000e+003 	5.7204252654620484e-007 	4.0920678378297669e-008 	6.1296320492450251e-007
2.6080000000000000e+003 	5.5290831048386948e-007 	4.2342146216775070e-008 	5.9525045670064458e-007
2.7360000000000000e+003 	5.3452102590201127e-007 	4.3509041917393221e-008 	5.7803006781940445e-007
2.8640000000000000e+003 	5.1687100872746159e-007 	4.4451471958300142e-008 	5.6132248068576173e-007
3.1200000000000000e+003 	4.8400697405236065e-007 	4.5797782382540945e-008 	5.2980475643490164e-007
3.3760000000000000e+003 	4.5322669649658150e-007 	4.6535036364720791e-008 	4.9976173286130233e-007
3.6320000000000000e+003 	4.2529389815604366e-007 	4.6801264918111043e-008 	4.7209516307415469e-007
3.8880000000000000e+003 	3.9970026332108739e-007 	4.6710210449608854e-008 	4.4641047377069623e-007
4.1440000000000000e+003 	3.7624879088902598e-007 	4.6352101458109391e-008 	4.2260089234713538e-007
4.4000000000000000e+003 	3.5474782999614922e-007 	4.5797142506759902e-008 	4.0054497250290913e-007
4.6560000000000000e+003 	3.3501618318158509e-007 	4.5099389959919457e-008 	3.8011557314150456e-007
4.9120000000000000e+003 	3.1688585108258329e-007 	4.4300224501697222e-008 	3.6118607558428049e-007
5.1680000000000000e+003 	3.0020314206411025e-007 	4.3431218118297657e-008 	3.4363436018240791e-007
5.4240000000000000e+003 	2.8482872392372402e-007 	4.2516409027779984e-008 	3.2734513295150398e-007
5.6800000000000000e+003 	2.7063704033809119e-007 	4.1574068277471067e-008 	3.1221110861556225e-007
5.9360000000000000e+003 	2.5751538235618648e-007 	4.0618055299216574e-008 	2.9813343765540308e-007
6.1920000000000000e+003 	2.4536280413169412e-007 	3.9658851816232771e-008 	2.8502165594792687e-007
6.7040000000000000e+003 	2.2386976927103531e-007 	3.7766561249392770e-008 	2.6163633052042809e-007
7.2160000000000000e+003 	2.0458445800140070e-007 	3.5929651658903868e-008 	2.4051410966030454e-007
7.7280000000000000e+003 	1.8809861524307321e-007 	3.4169984816854866e-008 	2.2226860005992808e-007
8.2400000000000000e+003 	1.7366335207348370e-007 	3.2499600458323286e-008 	2.0616295253180699e-007
8.7520000000000000e+003 	1.6095248201729080e-007 	3.0923376107429764e-008 	1.9187585812472058e-007
9.2640000000000000e+003 	1.4969921115723358e-007 	2.9441517125613677e-008 	1.7914072828284727e-007
9.7760000000000000e+003 	1.3968526439774399e-007 	2.8051401646739056e-008 	1.6773666604448304e-007
1.0288000000000000e+004 	1.3073136788492260e-007 	2.6748822893177088e-008 	1.5748019077809969e-007
1.0800000000000000e+004 	1.2268947589512639e-007 	2.5528783945515529e-008 	1.4821825984064192e-007
1.1312000000000000e+004 	1.1543659130258018e-007 	2.4385988606552674e-008 	1.3982257990913285e-007
1.1824000000000000e+004 	1.0886989869462429e-007 	2.3315135401119577e-008 	1.3218503409574387e-007
1.2336000000000000e+004 	1.0290293559693709e-007 	2.2311087549132229e-008 	1.2521402314606933e-007
1.3360000000000000e+004 	9.2626046056158794e-008 	2.0478576581754740e-008 	1.1310462263791353e-007
1.4384000000000000e+004 	8.3589492907061199e-008 	1.8858429849330402e-008 	1.0244792275639161e-007
1.5408000000000000e+004 	7.6099262851434497e-008 	1.7421966391701490e-008 	9.3521229243135981e-008
1.6432000000000000e+004 	6.9682694666159799e-008 	1.6143806993282281e-008 	8.5826501659442077e-008
1.7456000000000000e+004 	6.4136510552304495e-008 	1.5002159007478261e-008 	7.9138669559782762e-008
1.8480000000000000e+004 	5.9303071131288603e-008 	1.3978541061897111e-008 	7.3281612193185719e-008
1.9504000000000000e+004 	5.5059372323228490e-008 	1.3057346577659937e-008 	6.8116718900888424e-008
2.0528000000000000e+004 	5.1308472529412801e-008 	1.2225393441842741e-008 	6.3533865971255548e-008
2.1552000000000000e+004 	4.7973116288157399e-008 	1.1471518614539452e-008 	5.9444634902696852e-008
2.2576000000000000e+004 	4.4991057136466600e-008 	1.0786234521583789e-008 	5.5777291658050388e-008
2.3600000000000000e+004 	4.2311622819945992e-008 	1.0161444797081598e-008 	5.2473067617027590e-008
2.5648000000000000e+004 	3.7762982168775060e-008 	9.0596160896599576e-009 	4.6822598258435019e-008
2.7696000000000000e+004 	3.3815185277495847e-008 	8.1290193266255401e-009 	4.1944204604121388e-008
2.9744000000000000e+004 	3.0597548372386529e-008 	7.3374443586344545e-009 	3.7934992731020985e-008
3.1792000000000000e+004 	2.7874602714850725e-008 	6.6588223722583201e-009 	3.4533425087109042e-008
3.3840000000000000e+004 	2.5544849646497073e-008 	6.0725759156162250e-009 	3.1617425562113296e-008
3.5888000000000000e+004 	2.3531701008441549e-008 	5.5625400584020123e-009 	2.9094241066843562e-008
3.7936000000000000e+004 	2.1776827242752487e-008 	5.1159458594559601e-009 	2.6892773102208447e-008
3.9984000000000000e+004 	2.0235208806178529e-008 	4.7226115408240480e-009 	2.4957820347002578e-008
4.2032000000000000e+004 	1.8871600346964313e-008 	4.3743369570285238e-009 	2.3245937303992837e-008
4.4080000000000000e+004 	1.7658028580797893e-008 	4.0644543845300948e-009 	2.1722482965327989e-008
4.6128000000000000e+004 	1.6572012170750339e-008 	3.7874930490005477e-009 	2.0359505219750889e-008
5.0224000000000000e+004 	1.4735330104607729e-008 	3.3106669310856848e-009 	1.8045997035693413e-008
5.4320000000000000e+004 	1.3152895285089629e-008 	2.9209922491754107e-009 	1.6073887534265041e-008
5.8416000000000000e+004 	1.1868781000801870e-008 	2.5992570913496006e-009 	1.4468038092151470e-008
6.2512000000000000e+004 	1.0786649896022911e-008 	2.3305317599755545e-009 	1.3117181655998466e-008
6.6608000000000000e+004 	9.8640007972313306e-009 	2.1035420315543858e-009 	1.1967542828785716e-008
7.0704000000000000e+004 	9.0690625261940308e-009 	1.9097908477262208e-009 	1.0978853373920251e-008
7.4800000000000000e+004 	8.3778340402754710e-009 	1.7428197889209252e-009 	1.0120653829196396e-008
7.8896000000000000e+004 	7.7719170112445312e-009 	1.5976682072228422e-009 	9.3695852184673736e-009
8.2992000000000000e+004 	7.2369885424713803e-009 	1.4704843923860529e-009 	8.7074729348574340e-009
8.7088000000000000e+004 	6.7617336561970700e-009 	1.3582447034039131e-009 	8.1199783596009826e-009
9.1184000000000000e+004 	6.3370939293360507e-009 	1.2585500014777075e-009 	7.5956439308137579e-009
9.5280000000000000e+004 	5.9557311037639497e-009 	1.1694772879336831e-009 	7.1252083916976324e-009
9.9376000000000000e+004 	5.6116376597957900e-009 	1.0894705314292813e-009 	6.7011081912250709e-009
1.0347200000000000e+005 	5.2998492432124208e-009 	1.0172594257041299e-009 	6.3171086689165505e-009
1.0756800000000000e+005 	5.0162289044594897e-009 	9.5179822608502172e-010 	5.9680271305445114e-009
6000 0
6.0000000000000000e+003 0.0000000000000000e+000 -4.0000000000000000e+002
1
1 1 1 1
1
         t, ms                         dVp, mV                         dVs, mV                         dV, mV
1.0000000000000000e+001 	4.0321322966254878e-007 	-7.1165095699694926e-009 	3.9609672009257929e-007
1.2000000000000000e+001 	4.0339829209407928e-007 	-7.1165081000988238e-009 	3.9628178399398047e-007
1.4000000000000000e+001 	4.0348147668528647e-007 	-7.1165041324339156e-009 	3.9636497255285255e-007
1.6000000000000000e+001 	4.0356156689514480e-007 	-7.1164983930815506e-009 	3.9644506850206325e-007
1.8000000000000000e+001 	4.0364222167132400e-007 	-7.1164929281047838e-009 	3.9652572874321919e-007
2.0000000000000000e+001 	4.0371694591190932e-007 	-7.1164908118873794e-009 	3.9660045510002194e-007
2.2000000000000000e+001 	4.0378388483320729e-007 	-7.1164961040098076e-009 	3.9666738872919750e-007
2.4000000000000000e+001 	4.0384372566797003e-007 	-7.1165129652206878e-009 	3.9672721270274933e-007
2.6000000000000000e+001 	4.0389762813943542e-007 	-7.1165441117854803e-009 	3.9678108402764996e-007
2.8000000000000000e+001 	4.0394659219839194e-007 	-7.1165894563431890e-009 	3.9683000274204877e-007
3.2000000000000000e+001 	4.0543896047438625e-007 	-7.1166962438161914e-009 	3.9832226423057003e-007
3.6000000000000000e+001 	4.0410729939761683e-007 	-7.1167832911496337e-009 	3.9699051610646720e-007
4.0000000000000000e+001 	4.0417142380725869e-007 	-7.1167963155120797e-009 	3.9705462749174659e-007
4.4000000000000000e+001 	4.0422773554956694e-007 	-7.1166959623346460e-009 	3.9711103958723232e-007
4.8000000000000000e+001 	4.0427782897644246e-007 	-7.1164690596300479e-009 	3.9716135991681242e-007
5.2000000000000000e+001 	4.0432296640104148e-007 	-7.1161303961174674e-009 	3.9720683600492402e-007
5.6000000000000000e+001 	4.0436417005153194e-007 	-7.1157174806406657e-009 	3.9724845257089130e-007
6.0000000000000000e+001 	4.0440226327051125e-007 	-7.1152819097979428e-009 	3.9728698136071331e-007
6.4000000000000000e+001 	4.0443788438176488e-007 	-7.1148803796692930e-009 	3.9732300400209556e-007
6.8000000000000000e+001 	4.0447149347209459e-007 	-7.1145671841266254e-009 	3.9735692628796799e-007
7.2000000000000000e+001 	4.0450338327151212e-007 	-7.1143889464758929e-009 	3.9738899432503623e-007
8.0000000000000000e+001 	4.0530690913406931e-007 	-7.1145857979174147e-009 	3.9819232333615191e-007
8.8000000000000000e+001 	4.0461453368646652e-007 	-7.1155605082596626e-009 	3.9749897317820688e-007
9.6000000000000000e+001 	4.0465876159761566e-007 	-7.1172951531696874e-009 	3.9754146644444599e-007
1.0400000000000000e+002 	4.0469364570828519e-007 	-7.1196755512795667e-009 	3.9757397015700564e-007
1.1200000000000000e+002 	4.0471770909482003e-007 	-7.1225228657383242e-009 	3.9759518622908172e-007
1.2000000000000000e+002 	4.0472964289180194e-007 	-7.1256268844193316e-009 	3.9760401600738260e-007
1.2800000000000000e+002 	4.0472842136278039e-007 	-7.1287731137626469e-009 	3.9759964824901774e-007
1.3600000000000000e+002 	4.0471333982855568e-007 	-7.1317615360031014e-009 	3.9758157829255258e-007
1.4400000000000000e+002 	4.0468400477065833e-007 	-7.1344176656356322e-009 	3.9754958710502271e-007
1.5200000000000000e+002 	4.0464029886934578e-007 	-7.1365976081129854e-009 	3.9750370126123278e-007
1.6000000000000000e+002 	4.0458233606489754e-007 	-7.1381889624916885e-009 	3.9744414710240586e-007
1.7600000000000000e+002 	4.0492514899926879e-007 	-7.1392549494792431e-009 	3.9778589404978955e-007
1.9200000000000000e+002 	4.0421767768540248e-007 	-7.1373617826334431e-009 	3.9708031590276902e-007
2.0800000000000000e+002 	4.0396303954817488e-007 	-7.1324293721765263e-009 	3.9683061017599834e-007
2.2400000000000000e+002 	4.0366686204748087e-007 	-7.1245107569177988e-009 	3.9654235129056309e-007
2.4000000000000000e+002 	4.0333425334292480e-007 	-7.1137162462874105e-009 	3.9622053709663738e-007
2.5600000000000000e+002 	4.0297002491369099e-007 	-7.1001376747489287e-009 	3.9586988723894209e-007
2.7200000000000000e+002 	4.0257851666328584e-007 	-7.0837879387043427e-009 	3.9549472872458147e-007
2.8800000000000000e+002 	4.0216351371592716e-007 	-7.0645616427371739e-009 	3.9509895207318999e-007
3.0400000000000000e+002 	4.0172822666554874e-007 	-7.0422176670402715e-009 	3.9468600899850845e-007
3.2000000000000000e+002 	4.0127531211444071e-007 	-7.0163813530423460e-009 	3.9425893076139836e-007
3.3600000000000000e+002 	4.0080691708323040e-007 	-6.9865620994160586e-009 	3.9382035498381434e-007
3.5200000000000000e+002 	4.0032473597951477e-007 	-6.9521813023492615e-009 	3.9337255467716550e-007
3.6800000000000000e+002 	3.9983007266602714e-007 	-6.9126056071094309e-009 	3.9291746705891773e-007
4.0000000000000000e+002 	3.9893222700003099e-007 	-6.8144902636545837e-009 	3.9211773673637639e-007
4.3200000000000000e+002 	3.9774329166050220e-007 	-6.6881220613218527e-009 	3.9105516959918037e-007
4.6400000000000000e+002 	3.9663930353965840e-007 	-6.5298946625558282e-009 	3.9010940887710258e-007
4.9600000000000000e+002 	3.9549668607694109e-007 	-6.3372307182478573e-009 	3.8915945535869326e-007
5.2800000000000000e+002 	3.9431576392151889e-007 	-6.1087679606257040e-009 	3.8820699596089319e-007
5.6000000000000000e+002 	3.9309661532438783e-007 	-5.8443287009471208e-009 	3.8725228662344072e-007
5.9200000000000000e+002 	3.9183938012561538e-007 	-5.5447621958524474e-009 	3.8629461792976294e-007
6.2400000000000000e+002 	3.9054442938239236e-007 	-5.2117265892961773e-009 	3.8533270279309620e-007
6.5600000000000000e+002 	3.8921243077602650e-007 	-4.8474585571933703e-009 	3.8436497221883315e-007
6.8800000000000000e+002 	3.8784434653328919e-007 	-4.4545612877219431e-009 	3.8338978524556725e-007
7.2000000000000000e+002 	3.8644139393080549e-007 	-4.0358266346103046e-009 	3.8240556729619520e-007
7.5200000000000000e+002 	3.8500498993082167e-007 	-3.5940965520349660e-009 	3.8141089337878671e-007
8.1600000000000000e+002 	3.8209035670702118e-007 	-2.6559986938257952e-009 	3.7943435801319538e-007
8.8000000000000000e+002 	3.7896232239391617e-007 	-1.6578412314505332e-009 	3.7730448116246566e-007
9.4400000000000000e+002 	3.7578364335667512e-007 	-6.1641067159864434e-010 	3.7516723268507650e-007
1.0080000000000000e+003 	3.7251709414607162e-007 	4.5361051822044493e-010 	3.7297070466429204e-007
1.0720000000000000e+003 	3.6917487757293687e-007 	1.5398988728671858e-009 	3.7071477644580406e-007
1.1360000000000000e+003 	3.6576842502914109e-007 	2.6323278853323973e-009 	3.6840075291447346e-007
1.2000000000000000e+003 	3.6230833012536336e-007 	3.7226650888147877e-009 	3.6603099521417817e-007
1.2640000000000000e+003 	3.5880435943420571e-007 	4.8042502616791259e-009 	3.6360860969588484e-007
1.3280000000000000e+003 	3.5526549662878405e-007 	5.8717060467724531e-009 	3.6113720267555651e-007
1.3920000000000000e+003 	3.5169999620835019e-007 	6.9206974565251844e-009 	3.5862069366487538e-007
1.4560000000000000e+003 	3.4811543555436716e-007 	7.9477398441313819e-009 	3.5606317539849856e-007
1.5840000000000000e+003 	3.4100404201985503e-007 	9.9230858891305670e-009 	3.5092712790898561e-007
1.7120000000000000e+003 	3.3373235414073053e-007 	1.1785368765213124e-008 	3.4551772290594365e-007
1.8400000000000000e+003 	3.2657842792364360e-007 	1.3525964189301383e-008 	3.4010439211294499e-007
1.9680000000000000e+003 	3.1949478069495002e-007 	1.5140284804512763e-008 	3.3463506549946280e-007
2.0960000000000000e+003 	3.1250800592500709e-007 	1.6627182820217809e-008 	3.2913518874522489e-007
2.2240000000000000e+003 	3.0563918105888258e-007 	1.7988188753855676e-008 	3.2362736981273826e-007
2.3520000000000000e+003 	2.9890450709166268e-007 	1.9226812833102425e-008 	3.1813131992476508e-007
2.4800000000000000e+003 	2.9231599385235780e-007 	2.0347965569745707e-008 	3.1266395942210353e-007
2.6080000000000000e+003 	2.8588211844009087e-007 	2.1357496404288789e-008 	3.0723961484437964e-007
2.7360000000000000e+003 	2.7960842808796312e-007 	2.2261833128918306e-008 	3.0187026121688145e-007
2.8640000000000000e+003 	2.7349807644877120e-007 	2.3067703717263324e-008 	2.9656578016603450e-007
3.1200000000000000e+003 	2.6187712121250103e-007 	2.4419878192545846e-008 	2.8629699940504685e-007
3.3760000000000000e+003 	2.5068559007565092e-007 	2.5459927953637292e-008 	2.7614551802928822e-007
3.6320000000000000e+003 	2.4022779956845438e-007 	2.6234023625991980e-008 	2.6646182319444638e-007
3.8880000000000000e+003 	2.3036803445118381e-007 	2.6784805859739492e-008 	2.5715284031092332e-007
4.1440000000000000e+003 	2.2107431067462029e-007 	2.7150013444863602e-008 	2.4822432411948389e-007
4.4000000000000000e+003 	2.1231284582073482e-007 	2.7362200510977262e-008 	2.3967504633171209e-007
4.6560000000000000e+003 	2.0404982705485580e-007 	2.7448978878374919e-008 	2.3149880593323071e-007
4.9120000000000000e+003 	1.9625249978320641e-007 	2.7433502313737622e-008 	2.2368600209694402e-007
5.1680000000000000e+003 	1.8888976439084730e-007 	2.7335037392854392e-008 	2.1622480178370168e-007
5.4240000000000000e+003 	1.8193244838767473e-007 	2.7169535900257793e-008 	2.0910198428793253e-007
5.6800000000000000e+003 	1.7535337974570419e-007 	2.6950165016938968e-008 	2.0230354476264316e-007
5.9360000000000000e+003 	1.6912734727412759e-007 	2.6687775910828135e-008 	1.9581512318495574e-007
6.1920000000000000e+003 	1.6323100273592101e-007 	2.6391305719163923e-008 	1.8962230845508495e-007
6.7040000000000000e+003 	1.5243847059939968e-007 	2.5731068320875548e-008 	1.7816953892027523e-007
7.2160000000000000e+003 	1.4248263174127401e-007 	2.5005611457028622e-008 	1.6748824319830262e-007
7.7280000000000000e+003 	1.3359934950300670e-007 	2.4244111121821159e-008 	1.5784346062482788e-007
8.2400000000000000e+003 	1.2555510445662638e-007 	2.3467983405233347e-008 	1.4902308786185972e-007
8.7520000000000000e+003 	1.1825098649191458e-007 	2.2692224288125501e-008 	1.4094321078004007e-007
9.2640000000000000e+003 	1.1160102840170118e-007 	2.1927023458454305e-008 	1.3352805186015548e-007
9.7760000000000000e+003 	1.0553064309557258e-007 	2.1179121281773186e-008 	1.2670976437734576e-007
1.0288000000000000e+004 	9.9975074364433091e-008 	2.0452829960006082e-008 	1.2042790432443918e-007
1.0800000000000000e+004 	9.4878008220141865e-008 	1.9750766847559922e-008 	1.1462877506770179e-007
1.1312000000000000e+004 	9.0190370383317912e-008 	1.9074370310236006e-008 	1.0926474069355391e-007
1.1824000000000000e+004 	8.5869297871362809e-008 	1.8424260177274533e-008 	1.0429355804863734e-007
1.2336000000000000e+004 	8.1877263254623703e-008 	1.7800490184248755e-008 	9.9677753438872458e-008
1.3360000000000000e+004 	7.4834758337956806e-008 	1.6629404918662844e-008 	9.1464163256619656e-008
1.4384000000000000e+004 	6.8530701549612291e-008 	1.5556001325466779e-008 	8.4086702875079063e-008
1.5408000000000000e+004 	6.3151515923329701e-008 	1.4573560492802596e-008 	7.7725076416132292e-008
1.6432000000000000e+004 	5.8444838225649405e-008 	1.3674672359578671e-008 	7.2119510585228069e-008
1.7456000000000000e+004 	5.4300381919339493e-008 	1.2851861133158238e-008 	6.7152243052497725e-008
1.8480000000000000e+004 	5.0629086185354199e-008 	1.2097942457406052e-008 	6.2727028642760257e-008
1.9504000000000000e+004 	4.7358845657775903e-008 	1.1406221420356026e-008 	5.8765067078131929e-008
2.0528000000000000e+004 	4.4430930480012235e-008 	1.0770581794566528e-008 	5.5201512274578763e-008
2.1552000000000000e+004 	4.1797155518101255e-008 	1.0185502966683391e-008 	5.1982658484784643e-008
2.2576000000000000e+004 	3.9417687805309671e-008 	9.6460365374582115e-009 	4.9063724342767883e-008
2.3600000000000000e+004 	3.7259356051785117e-008 	9.1477638990817876e-009 	4.6407119950866906e-008
2.5648000000000000e+004 	3.3546703931608741e-008 	8.2552808436673562e-009 	4.1801984775276095e-008
2.7696000000000000e+004 	3.0291839647750866e-008 	7.4858567172455451e-009 	3.7777696364996415e-008
2.9744000000000000e+004 	2.7596183488349487e-008 	6.8192878932421756e-009 	3.4415471381591660e-008
3.1792000000000000e+004 	2.5288590386613409e-008 	6.2386019352889354e-009 	3.1527192321902348e-008
3.3840000000000000e+004 	2.3294496373081130e-008 	5.7299039341557779e-009 	2.9024400307236906e-008
3.5888000000000000e+004 	2.1556463244415609e-008 	5.2818824628542655e-009 	2.6838345707269873e-008
3.7936000000000000e+004 	2.0029920557833091e-008 	4.8853172544097551e-009 	2.4915237812242847e-008
3.9984000000000000e+004 	1.8679896224624759e-008 	4.5326567518258032e-009 	2.3212552976450562e-008
4.2032000000000000e+004 	1.7478614592788520e-008 	4.2176771609859857e-009 	2.1696291753774505e-008
4.4080000000000000e+004 	1.6403753340874642e-008 	3.9352144546849226e-009 	2.0338967795559563e-008
4.6128000000000000e+004 	1.5437174999455617e-008 	3.6809554071715222e-009 	1.9118130406627138e-008
5.0224000000000000e+004 	1.3791820533804049e-008 	3.2395538774455285e-009 	1.7031374411249576e-008
5.4320000000000000e+004 	1.2366138022811448e-008 	2.8747772619103083e-009 	1.5240915284721757e-008
5.8416000000000000e+004 	1.1199944953649401e-008 	2.5705581169752261e-009 	1.3770503070624626e-008
6.2512000000000000e+004 	1.0211331567147051e-008 	2.3142525226450486e-009 	1.2525584089792099e-008
6.6608000000000000e+004 	9.3640744353186510e-009 	2.0961487862646937e-009 	1.1460223221583346e-008
7.0704000000000000e+004 	8.6308231646106404e-009 	1.9088000353434223e-009 	1.0539623199954063e-008
7.4800000000000000e+004 	7.9907277919672701e-009 	1.7464637130865479e-009 	9.7371915050538184e-009
7.8896000000000000e+004 	7.4276767202234897e-009 	1.6046742087947713e-009 	9.0323509290182606e-009
8.2992000000000000e+004 	6.9290392106996090e-009 	1.4799261046694760e-009 	8.4089653153690852e-009
8.7088000000000000e+004 	6.4847761315985298e-009 	1.3694409090805905e-009 	7.8542170406791197e-009
9.1184000000000000e+004 	6.0868074424412798e-009 	1.2709952455566740e-009 	7.3578026879979538e-009
9.5280000000000000e+004 	5.7285564314428494e-009 	1.1827936672060848e-009 	6.9113500986489342e-009
9.9376000000000000e+004 	5.4046161353904505e-009 	1.1033737282596992e-009 	6.5079898636501497e-009
1.0347200000000000e+005 	5.1105012700873905e-009 	1.0315344658151557e-009 	6.1420357359025464e-009
1.0756800000000000e+005 	4.8424609633561397e-009 	9.6628195277583522e-010 	5.8087429161319750e-009
2000 0
2.0000000000000000e+003 0.0000000000000000e+000 -3.9750000000000000e+002
1
1 1 1 1
1
         t, ms                         dVp, mV                         dVs, mV                         dV, mV
1.0000000000000000e+001 	-4.4389403772470997e-007 	-1.0829334729881795e-007 	-5.5218738502352789e-007
1.2000000000000000e+001 	-4.4389403783187399e-007 	-1.0829334742698877e-007 	-5.5218738525886276e-007
1.4000000000000000e+001 	-4.4389403794095002e-007 	-1.0829334749038643e-007 	-5.5218738543133645e-007
1.6000000000000000e+001 	-4.4389403805117701e-007 	-1.0829334721684267e-007 	-5.5218738526801971e-007
1.8000000000000000e+001 	-4.4389403816263400e-007 	-1.0829334630550303e-007 	-5.5218738446813707e-007
2.0000000000000000e+001 	-4.4389403827555398e-007 	-1.0829334466304490e-007 	-5.5218738293859885e-007
2.2000000000000000e+001 	-4.4389403838910801e-007 	-1.0829334258206553e-007 	-5.5218738097117351e-007
2.4000000000000000e+001 	-4.4389403850345401e-007 	-1.0829334073799656e-007 	-5.5218737924145060e-007
2.6000000000000000e+001 	-4.4389403861888698e-007 	-1.0829334000811314e-007 	-5.5218737862700009e-007
2.8000000000000000e+001 	-4.4389403873519100e-007 	-1.0829334121001943e-007 	-5.5218737994521046e-007
3.2000000000000000e+001 	-4.4389403896995699e-007 	-1.0829335071804641e-007 	-5.5218738968800344e-007
3.6000000000000000e+001 	-4.4389403920800803e-007 	-1.0829336747260124e-007 	-5.5218740668060922e-007
4.0000000000000000e+001 	-4.4389403944963000e-007 	-1.0829338656724015e-007 	-5.5218742601687015e-007
4.4000000000000000e+001 	-4.4389403969424300e-007 	-1.0829340195239481e-007 	-5.5218744164663782e-007
4.8000000000000000e+001 	-4.4389403994051598e-007 	-1.0829340860857520e-007 	-5.5218744854909120e-007
5.2000000000000000e+001 	-4.4389404018317699e-007 	-1.0829340390725274e-007 	-5.5218744409042973e-007
5.6000000000000000e+001 	-4.4389404040678702e-007 	-1.0829338788752376e-007 	-5.5218742829431082e-007
6.0000000000000000e+001 	-4.4389404056956102e-007 	-1.0829336264518716e-007 	-5.5218740321474818e-007
6.4000000000000000e+001 	-4.4389404056892099e-007 	-1.0829333121105575e-007 	-5.5218737177997675e-007
6.8000000000000000e+001 	-4.4389404017115098e-007 	-1.0829329628164336e-007 	-5.5218733645279437e-007
7.2000000000000000e+001 	-4.4389403888067299e-007 	-1.0829325906443281e-007 	-5.5218729794510577e-007
8.0000000000000000e+001 	-4.4389402266356399e-007 	-1.0829315999535080e-007 	-5.5218718265891484e-007
8.8000000000000000e+001 	-4.4389395410256598e-007 	-1.0829297982397243e-007 	-5.5218693392653844e-007
9.6000000000000000e+001 	-4.4389373498602600e-007 	-1.0829262345015557e-007 	-5.5218635843618157e-007
1.0400000000000000e+002 	-4.4389314908377100e-007 	-1.0829195908029783e-007 	-5.5218510816406886e-007
1.1200000000000000e+002 	-4.4389177603315602e-007 	-1.0829082735127204e-007 	-5.5218260338442810e-007
1.2000000000000000e+002 	-4.4388887658925301e-007 	-1.0828905199956039e-007 	-5.5217792858881343e-007
1.2800000000000000e+002 	-4.4388325482359499e-007 	-1.0828644998739252e-007 	-5.5216970481098755e-007
1.3600000000000000e+002 	-4.4387310858374098e-007 	-1.0828284031488212e-007 	-5.5215594889862314e-007
1.4400000000000000e+002 	-4.4385588374838500e-007 	-1.0827805165459794e-007 	-5.5213393540298295e-007
1.5200000000000000e+002 	-4.4382814944148102e-007 	-1.0827192927360368e-007 	-5.5210007871508474e-007
1.6000000000000000e+002 	-4.4378551008353799e-007 	-1.0826434154912870e-007 	-5.5204985163266666e-007
1.7600000000000000e+002 	-4.4362327248547700e-007 	-1.0824435722108843e-007 	-5.5186762970656540e-007
1.9200000000000000e+002 	-4.4331782101908901e-007 	-1.0821790442789094e-007 	-5.5153572544697995e-007
2.0800000000000000e+002 	-4.4280579571101298e-007 	-1.0818519115179605e-007 	-5.5099098686280906e-007
2.2400000000000000e+002 	-4.4201763724960397e-007 	-1.0814678687078926e-007 	-5.5016442412039319e-007
2.4000000000000000e+002 	-4.4088333631360801e-007 	-1.0810344481049880e-007 	-5.4898678112410681e-007
2.5600000000000000e+002 	-4.3933781502450602e-007 	-1.0805585570145685e-007 	-5.4739367072596288e-007
2.7200000000000000e+002 	-4.3732538986376297e-007 	-1.0800439567138399e-007 	-5.4532978553514699e-007
2.8800000000000000e+002 	-4.3480293514933102e-007 	-1.0794891896761956e-007 	-5.4275185411695054e-007
3.0400000000000000e+002 	-4.3174162586574601e-007 	-1.0788862728122884e-007 	-5.3963025314697487e-007
3.2000000000000000e+002 	-4.2812736001816998e-007 	-1.0782202671183703e-007 	-5.3594938673000701e-007
3.3600000000000000e+002 	-4.2396010148423999e-007 	-1.0774696600629033e-007 	-5.3170706749053037e-007
3.5200000000000000e+002 	-4.1925244468471298e-007 	-1.0766073838832349e-007 	-5.2691318307303643e-007
3.6800000000000000e+002 	-4.1402770109934398e-007 	-1.0756022440011124e-007 	-5.2158792549945524e-007
4.0000000000000000e+002 	-4.0221619652206402e-007 	-1.0729839150809035e-007 	-5.0951458803015441e-007
4.3200000000000000e+002 	-3.8881845197144700e-007 	-1.0693835062387351e-007 	-4.9575680259532057e-007
4.6400000000000000e+002 	-3.7417343716655902e-007 	-1.0645799421762200e-007 	-4.8063143138418099e-007
4.9600000000000000e+002 	-3.5862724076036498e-007 	-1.0583938492084521e-007 	-4.6446662568121017e-007
5.2800000000000000e+002 	-3.4250642979579701e-007 	-1.0507024330427660e-007 	-4.4757667310007360e-007
5.6000000000000000e+002 	-3.2610182620440202e-007 	-1.0414432386410441e-007 	-4.3024615006850642e-007
5.9200000000000000e+002 	-3.0966072282055100e-007 	-1.0306105267860247e-007 	-4.1272177549915348e-007
6.2400000000000000e+002 	-2.9338525452217802e-007 	-1.0182472870562612e-007 	-3.9520998322780416e-007
6.5600000000000000e+002 	-2.7743474629355200e-007 	-1.0044352619523977e-007 	-3.7787827248879177e-007
6.8800000000000000e+002 	-2.6193026119225103e-007 	-9.8928468184609191e-008 	-3.6085872937686022e-007
7.2000000000000000e+002 	-2.4696006448541299e-007 	-9.7292478467740337e-008 	-3.4425254295315330e-007
7.5200000000000000e+002 	-2.3258517301010000e-007 	-9.5549568461705616e-008 	-3.2813474147180562e-007
8.1600000000000000e+002 	-2.0577231171354499e-007 	-9.1818847681418733e-008 	-2.9759115939496371e-007
8.8000000000000000e+002 	-1.8156019074180601e-007 	-8.7832886284788372e-008 	-2.6939307702659440e-007
9.4400000000000000e+002 	-1.5990821905038600e-007 	-8.3686707028837471e-008 	-2.4359492607922347e-007
1.0080000000000000e+003 	-1.4069041000128101e-007 	-7.9464809600073463e-008 	-2.2015521960135448e-007
1.0720000000000000e+003 	-1.2372791546619401e-007 	-7.5238017857322079e-008 	-1.9896593332351609e-007
1.1360000000000000e+003 	-1.0881635058093500e-007 	-7.1063148471795366e-008 	-1.7987949905273037e-007
1.2000000000000000e+003 	-9.5745038789602201e-008 	-6.6984063440953563e-008 	-1.6272910223055575e-007
1.2640000000000000e+003 	-8.4309165241244003e-008 	-6.3033324994563869e-008 	-1.4734249023580786e-007
1.3280000000000000e+003 	-7.4316710871899197e-008 	-5.9234015576458510e-008 	-1.3355072644835771e-007
1.3920000000000000e+003 	-6.5591877477524896e-008 	-5.5601487419096790e-008 	-1.2119336489662169e-007
1.4560000000000000e+003 	-5.7976292174875302e-008 	-5.2144928137145399e-008 	-1.1012122031202069e-007
1.5840000000000000e+003 	-4.5378772701530103e-008 	-4.5771225718111160e-008 	-9.1149998419641256e-008
1.7120000000000000e+003 	-3.5746096539710698e-008 	-4.0101092421300185e-008 	-7.5847188961010890e-008
1.8400000000000000e+003 	-2.8395456097434200e-008 	-3.5099540364401034e-008 	-6.3494996461835237e-008
1.9680000000000000e+003 	-2.2777475105922700e-008 	-3.0715649588223459e-008 	-5.3493124694146162e-008
2.0960000000000000e+003 	-1.8467235727419700e-008 	-2.6890263973231541e-008 	-4.5357499700651239e-008
2.2240000000000000e+003 	-1.5142509090962899e-008 	-2.3561984462892446e-008 	-3.8704493553855345e-008
2.3520000000000000e+003 	-1.2561353711338601e-008 	-2.0671155435332881e-008 	-3.3232509146671480e-008
2.4800000000000000e+003 	-1.0542907975915499e-008 	-1.8162186609400961e-008 	-2.8705094585316461e-008
2.6080000000000000e+003 	-8.9521034780317998e-009 	-1.5984688746054735e-008 	-2.4936792224086537e-008
2.7360000000000000e+003 	-7.6879456499223203e-009 	-1.4093840220172595e-008 	-2.1781785870094915e-008
2.8640000000000000e+003 	-6.6747115695986600e-009 	-1.2450290864974465e-008 	-1.9125002434573127e-008
3.1200000000000000e+003 	-5.1410560839528202e-009 	-9.7384850814548258e-009 	-1.4879541165407645e-008
3.3760000000000000e+003 	-4.1072006761176697e-009 	-7.6675698254673903e-009 	-1.1774770501585059e-008
3.6320000000000000e+003 	-3.3954987474891600e-009 	-6.0824932950934487e-009 	-9.4779920425826091e-009
3.8880000000000000e+003 	-2.8891775724545901e-009 	-4.8618003023378953e-009 	-7.7509778747924854e-009
4.1440000000000000e+003 	-2.5150635964784201e-009 	-3.9139194476589882e-009 	-6.4289830441374083e-009
4.4000000000000000e+003 	-2.2281335122895300e-009 	-3.1710586852538707e-009 	-5.3991921975434003e-009
4.6560000000000000e+003 	-2.0006338636973999e-009 	-2.5833600336995905e-009 	-4.5839938973969904e-009
4.9120000000000000e+003 	-1.8151674907361000e-009 	-2.1141208064346847e-009 	-3.9292882971707851e-009
5.1680000000000000e+003 	-1.6605262309821000e-009 	-1.7361774264022946e-009 	-3.3967036573843948e-009
5.4240000000000000e+003 	-1.5292425868095900e-009 	-1.4292712889178235e-009 	-2.9585138757274135e-009
5.6800000000000000e+003 	-1.4161614766551101e-009 	-1.1781597341341805e-009 	-2.5943212107892904e-009
5.9360000000000000e+003 	-1.3176009261876601e-009 	-9.7126684330540327e-010 	-2.2888677694930636e-009
6.1920000000000000e+003 	-1.2308495100555400e-009 	-7.9971829306739803e-010 	-2.0305678031229382e-009
6.7040000000000000e+003 	-1.0832928346895800e-009 	-5.3056821445712009e-010 	-1.6138610491467001e-009
7.2160000000000000e+003 	-9.6424631007086100e-010 	-3.3998039897201025e-010 	-1.3042267090428712e-009
7.7280000000000000e+003 	-8.6652080145269797e-010 	-2.0425436882143699e-010 	-1.0707751702741350e-009
8.2400000000000000e+003 	-7.8491997634483800e-010 	-1.0645424841639649e-010 	-8.9137422476123452e-010
8.7520000000000000e+003 	-7.1575412291820199e-010 	-3.5053723220645441e-011 	-7.5080784613884741e-010
9.2640000000000000e+003 	-6.5638175020852200e-010 	1.7645484457658052e-011 	-6.3873626575086391e-010
9.7760000000000000e+003 	-6.0487350239792099e-010 	5.6836094880184364e-011 	-5.4803740751773660e-010
1.0288000000000000e+004 	-5.5978640407293598e-010 	8.6099958351449054e-011 	-4.7368644572148692e-010
1.0800000000000000e+004 	-5.2001634753560304e-010 	1.0796355916986093e-010 	-4.1205278836574212e-010
1.1312000000000000e+004 	-4.8470140799224599e-010 	1.2424310961986354e-010 	-3.6045829837238244e-010
1.1824000000000000e+004 	-4.5315721766234399e-010 	1.3626569995551222e-010 	-3.1689151770683177e-010
1.2336000000000000e+004 	-4.2483259429889200e-010 	1.4501519222262292e-010 	-2.7981740207626911e-010
1.3360000000000000e+004 	-3.7570384837644101e-010 	1.5631727402836684e-010 	-2.1938657434807417e-010
1.4384000000000000e+004 	-3.3508262235314798e-010 	1.6087863206370783e-010 	-1.7420399028944016e-010
1.5408000000000000e+004 	-3.0111906629358998e-010 	1.6116007454193978e-010 	-1.3995899175165020e-010
1.6432000000000000e+004 	-2.7238958291539798e-010 	1.5894947360699778e-010 	-1.1344010930840021e-010
1.7456000000000000e+004 	-2.4782242383306599e-010 	1.5529636630487133e-010 	-9.2526057528194663e-011
1.8480000000000000e+004 	-2.2661033915354101e-010 	1.5081240617433907e-010 	-7.5797932979201941e-011
1.9504000000000000e+004 	-2.0813885914628600e-010 	1.4588367942026449e-010 	-6.2255179726021505e-011
2.0528000000000000e+004 	-1.9193348996202400e-010 	1.4076219741004292e-010 	-5.1171292551981073e-011
2.1552000000000000e+004 	-1.7762229346833700e-010 	1.3561044486600538e-010 	-4.2011848602331622e-011
2.2576000000000000e+004 	-1.6490957095309999e-010 	1.3053078716697275e-010 	-3.4378783786127242e-011
2.3600000000000000e+004 	-1.5355721924935201e-010 	1.2558610617002655e-010 	-2.7971113079325455e-011
2.5648000000000000e+004 	-1.3401164549626401e-010 	1.1640645530281417e-010 	-1.7605190193449841e-011
2.7696000000000000e+004 	-1.1802490700368901e-010 	1.0778311846141341e-010 	-1.0241788542275602e-011
2.9744000000000000e+004 	-1.0480334876420600e-010 	9.9930966631882985e-011 	-4.8723821323230198e-012
3.1792000000000000e+004 	-9.3738556290796906e-011 	9.2889667741754036e-011 	-8.4888854904287004e-013
3.3840000000000000e+004 	-8.4374670359142599e-011 	8.6564411719065848e-011 	2.1897413599232483e-012
3.5888000000000000e+004 	-7.6370232383241795e-011 	8.0863617648787268e-011 	4.4933852655454732e-012
3.7936000000000000e+004 	-6.9466912412515897e-011 	7.5715022484856950e-011 	6.2481100723410535e-012
3.9984000000000000e+004 	-6.3466516068140405e-011 	7.1055757842729861e-011 	7.5892417745894558e-012
4.2032000000000000e+004 	-5.8214718146598901e-011 	6.6829194903790931e-011 	8.6144767571920293e-012
4.4080000000000000e+004 	-5.3589649092917499e-011 	6.2985018852818882e-011 	9.3953697599013831e-012
4.6128000000000000e+004 	-4.9493832479202502e-011 	5.9479180192041200e-011 	9.9853477128386981e-012
5.0224000000000000e+004 	-4.2516248450378102e-011 	5.3368010440279250e-011 	1.0851761989901148e-011
5.4320000000000000e+004 	-3.6895675598225602e-011 	4.8093993525019874e-011 	1.1198317926794273e-011
5.8416000000000000e+004 	-3.2315866368480602e-011 	4.3621737647209041e-011 	1.1305871278728439e-011
6.2512000000000000e+004 	-2.8536913581207899e-011 	3.9803676112533143e-011 	1.1266762531325245e-011
6.6608000000000000e+004 	-2.5381121392573900e-011 	3.6502171143168895e-011 	1.1121049750594995e-011
7.0704000000000000e+004 	-2.2716978416247001e-011 	3.3621804302217814e-011 	1.0904825885970813e-011
7.4800000000000000e+004 	-2.0446182998903002e-011 	3.1091210728593770e-011 	1.0645027729690768e-011
7.8896000000000000e+004 	-1.8494198596281199e-011 	2.8853616681983502e-011 	1.0359418085702303e-011
8.2992000000000000e+004 	-1.6803637341466201e-011 	2.6863310786868013e-011 	1.0059673445401812e-011
8.7088000000000000e+004 	-1.5329663418825099e-011 	2.5083324702821392e-011 	9.7536612839962933e-012
9.1184000000000000e+004 	-1.4036778201058100e-011 	2.3483542408264464e-011 	9.4467642072063636e-012
9.5280000000000000e+004 	-1.2896540176645501e-011 	2.2039223707545247e-011 	9.1426835308997470e-012
9.9376000000000000e+004 	-1.1885920606454301e-011 	2.0729880109488490e-011 	8.8439595030341889e-012
1.0347200000000000e+005 	-1.0986097435752900e-011 	1.9538412051115467e-011 	8.5523146153625669e-012
1.0756800000000000e+005 	-1.0181556531135300e-011 	1.8450446149889296e-011 	8.2688896187539952e-012
4000 0
4.0000000000000000e+003 0.0000000000000000e+000 -3.9750000000000000e+002
1
1 1 1 1
1
         t, ms                         dVp, mV                         dVs, mV                         dV, mV
1.0000000000000000e+001 	-3.6306879974845097e-008 	7.2535454828792190e-009 	-2.9053334491965877e-008
1.2000000000000000e+001 	-3.6306879976492100e-008 	7.2535454619327403e-009 	-2.9053334514559359e-008
1.4000000000000000e+001 	-3.6306879978130500e-008 	7.2535454673769204e-009 	-2.9053334510753578e-008
1.6000000000000000e+001 	-3.6306879979815003e-008 	7.2535455496955354e-009 	-2.9053334430119469e-008
1.8000000000000000e+001 	-3.6306879981494901e-008 	7.2535457371940256e-009 	-2.9053334244300875e-008
2.0000000000000000e+001 	-3.6306879983138403e-008 	7.2535460003452528e-009 	-2.9053333982793150e-008
2.2000000000000000e+001 	-3.6306879984833197e-008 	7.2535462488128702e-009 	-2.9053333736020325e-008
2.4000000000000000e+001 	-3.6306879986494301e-008 	7.2535463606961560e-009 	-2.9053333625798145e-008
2.6000000000000000e+001 	-3.6306879988153103e-008 	7.2535462238342739e-009 	-2.9053333764318829e-008
2.8000000000000000e+001 	-3.6306879989817701e-008 	7.2535457685600502e-009 	-2.9053334221257651e-008
3.2000000000000000e+001 	-3.6306879993557299e-008 	7.2535440057134359e-009 	-2.9053335987843863e-008
3.6000000000000000e+001 	-3.6306879997283099e-008 	7.2535415788143017e-009 	-2.9053338418468797e-008
4.0000000000000000e+001 	-3.6306880000953200e-008 	7.2535392823810872e-009 	-2.9053340718572114e-008
4.4000000000000000e+001 	-3.6306880004505398e-008 	7.2535379995222891e-009 	-2.9053342004983110e-008
4.8000000000000000e+001 	-3.6306880008030200e-008 	7.2535385389255770e-009 	-2.9053341469104622e-008
5.2000000000000000e+001 	-3.6306880011514100e-008 	7.2535415312067198e-009 	-2.9053338480307380e-008
5.6000000000000000e+001 	-3.6306880015047101e-008 	7.2535473697997339e-009 	-2.9053332645247367e-008
6.0000000000000000e+001 	-3.6306880018509301e-008 	7.2535561793207303e-009 	-2.9053323839188571e-008
6.4000000000000000e+001 	-3.6306880022021603e-008 	7.2535678025416410e-009 	-2.9053312219479964e-008
6.8000000000000000e+001 	-3.6306880025538398e-008 	7.2535818032047002e-009 	-2.9053298222333699e-008
7.2000000000000000e+001 	-3.6306880029065403e-008 	7.2535974835980150e-009 	-2.9053282545467386e-008
8.0000000000000000e+001 	-3.6306880035967901e-008 	7.2536283359107308e-009 	-2.9053251700057169e-008
8.8000000000000000e+001 	-3.6306880042963401e-008 	7.2536516614549640e-009 	-2.9053228381508436e-008
9.6000000000000000e+001 	-3.6306880049870703e-008 	7.2536572179397888e-009 	-2.9053222831930912e-008
1.0400000000000000e+002 	-3.6306880056351901e-008 	7.2536344262829014e-009 	-2.9053245630068999e-008
1.1200000000000000e+002 	-3.6306880063051098e-008 	7.2535733119889569e-009 	-2.9053306751062143e-008
1.2000000000000000e+002 	-3.6306880074544197e-008 	7.2534651767242186e-009 	-2.9053414897819979e-008
1.2800000000000000e+002 	-3.6306880102236900e-008 	7.2533030127463043e-009 	-2.9053577089490597e-008
1.3600000000000000e+002 	-3.6306880159876698e-008 	7.2530816987838080e-009 	-2.9053798461092892e-008
1.4400000000000000e+002 	-3.6306880237613703e-008 	7.2527980196480366e-009 	-2.9054082217965668e-008
1.5200000000000000e+002 	-3.6306880232679101e-008 	7.2524505373780840e-009 	-2.9054429695301015e-008
1.6000000000000000e+002 	-3.6306879811435799e-008 	7.2520393224343073e-009 	-2.9054840489001490e-008
1.7600000000000000e+002 	-3.6306869040102500e-008 	7.2510318451548600e-009 	-2.9055837194947640e-008
1.9200000000000000e+002 	-3.6306820735212102e-008 	7.2497783649796363e-009 	-2.9057042370232467e-008
2.0800000000000000e+002 	-3.6306674877727797e-008 	7.2482599926219625e-009 	-2.9058414885105835e-008
2.2400000000000000e+002 	-3.6306322232375103e-008 	7.2464156719645472e-009 	-2.9059906560410557e-008
2.4000000000000000e+002 	-3.6305589198026098e-008 	7.2441243649838906e-009 	-2.9061464833042207e-008
2.5600000000000000e+002 	-3.6304226988956002e-008 	7.2411939482180800e-009 	-2.9063033040737921e-008
2.7200000000000000e+002 	-3.6301907283703101e-008 	7.2373589502741955e-009 	-2.9064548333428905e-008
2.8800000000000000e+002 	-3.6298225124280797e-008 	7.2322871580764653e-009 	-2.9065937966204332e-008
3.0400000000000000e+002 	-3.6292708523602997e-008 	7.2255934317296299e-009 	-2.9067115091873367e-008
3.2000000000000000e+002 	-3.6284833269755602e-008 	7.2168581145889245e-009 	-2.9067975155166676e-008
3.3600000000000000e+002 	-3.6274040921975303e-008 	7.2056472250221492e-009 	-2.9068393696953154e-008
3.5200000000000000e+002 	-3.6259757948605201e-008 	7.1915319841740121e-009 	-2.9068225964431189e-008
3.6800000000000000e+002 	-3.6241414232004501e-008 	7.1741059099793916e-009 	-2.9067308322025109e-008
4.0000000000000000e+002 	-3.6189761897117901e-008 	7.1275299488982311e-009 	-2.9062231948219672e-008
4.3200000000000000e+002 	-3.6115820072771399e-008 	7.0640401317104204e-009 	-2.9051779941060980e-008
4.6400000000000000e+002 	-3.6016713195743102e-008 	6.9822670773386113e-009 	-2.9034446118404489e-008
4.9600000000000000e+002 	-3.5890269090315102e-008 	6.8815215959167492e-009 	-2.9008747494398352e-008
5.2800000000000000e+002 	-3.5735088500800498e-008 	6.7617808152057271e-009 	-2.8973307685594770e-008
5.6000000000000000e+002 	-3.5550494936285698e-008 	6.6235955084416763e-009 	-2.8926899427844020e-008
5.9200000000000000e+002 	-3.5336428000312797e-008 	6.4679703289441060e-009 	-2.8868457671368691e-008
6.2400000000000000e+002 	-3.5093317371759902e-008 	6.2962436289273213e-009 	-2.8797073742832582e-008
6.5600000000000000e+002 	-3.4821960044712698e-008 	6.1099798443046092e-009 	-2.8711980200408087e-008
6.8800000000000000e+002 	-3.4523413408521198e-008 	5.9108794534294160e-009 	-2.8612533955091782e-008
7.2000000000000000e+002 	-3.4198909557858098e-008 	5.7007070404645929e-009 	-2.8498202517393505e-008
7.5200000000000000e+002 	-3.3849791364927699e-008 	5.4812357650726877e-009 	-2.8368555599855010e-008
8.1600000000000000e+002 	-3.3085329288327398e-008 	5.0233873433248724e-009 	-2.8061941945002526e-008
8.8000000000000000e+002 	-3.2240399866461998e-008 	4.5484624791916337e-009 	-2.7691937387270363e-008
9.4400000000000000e+002 	-3.1326343872838202e-008 	4.0672173851168808e-009 	-2.7259126487721319e-008
1.0080000000000000e+003 	-3.0354799716302598e-008 	3.5891099638174828e-009 	-2.6765689752485114e-008
1.0720000000000000e+003 	-2.9337400814549500e-008 	3.1219979602902500e-009 	-2.6215402854259249e-008
1.1360000000000000e+003 	-2.8285575854813100e-008 	2.6721100290430924e-009 	-2.5613465825770007e-008
1.2000000000000000e+003 	-2.7210365306181900e-008 	2.2441462036408888e-009 	-2.4966219102541012e-008
1.2640000000000000e+003 	-2.6122238168875500e-008 	1.8414401100523854e-009 	-2.4280798058823116e-008
1.3280000000000000e+003 	-2.5030919319430499e-008 	1.4661464936915415e-009 	-2.3564772825738959e-008
1.3920000000000000e+003 	-2.3945243586771600e-008 	1.1194327916138734e-009 	-2.2825810795157726e-008
1.4560000000000000e+003 	-2.2873049118402701e-008 	8.0166209947626382e-010 	-2.2071387018926436e-008
1.5840000000000000e+003 	-2.0801313679241401e-008 	2.4996128209162016e-010 	-2.0551352397149780e-008
1.7120000000000000e+003 	-1.8848450039493899e-008 	-1.9639795161654719e-010 	-1.9044847991110446e-008
1.8400000000000000e+003 	-1.7038293541027701e-008 	-5.4807183630709970e-010 	-1.7586365377334801e-008
1.9680000000000000e+003 	-1.5384109741170600e-008 	-8.1739520848014843e-010 	-1.6201504949650750e-008
2.0960000000000000e+003 	-1.3889832326436800e-008 	-1.0170563596190551e-009 	-1.4906888686055854e-008
2.2240000000000000e+003 	-1.2552216485945201e-008 	-1.1591587177310999e-009 	-1.3711375203676300e-008
2.3520000000000000e+003 	-1.1363055140274000e-008 	-1.2546611043156443e-009 	-1.2617716244589644e-008
2.4800000000000000e+003 	-1.0311102506338601e-008 	-1.3131161014060490e-009 	-1.1624218607744649e-008
2.6080000000000000e+003 	-9.3835874415152096e-009 	-1.3426143960433604e-009 	-1.0726201837558570e-008
2.7360000000000000e+003 	-8.5673166558050004e-009 	-1.3498563241002740e-009 	-9.9171729799052742e-009
2.8640000000000000e+003 	-7.8494219806729698e-009 	-1.3402917247405036e-009 	-9.1897137054134732e-009
3.1200000000000000e+003 	-6.6484391481709304e-009 	-1.2910043843201080e-009 	-7.9394435324910390e-009
3.3760000000000000e+003 	-5.7111538308883601e-009 	-1.2144904575942651e-009 	-6.9256442884826252e-009
3.6320000000000000e+003 	-4.9758379966817499e-009 	-1.1253126741081448e-009 	-6.1011506707898947e-009
3.8880000000000000e+003 	-4.3928254155497099e-009 	-1.0328719727882206e-009 	-5.4256973883379308e-009
4.1440000000000000e+003 	-3.9241170049668004e-009 	-9.4266181918389138e-010 	-4.8667788241506915e-009
4.4000000000000000e+003 	-3.5414449238100999e-009 	-8.5756193878708784e-010 	-4.3990068625971881e-009
4.6560000000000000e+003 	-3.2240879034849999e-009 	-7.7883660939032236e-010 	-4.0029245128753221e-009
4.9120000000000000e+003 	-2.9569359517054701e-009 	-7.0681548132682249e-010 	-3.6637514330322926e-009
5.1680000000000000e+003 	-2.7289484749067599e-009 	-6.4132494844096249e-010 	-3.3702734233477225e-009
5.4240000000000000e+003 	-2.5319969358703098e-009 	-5.8194667073030039e-010 	-3.1139436066006101e-009
5.6800000000000000e+003 	-2.3600271847031798e-009 	-5.2816480457103857e-010 	-2.8881919892742186e-009
5.9360000000000000e+003 	-2.2084662010741800e-009 	-4.7944538116880458e-010 	-2.6879115822429847e-009
6.1920000000000000e+003 	-2.0738065804811300e-009 	-4.3527618330452385e-010 	-2.5090827637856538e-009
6.7040000000000000e+003 	-1.8424381128610901e-009 	-3.5823783449561842e-010 	-2.2006759473567086e-009
7.2160000000000000e+003 	-1.6531940692494301e-009 	-2.9434509226469072e-010 	-1.9475391615141207e-009
7.7280000000000000e+003 	-1.4959820079189200e-009 	-2.4116890615584019e-010 	-1.7371509140747602e-009
8.2400000000000000e+003 	-1.3633664979378099e-009 	-1.9669786808208053e-010 	-1.5600643660198905e-009
8.7520000000000000e+003 	-1.2499711049087200e-009 	-1.5931480710611050e-010 	-1.4092859120148306e-009
9.2640000000000000e+003 	-1.1518833148374600e-009 	-1.2773297988990567e-010 	-1.2796162947273657e-009
9.7760000000000000e+003 	-1.0662050935867300e-009 	-1.0093034087633798e-010 	-1.1671354344630680e-009
1.0288000000000000e+004 	-9.9074353135954893e-010 	-7.8092027045558380e-011 	-1.0688355584051073e-009
1.0800000000000000e+004 	-9.2380427403222595e-010 	-5.8563833844286486e-011 	-9.8236810787651244e-010
1.1312000000000000e+004 	-8.6405356373101104e-010 	-4.1816313156441782e-011 	-9.0586987688745282e-010
1.1824000000000000e+004 	-8.1042458889314999e-010 	-2.7417588840373143e-011 	-8.3784217773352312e-010
1.2336000000000000e+004 	-7.6205239866715500e-010 	-1.5012778417470700e-011 	-7.7706517708462573e-010
1.3360000000000000e+004 	-6.7769237288668402e-010 	5.2179046076912389e-012 	-6.7247446827899274e-010
1.4384000000000000e+004 	-6.0741385196298000e-010 	2.0356635303170823e-011 	-5.8705721665980918e-010
1.5408000000000000e+004 	-5.4824565864589897e-010 	3.1631404515650889e-011 	-5.1661425413024809e-010
1.6432000000000000e+004 	-4.9788280132448201e-010 	3.9988649296537798e-011 	-4.5789415202794420e-010
1.7456000000000000e+004 	-4.5457541928210402e-010 	4.6137703560142529e-011 	-4.0843771572196147e-010
1.8480000000000000e+004 	-4.1699458749933700e-010 	5.0605017588749516e-011 	-3.6638956991058747e-010
1.9504000000000000e+004 	-3.8412080535457602e-010 	5.3782650828388812e-011 	-3.3033815452618719e-010
2.0528000000000000e+004 	-3.5516111744602203e-010 	5.5965317732765422e-011 	-2.9919579971325662e-010
2.1552000000000000e+004 	-3.2948986521634401e-010 	5.7376744574104892e-011 	-2.7211312064223910e-010
2.2576000000000000e+004 	-3.0660667012142799e-010 	5.8188309757311013e-011 	-2.4841836036411699e-010
2.3600000000000000e+004 	-2.8610643089426002e-010 	5.8532389582230416e-011 	-2.2757404131202961e-010
2.5648000000000000e+004 	-2.5067483340435899e-010 	5.8295963549468820e-011 	-1.9237886985489018e-010
2.7696000000000000e+004 	-2.2154002682308999e-010 	5.7135214512322822e-011 	-1.6440481231076716e-010
2.9744000000000000e+004 	-1.9732699544951001e-010 	5.5405995573880138e-011 	-1.4192099987562987e-010
3.1792000000000000e+004 	-1.7697522977593199e-010 	5.3355956600534768e-011 	-1.2361927317539721e-010
3.3840000000000000e+004 	-1.5968514814744501e-010 	5.1148295178234336e-011 	-1.0853685296921066e-010
3.5888000000000000e+004 	-1.4485415332466000e-010 	4.8887535279967560e-011 	-9.5966618044692444e-011
3.7936000000000000e+004 	-1.3202372607551101e-010 	4.6639529799917314e-011 	-8.5384196275593689e-011
3.9984000000000000e+004 	-1.2084023507647001e-010 	4.4444917010175819e-011 	-7.6395318066294197e-011
4.2032000000000000e+004 	-1.1102702114434100e-010 	4.2327939619310742e-011 	-6.8699081525030261e-011
4.4080000000000000e+004 	-1.0236468209194700e-010 	4.0302201718390455e-011 	-6.2062480373556549e-011
4.6128000000000000e+004 	-9.4677061085548304e-011 	3.8374403633953194e-011 	-5.6302657451595111e-011
5.0224000000000000e+004 	-8.1547237690076906e-011 	3.4816113126279726e-011 	-4.6731124563797180e-011
5.4320000000000000e+004 	-7.0933405841126505e-011 	3.1638799392484009e-011 	-3.9294606448642496e-011
5.8416000000000000e+004 	-6.2256900304079394e-011 	2.8815108025538097e-011 	-3.3441792278541300e-011
6.2512000000000000e+004 	-5.5076938088117000e-011 	2.6311054764620586e-011 	-2.8765883323496414e-011
6.6608000000000000e+004 	-4.9065659513607202e-011 	2.4090706373273809e-011 	-2.4974953140333393e-011
7.0704000000000000e+004 	-4.3979419805953297e-011 	2.2119528249765964e-011 	-2.1859891556187333e-011
7.4800000000000000e+004 	-3.9635400518070500e-011 	2.0365976367875010e-011 	-1.9269424150195490e-011
7.8896000000000000e+004 	-3.5894497836328897e-011 	1.8802044084818873e-011 	-1.7092453751510024e-011
8.2992000000000000e+004 	-3.2649278503054001e-011 	1.7403280454398547e-011 	-1.5245998048655454e-011
8.7088000000000000e+004 	-2.9815575187559803e-011 	1.6148539957632608e-011 	-1.3667035229927195e-011
9.1184000000000000e+004 	-2.7326583999349500e-011 	1.5019623271712051e-011 	-1.2306960727637449e-011
9.5280000000000000e+004 	-2.5128662537782901e-011 	1.4000896620409438e-011 	-1.1127765917373463e-011
9.9376000000000000e+004 	-2.3178289342958500e-011 	1.3078931211637977e-011 	-1.0099358131320522e-011
1.0347200000000000e+005 	-2.1439827061520100e-011 	1.2242179995212932e-011 	-9.1976470663071678e-012
1.0756800000000000e+005 	-1.9883851146989601e-011 	1.1480696875009465e-011 	-8.4031542719801355e-012
6000 0
6.0000000000000000e+003 0.0000000000000000e+000 -3.9750000000000000e+002
1
1 1 1 1
1
         t, ms                         dVp, mV                         dVs, mV                         dV, mV
1.0000000000000000e+001 	-1.5943828000783901e-008 	1.9376737450651769e-009 	-1.4006154255718723e-008
1.2000000000000000e+001 	-1.5943828001047298e-008 	1.9376734620398052e-009 	-1.4006154539007493e-008
1.4000000000000000e+001 	-1.5943828001247000e-008 	1.9376731669781912e-009 	-1.4006154834268809e-008
1.6000000000000000e+001 	-1.5943828001349100e-008 	1.9376732767940172e-009 	-1.4006154724555083e-008
1.8000000000000000e+001 	-1.5943828001502301e-008 	1.9376742446910524e-009 	-1.4006153756811248e-008
2.0000000000000000e+001 	-1.5943828001711501e-008 	1.9376762191454178e-009 	-1.4006151782566084e-008
2.2000000000000000e+001 	-1.5943828001894599e-008 	1.9376788506955695e-009 	-1.4006149151199030e-008
2.4000000000000000e+001 	-1.5943828002071801e-008 	1.9376813583274103e-009 	-1.4006146643744391e-008
2.6000000000000000e+001 	-1.5943828002218801e-008 	1.9376827890705915e-009 	-1.4006145213148209e-008
2.8000000000000000e+001 	-1.5943828002386401e-008 	1.9376823237474630e-009 	-1.4006145678638939e-008
3.2000000000000000e+001 	-1.5943828002609800e-008 	1.9376747927423225e-009 	-1.4006153209867476e-008
3.6000000000000000e+001 	-1.5943828002822402e-008 	1.9376609682446558e-009 	-1.4006167034577746e-008
4.0000000000000000e+001 	-1.5943828003139000e-008 	1.9376456812033774e-009 	-1.4006182321935622e-008
4.4000000000000000e+001 	-1.5943828003462299e-008 	1.9376342790614578e-009 	-1.4006193724400841e-008
4.8000000000000000e+001 	-1.5943828003856000e-008 	1.9376306935150519e-009 	-1.4006197310340949e-008
5.2000000000000000e+001 	-1.5943828004165501e-008 	1.9376364772155818e-009 	-1.4006191526949920e-008
5.6000000000000000e+001 	-1.5943828004519700e-008 	1.9376508304357141e-009 	-1.4006177174083986e-008
6.0000000000000000e+001 	-1.5943828004886201e-008 	1.9376712681367513e-009 	-1.4006156736749449e-008
6.4000000000000000e+001 	-1.5943828005174400e-008 	1.9376945231841044e-009 	-1.4006133481990295e-008
6.8000000000000000e+001 	-1.5943828005461700e-008 	1.9377173875721546e-009 	-1.4006110617889546e-008
7.2000000000000000e+001 	-1.5943828005780300e-008 	1.9377373364606188e-009 	-1.4006090669319681e-008
8.0000000000000000e+001 	-1.5943828007147901e-008 	1.9377648818996331e-009 	-1.4006063125248267e-008
8.8000000000000000e+001 	-1.5943828007770801e-008 	1.9377828351424713e-009 	-1.4006045172628330e-008
9.6000000000000000e+001 	-1.5943828008223199e-008 	1.9378078294823975e-009 	-1.4006020178740803e-008
1.0400000000000000e+002 	-1.5943828008702398e-008 	1.9378646434523208e-009 	-1.4005963365250078e-008
1.1200000000000000e+002 	-1.5943828009194799e-008 	1.9379820564015493e-009 	-1.4005845952793249e-008
1.2000000000000000e+002 	-1.5943828009772098e-008 	1.9381890345050563e-009 	-1.4005638975267042e-008
1.2800000000000000e+002 	-1.5943828010572700e-008 	1.9385119277994025e-009 	-1.4005316082773297e-008
1.3600000000000000e+002 	-1.5943828012040800e-008 	1.9389727809445240e-009 	-1.4004855231096276e-008
1.4400000000000000e+002 	-1.5943828014803001e-008 	1.9395885811533084e-009 	-1.4004239433649692e-008
1.5200000000000000e+002 	-1.5943828018435399e-008 	1.9403711787703996e-009 	-1.4003456839664999e-008
1.6000000000000000e+002 	-1.5943828018459699e-008 	1.9413276290201032e-009 	-1.4002500389439596e-008
1.7600000000000000e+002 	-1.5943827756880800e-008 	1.9437652984827257e-009 	-1.4000062458398074e-008
1.9200000000000000e+002 	-1.5943826193105199e-008 	1.9468776039598011e-009 	-1.3996948589145398e-008
2.0800000000000000e+002 	-1.5943820475515002e-008 	1.9506125656198617e-009 	-1.3993207909895140e-008
2.2400000000000000e+002 	-1.5943804371884598e-008 	1.9548963172063936e-009 	-1.3988908054678204e-008
2.4000000000000000e+002 	-1.5943766240527901e-008 	1.9596398609303411e-009 	-1.3984126379597561e-008
2.5600000000000000e+002 	-1.5943686755678200e-008 	1.9647442038638753e-009 	-1.3978942551814324e-008
2.7200000000000000e+002 	-1.5943536688482499e-008 	1.9701035657702256e-009 	-1.3973433122712273e-008
2.8800000000000000e+002 	-1.5943275058934399e-008 	1.9756071378159789e-009 	-1.3967667921118420e-008
3.0400000000000000e+002 	-1.5942847919074999e-008 	1.9811400494987514e-009 	-1.3961707869576248e-008
3.2000000000000000e+002 	-1.5942187926765000e-008 	1.9865840970751428e-009 	-1.3955603829689857e-008
3.3600000000000000e+002 	-1.5941214752630602e-008 	1.9918185893623719e-009 	-1.3949396163268230e-008
3.5200000000000000e+002 	-1.5939836254964401e-008 	1.9967214717306168e-009 	-1.3943114783233785e-008
3.6800000000000000e+002 	-1.5937950281557101e-008 	2.0011707380616962e-009 	-1.3936779543495405e-008
4.0000000000000000e+002 	-1.5932056598731500e-008 	2.0080835143616618e-009 	-1.3923973084369839e-008
4.3200000000000000e+002 	-1.5922714683452301e-008 	2.0117778978841427e-009 	-1.3910936785568158e-008
4.6400000000000000e+002 	-1.5909053986509099e-008 	2.0115016188358799e-009 	-1.3897552367673219e-008
4.9600000000000000e+002 	-1.5890241194562700e-008 	2.0066056432212985e-009 	-1.3883635551341402e-008
5.2800000000000000e+002 	-1.5865533864697500e-008 	1.9965770929815256e-009 	-1.3868956771715975e-008
5.6000000000000000e+002 	-1.5834312231047700e-008 	1.9810497554726855e-009 	-1.3853262475575015e-008
5.9200000000000000e+002 	-1.5796094620589000e-008 	1.9598011483828786e-009 	-1.3836293472206121e-008
6.2400000000000000e+002 	-1.5750540332469900e-008 	1.9327412694030384e-009 	-1.3817799063066861e-008
6.5600000000000000e+002 	-1.5697443509478099e-008 	1.8998965964677992e-009 	-1.3797546913010300e-008
6.8800000000000000e+002 	-1.5636721179993899e-008 	1.8613919402953925e-009 	-1.3775329239698507e-008
7.2000000000000000e+002 	-1.5568398102011201e-008 	1.8174320011101506e-009 	-1.3750966100901050e-008
7.5200000000000000e+002 	-1.5492590406348201e-008 	1.7682838572216389e-009 	-1.3724306549126562e-008
8.1600000000000000e+002 	-1.5319733580565599e-008 	1.6561892412925203e-009 	-1.3663544339273077e-008
8.8000000000000000e+002 	-1.5120210697600199e-008 	1.5276560750191522e-009 	-1.3592554622581046e-008
9.4400000000000000e+002 	-1.4896613346641701e-008 	1.3855268224966498e-009 	-1.3511086524145050e-008
1.0080000000000000e+003 	-1.4651823704451500e-008 	1.2326733618539108e-009 	-1.3419150342597589e-008
1.0720000000000000e+003 	-1.4388827344506700e-008 	1.0718381426373588e-009 	-1.3316989201869341e-008
1.1360000000000000e+003 	-1.4110576632556200e-008 	9.0554152679484227e-010 	-1.3205035105761357e-008
1.2000000000000000e+003 	-1.3819898483704600e-008 	7.3603472643573558e-010 	-1.3083863757268865e-008
1.2640000000000000e+003 	-1.3519437445497901e-008 	5.6528392392390890e-010 	-1.2954153521573991e-008
1.3280000000000000e+003 	-1.3211624869223399e-008 	3.9497473078435335e-010 	-1.2816650138439046e-008
1.3920000000000000e+003 	-1.2898666265823501e-008 	2.2652894254446795e-010 	-1.2672137323279033e-008
1.4560000000000000e+003 	-1.2582540732126600e-008 	6.1127799063631944e-011 	-1.2521412933062968e-008
1.5840000000000000e+003 	-1.1949429546236699e-008 	-2.5603402432088310e-010 	-1.2205463570557583e-008
1.7120000000000000e+003 	-1.1321910098859500e-008 	-5.5210867261863135e-010 	-1.1874018771478131e-008
1.8400000000000000e+003 	-1.0708282656718400e-008 	-8.2396945634266484e-010 	-1.1532252113061064e-008
1.9680000000000000e+003 	-1.0114989585722300e-008 	-1.0698802136913257e-009 	-1.1184869799413625e-008
2.0960000000000000e+003 	-9.5466794509669102e-009 	-1.2892811699096607e-009 	-1.0835960620876570e-008
2.2240000000000000e+003 	-9.0064537278277293e-009 	-1.4825119466169925e-009 	-1.0488965674444721e-008
2.3520000000000000e+003 	-8.4961450969243096e-009 	-1.6505584622860182e-009 	-1.0146703559210327e-008
2.4800000000000000e+003 	-8.0165761958225994e-009 	-1.7948441553785886e-009 	-9.8114203512011871e-009
2.6080000000000000e+003 	-7.5677845205474405e-009 	-1.9170649759478228e-009 	-9.4848494964952641e-009
2.7360000000000000e+003 	-7.1492122769737301e-009 	-2.0190624007232179e-009 	-9.1682746776969472e-009
2.8640000000000000e+003 	-6.7598641583809298e-009 	-2.1027280620453975e-009 	-8.8625922204263273e-009
3.1200000000000000e+003 	-6.0613301025664699e-009 	-2.2247141869782899e-009 	-8.2860442895447594e-009
3.3760000000000000e+003 	-5.4610534609795402e-009 	-2.2948990104639895e-009 	-7.7559524714435298e-009
3.6320000000000000e+003 	-4.9466269820051703e-009 	-2.3246183331927877e-009 	-7.2712453151979580e-009
3.8880000000000000e+003 	-4.5057356951101599e-009 	-2.3236901007386838e-009 	-6.8294257958488433e-009
4.1440000000000000e+003 	-4.1269613156811900e-009 	-2.3001784811243672e-009 	-6.4271397968055577e-009
4.4000000000000000e+003 	-3.8001907903303601e-009 	-2.2604808003471440e-009 	-6.0606715906775041e-009
4.6560000000000000e+003 	-3.5167508729669701e-009 	-2.2095446476712591e-009 	-5.7262955206382293e-009
4.9120000000000000e+003 	-3.2693693880840299e-009 	-2.1511214485997126e-009 	-5.4204908366837421e-009
5.1680000000000000e+003 	-3.0520413482731701e-009 	-2.0880106755833570e-009 	-5.1400520238565275e-009
5.4240000000000000e+003 	-2.8598548312929999e-009 	-2.0222737780195292e-009 	-4.8821286093125291e-009
5.6800000000000000e+003 	-2.6888112055203998e-009 	-1.9554108624625259e-009 	-4.6442220679829253e-009
5.9360000000000000e+003 	-2.5356588129204701e-009 	-1.8885008854678831e-009 	-4.4241596983883528e-009
6.1920000000000000e+003 	-2.3977486719792000e-009 	-1.8223098375366431e-009 	-4.2200585095158431e-009
6.7040000000000000e+003 	-2.1573630499327798e-009 	-1.6944132993135447e-009 	-3.8517763492463245e-009
7.2160000000000000e+003 	-1.9569549582179499e-009 	-1.5735725851782266e-009 	-3.5305275433961765e-009
7.7280000000000000e+003 	-1.7877316501251399e-009 	-1.4607913774278060e-009 	-3.2485230275529461e-009
8.2400000000000000e+003 	-1.6429940154339900e-009 	-1.3563817485573248e-009 	-2.9993757639913150e-009
8.7520000000000000e+003 	-1.5177499330062299e-009 	-1.2601972943445585e-009 	-2.7779472273507884e-009
9.2640000000000000e+003 	-1.4082726340032500e-009 	-1.1718301801139378e-009 	-2.5801028141171878e-009
9.7760000000000000e+003 	-1.3117438205928299e-009 	-1.0907477349198124e-009 	-2.4024915555126423e-009
1.0288000000000000e+004 	-1.2259952649425500e-009 	-1.0163750139148767e-009 	-2.2423702788574266e-009
1.0800000000000000e+004 	-1.1493290301640401e-009 	-9.4814033492928695e-010 	-2.0974693650933268e-009
1.1312000000000000e+004 	-1.0803933958433000e-009 	-8.8549872446046783e-010 	-1.9658921203037681e-009
1.1824000000000000e+004 	-1.0180964837445499e-009 	-8.2794282879253089e-010 	-1.8460393125370808e-009
1.2336000000000000e+004 	-9.6154509317743307e-010 	-7.7500685649583976e-010 	-1.7365519496732727e-009
1.3360000000000000e+004 	-8.6213938229216195e-010 	-6.8092018035089812e-010 	-1.5430595626430600e-009
1.4384000000000000e+004 	-7.7842074912598403e-010 	-6.0069207751703622e-010 	-1.3791128266430202e-009
1.5408000000000000e+004 	-7.0722300251678996e-010 	-5.3207166787198564e-010 	-1.2392946703887756e-009
1.6432000000000000e+004 	-6.4606266850160000e-010 	-4.7316373461077248e-010 	-1.1192264031123725e-009
1.7456000000000000e+004 	-5.9303256255282402e-010 	-4.2237297063115644e-010 	-1.0154055331839804e-009
1.8480000000000000e+004 	-5.4666760622233298e-010 	-3.7837941000222930e-010 	-9.2504701622456228e-010
1.9504000000000000e+004 	-5.0583146956682395e-010 	-3.4010317846495140e-010 	-8.4593464803177536e-010
2.0528000000000000e+004 	-4.6963125020614700e-010 	-3.0666061139595634e-010 	-7.7629186160210329e-010
2.1552000000000000e+004 	-4.3735576546246901e-010 	-2.7732504111480542e-010 	-7.1468080657727443e-010
2.2576000000000000e+004 	-4.0843130059978102e-010 	-2.5149558831616024e-010 	-6.5992688891594126e-010
2.3600000000000000e+004 	-3.8238967308602701e-010 	-2.2867278021078728e-010 	-6.1106245329681427e-010
2.5648000000000000e+004 	-3.3710910601310598e-010 	-1.9010969282530455e-010 	-5.2721879883841053e-010
2.7696000000000000e+004 	-2.9956495990981200e-010 	-1.5935076490661130e-010 	-4.5891572481642327e-010
2.9744000000000000e+004 	-2.6812397669756800e-010 	-1.3468551234300455e-010 	-4.0280948904057252e-010
3.1792000000000000e+004 	-2.4151467643701002e-010 	-1.1475715425749963e-010 	-3.5627183069450967e-010
3.3840000000000000e+004 	-2.1876913537730999e-010 	-9.8500653035537157e-011 	-3.1726978841284718e-010
3.5888000000000000e+004 	-1.9915095099236400e-010 	-8.5115601684522795e-011 	-2.8426655267688677e-010
3.7936000000000000e+004 	-1.8209476298501201e-010 	-7.4003280215454128e-011 	-2.5609804320046615e-010
3.9984000000000000e+004 	-1.6716094406417001e-010 	-6.4709278127147805e-011 	-2.3187022219131781e-010
4.2032000000000000e+004 	-1.5400298736477500e-010 	-5.6883644744053677e-011 	-2.1088663210882869e-010
4.4080000000000000e+004 	-1.4234424492788700e-010 	-5.0253712852124630e-011 	-1.9259795778001164e-010
4.6128000000000000e+004 	-1.3196124080294701e-010 	-4.4604859207399680e-011 	-1.7656610001034667e-010
5.0224000000000000e+004 	-1.1415442789122700e-010 	-3.5496153634661048e-011 	-1.4965058152588805e-010
5.4320000000000000e+004 	-9.9676708924311803e-011 	-2.8628965469292131e-011 	-1.2830567439360393e-010
5.8416000000000000e+004 	-8.7779043677132094e-011 	-2.3453529840154522e-011 	-1.1123257351728662e-010
6.2512000000000000e+004 	-7.7887046119011996e-011 	-1.9504340554983127e-011 	-9.7391386673995123e-011
6.6608000000000000e+004 	-6.9570539502863496e-011 	-1.6437400488322432e-011 	-8.6007939991185921e-011
7.0704000000000000e+004 	-6.2507696537749302e-011 	-1.4017958039521592e-011 	-7.6525654577270898e-011
7.4800000000000000e+004 	-5.6455517677589802e-011 	-1.2082667692792503e-011 	-6.8538185370382303e-011
7.8896000000000000e+004 	-5.1228052358718899e-011 	-1.0514849443686449e-011 	-6.1742901802405350e-011
8.2992000000000000e+004 	-4.6680952092443102e-011 	-9.2298120646692353e-012 	-5.5910764157112339e-011
8.7088000000000000e+004 	-4.2700612931418498e-011 	-8.1652642334003906e-012 	-5.0865877164818890e-011
9.1184000000000000e+004 	-3.9196498761937303e-011 	-7.2747651091527306e-012 	-4.6471263871090036e-011
9.5280000000000000e+004 	-3.6095642614907800e-011 	-6.5232258465475265e-012 	-4.2618868461455329e-011
9.9376000000000000e+004 	-3.3338645789191397e-011 	-5.8838037549561804e-012 	-3.9222449544147576e-011
1.0347200000000000e+005 	-3.0876720018908303e-011 	-5.3357278994894021e-012 	-3.6212447918397703e-011
1.0756800000000000e+005 	-2.8669467712573400e-011 	-4.8627498319058441e-012 	-3.3532217544479243e-011
