-2550 0
-2.5500000000000000e+003 0.0000000000000000e+000 0.0000000000000000e+000
1
1 1 1 1
1
         t, ms                         dVp, mV                         dVs, mV                         dV, mV
2.5000000000000000e-001 	1.3727670064342629e-001 	-1.3609463006211117e-002 	1.2366723763721518e-001
2.9999999999999999e-001 	1.3748044546551064e-001 	-1.3610636896293748e-002 	1.2386980856921687e-001
3.4999999999999998e-001 	1.3758344525194574e-001 	-1.3611570208558146e-002 	1.2397187504338761e-001
4.0000000000000002e-001 	1.3766113056912671e-001 	-1.3612044928990067e-002 	1.2404908564013660e-001
4.5000000000000001e-001 	1.3773030715613688e-001 	-1.3612120109959675e-002 	1.2411818704617729e-001
5.0000000000000000e-001 	1.3779440275585844e-001 	-1.3611870116036751e-002 	1.2418253263982172e-001
5.5000000000000004e-001 	1.3785411222943617e-001 	-1.3611367032541453e-002 	1.2424274519689471e-001
5.9999999999999998e-001 	1.3790969973155967e-001 	-1.3610674229760117e-002 	1.2429902550179954e-001
6.5000000000000002e-001 	1.3796142186266003e-001 	-1.3609845093528399e-002 	1.2435157676913164e-001
6.9999999999999996e-001 	1.3800956668449768e-001 	-1.3608923688126934e-002 	1.2440064299637067e-001
7.5000000000000000e-001 	1.3805443310635140e-001 	-1.3607945922906844e-002 	1.2444648718344453e-001
8.0000000000000004e-001 	1.3809631195489419e-001 	-1.3606940722665608e-002 	1.2448937123222864e-001
8.4999999999999998e-001 	1.3813547545901778e-001 	-1.3605931075986613e-002 	1.2452954438303110e-001
9.0000000000000002e-001 	1.3817217281156099e-001 	-1.3604934955390975e-002 	1.2456723785616999e-001
9.4999999999999996e-001 	1.3820662922613156e-001 	-1.3603966107367031e-002 	1.2460266311876456e-001
1.0000000000000000e+000 	1.3823904680957838e-001 	-1.3603034750688791e-002 	1.2463601205888948e-001
1.0500000000000000e+000 	1.3826960626460480e-001 	-1.3602148187259017e-002 	1.2466745807734569e-001
1.1000000000000001e+000 	1.3829846891576403e-001 	-1.3601311317743154e-002 	1.2469715759802087e-001
1.1499999999999999e+000 	1.3832577877621119e-001 	-1.3600527085362524e-002 	1.2472525169084867e-001
1.2000000000000000e+000 	1.3835166450064879e-001 	-1.3599817349265152e-002 	1.2475184715138363e-001
1.3000000000000000e+000 	1.3889334646093390e-001 	-1.3598561187429165e-002 	1.2529478527350477e-001
1.3999999999999999e+000 	1.3844334292766414e-001 	-1.3597465364527545e-002 	1.2484587756313668e-001
1.5000000000000000e+000 	1.3848309110192122e-001 	-1.3596546660963167e-002 	1.2488654444095812e-001
1.6000000000000001e+000 	1.3851949962016236e-001 	-1.3595786454411476e-002 	1.2492371316575082e-001
1.7000000000000000e+000 	1.3855300366816331e-001 	-1.3595161393506403e-002 	1.2495784227465685e-001
1.8000000000000000e+000 	1.3858396645665458e-001 	-1.3594646740425849e-002 	1.2498931971622877e-001
1.8999999999999999e+000 	1.3861269201891963e-001 	-1.3594218183899850e-002 	1.2501847383501974e-001
2.0000000000000000e+000 	1.3863943634105427e-001 	-1.3593852863084333e-002 	1.2504558347796993e-001
2.1000000000000001e+000 	1.3866441642135138e-001 	-1.3593529907488276e-002 	1.2507088651386308e-001
2.2000000000000002e+000 	1.3868781747624834e-001 	-1.3593230664953293e-002 	1.2509458681129501e-001
2.2999999999999998e+000 	1.3870979864646407e-001 	-1.3592938733354626e-002 	1.2511685991310942e-001
2.3999999999999999e+000 	1.3873049752063055e-001 	-1.3592639874935175e-002 	1.2513785764569532e-001
2.5000000000000000e+000 	1.3875003375163381e-001 	-1.3592321870786352e-002 	1.2515771188084746e-001
2.6000000000000001e+000 	1.3876851196165949e-001 	-1.3591974347320254e-002 	1.2517653761433922e-001
2.7000000000000002e+000 	1.3878602409120119e-001 	-1.3591588596615869e-002 	1.2519443549458534e-001
2.7999999999999998e+000 	1.3880265131251895e-001 	-1.3591157400653074e-002 	1.2521149391186590e-001
2.8999999999999999e+000 	1.3881846559858121e-001 	-1.3590674871694111e-002 	1.2522779072688714e-001
3.0000000000000000e+000 	1.3883353101197987e-001 	-1.3590136309954768e-002 	1.2524339470202511e-001
3.1000000000000001e+000 	1.3884790477760259e-001 	-1.3589538066887183e-002 	1.2525836671071536e-001
3.2000000000000002e+000 	1.3886163817045358e-001 	-1.3588877427466632e-002 	1.2527276074298688e-001
3.2999999999999998e+000 	1.3887477726969563e-001 	-1.3588152506249410e-002 	1.2528662476344624e-001
3.3999999999999999e+000 	1.3888736359220238e-001 	-1.3587335536262927e-002 	1.2530002805593943e-001
3.6000000000000001e+000 	1.3905595213568264e-001 	-1.3585501644677318e-002 	1.2547045049100533e-001
3.7999999999999998e+000 	1.3893296384577283e-001 	-1.3583461851101973e-002 	1.2534950199467085e-001
4.0000000000000000e+000 	1.3895326392822796e-001 	-1.3581175418258559e-002 	1.2537208850996942e-001
4.2000000000000002e+000 	1.3897214692143245e-001 	-1.3578654325701094e-002 	1.2539349259573138e-001
4.4000000000000004e+000 	1.3898977002627813e-001 	-1.3575916620686886e-002 	1.2541385340559122e-001
4.5999999999999996e+000 	1.3900627049077838e-001 	-1.3572981562425993e-002 	1.2543328892835245e-001
4.7999999999999998e+000 	1.3902176975198161e-001 	-1.3569869150758557e-002 	1.2545190060122310e-001
5.0000000000000000e+000 	1.3903637690510043e-001 	-1.3566600109890825e-002 	1.2546977679520965e-001
5.2000000000000002e+000 	1.3905019129939791e-001 	-1.3563195549865828e-002 	1.2548699574953212e-001
5.4000000000000004e+000 	1.3906330431330005e-001 	-1.3559676469936405e-002 	1.2550362784336355e-001
5.5999999999999996e+000 	1.3907580044930332e-001 	-1.3556063308427256e-002 	1.2551973714087603e-001
5.7999999999999998e+000 	1.3908775791945985e-001 	-1.3552375591377135e-002 	1.2553538232808273e-001
6.0000000000000000e+000 	1.3909924887835182e-001 	-1.3548631689611613e-002 	1.2555061718874022e-001
6.2000000000000002e+000 	1.3911033943542436e-001 	-1.3544848670471656e-002 	1.2556549076495271e-001
6.4000000000000004e+000 	1.3912108956878286e-001 	-1.3541042203820460e-002 	1.2558004736496239e-001
6.5999999999999996e+000 	1.3913155300824159e-001 	-1.3537226532634141e-002 	1.2559432647560750e-001
6.7999999999999998e+000 	1.3914177715460394e-001 	-1.3533414480940868e-002 	1.2560836267366310e-001
7.0000000000000000e+000 	1.3915180306186714e-001 	-1.3529617483158748e-002 	1.2562218557870836e-001
7.2000000000000002e+000 	1.3916166550536793e-001 	-1.3525845640555759e-002 	1.2563581986481218e-001
7.4000000000000004e+000 	1.3917139313251106e-001 	-1.3522107780671517e-002 	1.2564928535183950e-001
7.5999999999999996e+000 	1.3918100869416294e-001 	-1.3518432375622795e-002 	1.2566257631854008e-001
8.0000000000000000e+000 	1.3927801044957497e-001 	-1.3511245526294192e-002 	1.2576676492328076e-001
8.4000000000000004e+000 	1.3921861882581571e-001 	-1.3504253736009759e-002 	1.2571436508980585e-001
8.8000000000000007e+000 	1.3923693830602388e-001 	-1.3497508344842370e-002 	1.2573942996118156e-001
9.1999999999999993e+000 	1.3925488924109816e-001 	-1.3491025325116078e-002 	1.2576386391598210e-001
9.5999999999999996e+000 	1.3927238501962777e-001 	-1.3484810780423923e-002 	1.2578757423920395e-001
1.0000000000000000e+001 	1.3928930789252175e-001 	-1.3478861984591852e-002 	1.2581044590792992e-001
1.0400000000000000e+001 	1.3930551862023541e-001 	-1.3473168770969607e-002 	1.2583234984926583e-001
1.0800000000000001e+001 	1.3932086499630852e-001 	-1.3467714907232257e-002 	1.2585315008907622e-001
1.1199999999999999e+001 	1.3933518890750299e-001 	-1.3462479141246833e-002 	1.2587270976625617e-001
1.1600000000000000e+001 	1.3934833190606125e-001 	-1.3457435945567430e-002 	1.2589089596049385e-001
1.2000000000000000e+001 	1.3936013940601830e-001 	-1.3452556088365181e-002 	1.2590758331765312e-001
1.2400000000000000e+001 	1.3937046368686518e-001 	-1.3447807112557719e-002 	1.2592265657430748e-001
1.2800000000000001e+001 	1.3937916590172791e-001 	-1.3443153759425498e-002 	1.2593601214230246e-001
1.3199999999999999e+001 	1.3938611728625794e-001 	-1.3438558364322910e-002 	1.2594755892193496e-001
1.3600000000000000e+001 	1.3939119974556843e-001 	-1.3433981221695047e-002 	1.2595721852387337e-001
1.4000000000000000e+001 	1.3939430597266861e-001 	-1.3429380923816627e-002 	1.2596492504885196e-001
1.4400000000000000e+001 	1.3939533922832006e-001 	-1.3424714690820412e-002 	1.2597062453749969e-001
1.4800000000000001e+001 	1.3939421288663345e-001 	-1.3419938684108273e-002 	1.2597427420252513e-001
1.5199999999999999e+001 	1.3939084983001834e-001 	-1.3415008319558505e-002 	1.2597584151045987e-001
1.5600000000000000e+001 	1.3938518175729592e-001 	-1.3409878567414027e-002 	1.2597530318988190e-001
1.6000000000000000e+001 	1.3937714845547811e-001 	-1.3404371482925871e-002 	1.2597277697255224e-001
1.6800000000000001e+001 	1.3940724787970413e-001 	-1.3392315200174490e-002 	1.2601493267952960e-001
1.7600000000000001e+001 	1.3932030122971251e-001 	-1.3378925377669163e-002 	1.2594137585204332e-001
1.8399999999999999e+001 	1.3927662283740871e-001 	-1.3363711142247006e-002 	1.2591291169516167e-001
1.9199999999999999e+001 	1.3922249999969755e-001 	-1.3346348638284862e-002 	1.2587615136141270e-001
2.0000000000000000e+001 	1.3915779216132015e-001 	-1.3326556918414490e-002 	1.2583123524290554e-001
2.0800000000000001e+001 	1.3908240392405297e-001 	-1.3304081857955178e-002 	1.2577832206609782e-001
2.1600000000000001e+001 	1.3899627824981584e-001 	-1.3278698293188191e-002 	1.2571757995662772e-001
2.2399999999999999e+001 	1.3889939081175376e-001 	-1.3250216549872094e-002 	1.2564917426188166e-001
2.3199999999999999e+001 	1.3879174565467470e-001 	-1.3218485003575650e-002 	1.2557326065109900e-001
2.4000000000000000e+001 	1.3867337197021790e-001 	-1.3183389338056642e-002 	1.2548998263216127e-001
2.4800000000000001e+001 	1.3854432171271383e-001 	-1.3144850642114967e-002 	1.2539947107059890e-001
2.5600000000000001e+001 	1.3840466779879762e-001 	-1.3102823332036717e-002 	1.2530184446676099e-001
2.6399999999999999e+001 	1.3825450268159989e-001 	-1.3057293014902509e-002 	1.2519720966669737e-001
2.7199999999999999e+001 	1.3809393714504242e-001 	-1.3008274185179259e-002 	1.2508566295986312e-001
2.8000000000000000e+001 	1.3792309920749327e-001 	-1.2955807712597038e-002 	1.2496729149489626e-001
2.8800000000000001e+001 	1.3774213306426558e-001 	-1.2899958162392406e-002 	1.2484217490187312e-001
2.9600000000000001e+001 	1.3755119802568777e-001 	-1.2840811027185876e-002 	1.2471038699850184e-001
3.0399999999999999e+001 	1.3735046742861809e-001 	-1.2778469952668682e-002 	1.2457199747594938e-001
3.1199999999999999e+001 	1.3714012751627772e-001 	-1.2713054027970303e-002 	1.2442707348830749e-001
3.2000000000000000e+001 	1.3692037628582629e-001 	-1.2644695189886233e-002 	1.2427568109594010e-001
3.2800000000000004e+001 	1.3669142231531795e-001 	-1.2573535769386572e-002 	1.2411788654593139e-001
3.3600000000000001e+001 	1.3645348357934359e-001 	-1.2499726207997941e-002 	1.2395375737134572e-001
3.4399999999999999e+001 	1.3620678626656638e-001 	-1.2422585821196951e-002 	1.2378420044536938e-001
3.6000000000000000e+001 	1.3570923633334558e-001 	-1.2261565649506720e-002 	1.2344767068383895e-001
3.7600000000000001e+001 	1.3513793028281915e-001 	-1.2094430830772294e-002 	1.2304349945204683e-001
3.9199999999999996e+001 	1.3455735067026778e-001 	-1.1920845870744101e-002 	1.2263650479952370e-001
4.0800000000000004e+001 	1.3394862160078388e-001 	-1.1741839597400265e-002 	1.2220678200338358e-001
4.2399999999999999e+001 	1.3331374193078055e-001 	-1.1558512395108796e-002 	1.2175522953567178e-001
4.4000000000000000e+001 	1.3265469665329430e-001 	-1.1371932849082417e-002 	1.2128276380421187e-001
4.5600000000000001e+001 	1.3197343492776836e-001 	-1.1183099425626113e-002 	1.2079033550214224e-001
4.7199999999999996e+001 	1.3127185357806509e-001 	-1.0992922946130605e-002 	1.2027893063193448e-001
4.8800000000000004e+001 	1.3055178457496680e-001 	-1.0802219154020222e-002 	1.1974956542094656e-001
5.0399999999999999e+001 	1.2981498578209083e-001 	-1.0611707968222922e-002 	1.1920327781386800e-001
5.2000000000000000e+001 	1.2906313446541212e-001 	-1.0422016687346955e-002 	1.1864111777806517e-001
5.3600000000000001e+001 	1.2829782314451818e-001 	-1.0233685231814126e-002 	1.1806413791270398e-001
5.5199999999999996e+001 	1.2752055739918047e-001 	-1.0047172413154261e-002 	1.1747338498602626e-001
5.6800000000000004e+001 	1.2673275527805203e-001 	-9.8628627324372151e-003 	1.1686989254561486e-001
5.8399999999999999e+001 	1.2593574799397117e-001 	-9.6810734081654495e-003 	1.1625467458580577e-001
6.0000000000000000e+001 	1.2513078162620250e-001 	-9.5020613968862921e-003 	1.1562872022931617e-001
6.1600000000000001e+001 	1.2431901959040567e-001 	-9.3260302190156345e-003 	1.1499298937139003e-001
6.3200000000000003e+001 	1.2350154567163089e-001 	-9.1531364515882885e-003 	1.1434840922004259e-001
6.4799999999999997e+001 	1.2267936745150307e-001 	-8.9834957930671495e-003 	1.1369587165843588e-001
6.6400000000000006e+001 	1.2185341998980834e-001 	-8.8171886495458027e-003 	1.1303623134026257e-001
6.8000000000000000e+001 	1.2102456964864843e-001 	-8.6542652137682075e-003 	1.1237030443488026e-001
6.9599999999999994e+001 	1.2019361796906611e-001 	-8.4960669743772994e-003 	1.1169755099468884e-001
7.2799999999999997e+001 	1.1853768145815671e-001 	-8.1901923892504849e-003 	1.1034748906890621e-001
7.6000000000000000e+001 	1.1686449093900862e-001 	-7.8951392848503506e-003 	1.0896935165415825e-001
7.9200000000000003e+001 	1.1520385689637602e-001 	-7.6127444882233362e-003 	1.0759111240815271e-001
8.2400000000000006e+001 	1.1355097989930545e-001 	-7.3427740867405911e-003 	1.0620820581256486e-001
8.5599999999999994e+001 	1.1190904807020594e-001 	-7.0847709405721816e-003 	1.0482427712963377e-001
8.8799999999999997e+001 	1.1028074754606766e-001 	-6.8381873434858057e-003 	1.0344256020258184e-001
9.2000000000000000e+001 	1.0866831984771425e-001 	-6.6024441747030826e-003 	1.0206587567301117e-001
9.5200000000000003e+001 	1.0707362032879136e-001 	-6.3769606628705042e-003 	1.0069665966592091e-001
9.8400000000000006e+001 	1.0549817170240149e-001 	-6.1611707938795902e-003 	9.9337000908521850e-002
1.0159999999999999e+002 	1.0394321117030142e-001 	-5.9545325786606804e-003 	9.7988678591640760e-002
1.0480000000000001e+002 	1.0240973124602688e-001 	-5.7565330428452233e-003 	9.6653198203181717e-002
1.0800000000000000e+002 	1.0089851486519293e-001 	-5.5666905141714988e-003 	9.5331824351021416e-002
1.1119999999999999e+002 	9.9410165493136429e-002 	-5.3845551513651462e-003 	9.4025610341771260e-002
1.1440000000000001e+002 	9.7945132919026401e-002 	-5.2097083215190470e-003 	9.2735424597507346e-002
1.1759999999999999e+002 	9.6503735359256951e-002 	-5.0417612478160000e-003 	9.1461974111440983e-002
1.2080000000000001e+002 	9.5086178413833738e-002 	-4.8803532269696701e-003 	9.0205825186864097e-002
1.2400000000000000e+002 	9.3692571343850006e-002 	-4.7251496322087833e-003 	8.8967421711641237e-002
1.2720000000000000e+002 	9.2322941068744085e-002 	-4.5758398491702046e-003 	8.7747101219573867e-002
1.3039999999999998e+002 	9.0977244221183029e-002 	-4.4321352444462820e-003 	8.6545108976736784e-002
1.3359999999999999e+002 	8.9655377545449305e-002 	-4.2937672360723591e-003 	8.5361610309376931e-002
1.3680000000000001e+002 	8.8357186880656483e-002 	-4.1604854942986777e-003 	8.4196701386357806e-002
1.4000000000000000e+002 	8.7082474932293971e-002 	-4.0337734607582979e-003 	8.3048701471535633e-002
1.4640000000000001e+002 	8.4615743930781598e-002 	-3.7941623477124446e-003 	8.0821581583069138e-002
1.5279999999999998e+002 	8.2212322268084365e-002 	-3.5679413806748361e-003 	7.8644380887409562e-002
1.5920000000000002e+002 	7.9910574012693830e-002 	-3.3568273178215232e-003 	7.6553746694872318e-002
1.6559999999999999e+002 	7.7694185449720427e-002 	-3.1599163433078006e-003 	7.4534269106412615e-002
1.7200000000000000e+002 	7.5560289943100475e-002 	-2.9761931360928313e-003 	7.2584096807007642e-002
1.7840000000000001e+002 	7.3505933419429584e-002 	-2.8046768724890717e-003 	7.0701256546940525e-002
1.8479999999999998e+002 	7.1528127707346290e-002 	-2.6444580943716530e-003 	6.8883669612974610e-002
1.9120000000000002e+002 	6.9623890718328321e-002 	-2.4947024683195608e-003 	6.7129188250008728e-002
1.9759999999999999e+002 	6.7790276413899314e-002 	-2.3546461956475990e-003 	6.5435630218251745e-002
2.0400000000000000e+002 	6.6024396808759447e-002 	-2.2235898080612882e-003 	6.3800807000698179e-002
2.1040000000000001e+002 	6.4323437784825785e-002 	-2.1008919835145854e-003 	6.2222545801311209e-002
2.1679999999999998e+002 	6.2684670114994859e-002 	-1.9859638213201450e-003 	6.0698706293674715e-002
2.2320000000000002e+002 	6.1105456792816398e-002 	-1.8782637009659849e-003 	5.9227193091850421e-002
2.2959999999999999e+002 	5.9583257523789693e-002 	-1.7772927313816917e-003 	5.7805964792407995e-002
2.3600000000000000e+002 	5.8115631044908182e-002 	-1.6825907363572968e-003 	5.6433040308550862e-002
2.4240000000000001e+002 	5.6700235792130640e-002 	-1.5937327113209692e-003 	5.5106503080809680e-002
2.4879999999999998e+002 	5.5334829321085716e-002 	-1.5103256942847372e-003 	5.3824503626800961e-002
2.5519999999999999e+002 	5.4017266797227272e-002 	-1.4320059855837761e-003 	5.2585260811643497e-002
2.6160000000000002e+002 	5.2745498802415330e-002 	-1.3584366600571686e-003 	5.1387062142358143e-002
2.6800000000000000e+002 	5.1517568650668311e-002 	-1.2893053387732210e-003 	5.0228263311895061e-002
2.7439999999999998e+002 	5.0331609363137561e-002 	-1.2257196166987180e-003 	4.9105889746438827e-002
2.8719999999999999e+002 	4.8093924884142346e-002 	-1.1098752941719962e-003 	4.6984049589970343e-002
3.0000000000000000e+002 	4.5968443707500528e-002 	-1.0046267074742335e-003 	4.4963817000026295e-002
3.1280000000000001e+002 	4.3996226627926079e-002 	-9.1098055847074375e-004 	4.3085246069455324e-002
3.2560000000000002e+002 	4.2148969185606767e-002 	-8.2779049962045418e-004 	4.1321178685986296e-002
3.3839999999999998e+002 	4.0416747224917005e-002 	-7.5388478779263377e-004 	3.9662862437124365e-002
3.5119999999999999e+002 	3.8790504487967989e-002 	-6.8818765168355992e-004 	3.8102316836284435e-002
3.6400000000000000e+002 	3.7261997431092840e-002 	-6.2974110744201499e-004 	3.6632256323650823e-002
3.7680000000000001e+002 	3.5823725609123065e-002 	-5.7770083967462887e-004 	3.5246024769448436e-002
3.8960000000000002e+002 	3.4468861869021122e-002 	-5.3132555996569038e-004 	3.3937536309055431e-002
4.0239999999999998e+002 	3.3191186991864352e-002 	-4.8996498873922121e-004 	3.2701222003125127e-002
4.1519999999999999e+002 	3.1985030050207738e-002 	-4.5304840014470942e-004 	3.1531981650063032e-002
4.2800000000000000e+002 	3.0845214560177074e-002 	-4.2007438147227037e-004 	3.0425140178704815e-002
4.4080000000000001e+002 	2.9767010096897525e-002 	-3.9060189137160855e-004 	2.9376408205525922e-002
4.5360000000000002e+002 	2.8746088913982375e-002 	-3.6424248882010150e-004 	2.8381846425162283e-002
4.6639999999999998e+002 	2.7778487085590942e-002 	-3.4065359876747615e-004 	2.7437833486823483e-002
4.7919999999999999e+002 	2.6860569708061048e-002 	-3.1953269399307907e-004 	2.6541037014067969e-002
4.9200000000000000e+002 	2.5988999731513921e-002 	-3.0061226036348697e-004 	2.5688387471150435e-002
5.0480000000000001e+002 	2.5160710030292840e-002 	-2.8365543526965843e-004 	2.4877054595023186e-002
5.1759999999999991e+002 	2.4372878359664351e-002 	-2.6845222886830801e-004 	2.4104426130796049e-002
5.3039999999999998e+002 	2.3622904883111313e-002 	-2.5481625083970572e-004 	2.3368088632271612e-002
5.4320000000000005e+002 	2.2908391988746304e-002 	-2.4298310879778122e-004 	2.2665408879948515e-002
5.6879999999999995e+002 	2.1587500325634661e-002 	-2.2282399755155672e-004 	2.1364676328083101e-002
5.9440000000000009e+002 	2.0357881381148687e-002 	-2.0580512319440781e-004 	2.0152076257954270e-002
6.2000000000000000e+002 	1.9245546609020357e-002 	-1.9200787579253987e-004 	1.9053538733227810e-002
6.4559999999999991e+002 	1.8225976877999907e-002 	-1.8085759731588537e-004 	1.8045119280684009e-002
6.7120000000000005e+002 	1.7289029880338324e-002 	-1.7184819686006940e-004 	1.7117181683478255e-002
6.9679999999999995e+002 	1.6425862021648804e-002 	-1.6456714396803586e-004 	1.6261294877680767e-002
7.2240000000000009e+002 	1.5628765643268670e-002 	-1.5868042091689183e-004 	1.5470085222351774e-002
7.4800000000000000e+002 	1.4891010273518468e-002 	-1.5391632574273981e-004 	1.4737093947775726e-002
7.7359999999999991e+002 	1.4206702332199539e-002 	-1.5005319043617571e-004 	1.4056649141763368e-002
7.9920000000000005e+002 	1.3570665252636022e-002 	-1.4691015504500137e-004 	1.3423755097591026e-002
8.2479999999999995e+002 	1.2978338189466320e-002 	-1.4433981969511165e-004 	1.2833998369771208e-002
8.5040000000000009e+002 	1.2425690631015679e-002 	-1.4222215549604335e-004 	1.2283468475519638e-002
8.7600000000000000e+002 	1.1909150328653891e-002 	-1.4045944281916242e-004 	1.1768690885834729e-002
9.0159999999999991e+002 	1.1425542302148905e-002 	-1.3897211970932187e-004 	1.1286570182439582e-002
9.2720000000000005e+002 	1.0972037052107978e-002 	-1.3769541094533992e-004 	1.0834341641162629e-002
9.5279999999999995e+002 	1.0546106441363667e-002 	-1.3657660167432122e-004 	1.0409529839689345e-002
9.7840000000000009e+002 	1.0145485983419534e-002 	-1.3557283948502569e-004 	1.0009913143934512e-002
1.0040000000000000e+003 	9.7681425020057170e-003 	-1.3464935317219050e-004 	9.6334931488335288e-003
1.0296000000000001e+003 	9.4122463088583980e-003 	-1.3377801135331849e-004 	9.2784682975050829e-003
1.0551999999999998e+003 	9.0761471954911264e-003 	-1.3293615514721244e-004 	8.9432110403439152e-003
1.0808000000000000e+003 	8.7583536551644834e-003 	-1.3210563917282275e-004 	8.6262480159916624e-003
1.1064000000000001e+003 	8.4575148496338574e-003 	-1.3127204199058694e-004 	8.3262428076432728e-003
1.1320000000000000e+003 	8.1724049154311487e-003 	-1.3037190223341114e-004 	8.0420330131977368e-003
1.1832000000000000e+003 	7.6488865462271067e-003 	-1.2846660615864740e-004 	7.5204199400684584e-003
1.2343999999999999e+003 	7.1658783152629820e-003 	-1.2655020312569043e-004 	7.0393281121372891e-003
1.2856000000000001e+003 	6.7325246559175982e-003 	-1.2452976977745937e-004 	6.6079948861401394e-003
1.3368000000000000e+003 	6.3382725265611010e-003 	-1.2234338891742826e-004 	6.2159291376436719e-003
1.3880000000000000e+003 	5.9784429410207956e-003 	-1.1997651202701620e-004 	5.8584664289937803e-003
1.4392000000000000e+003 	5.6490346071260793e-003 	-1.1744176384772454e-004 	5.5315928432783544e-003
1.4903999999999999e+003 	5.3466222225025169e-003 	-1.1475985391008858e-004 	5.2318623685924303e-003
1.5416000000000001e+003 	5.0682630218378856e-003 	-1.1195211655953573e-004 	4.9563109052783508e-003
1.5928000000000000e+003 	4.8114174463920727e-003 	-1.0903901243003513e-004 	4.7023784339620366e-003
1.6440000000000000e+003 	4.5738836167067099e-003 	-1.0604016746860155e-004 	4.4678434492381085e-003
1.6952000000000000e+003 	4.3537436355528310e-003 	-1.0297442750477611e-004 	4.2507692080480533e-003
1.7463999999999999e+003 	4.1493195850514086e-003 	-9.9859740164432952e-005 	4.0494598448869773e-003
1.7976000000000001e+003 	3.9591373483480498e-003 	-9.6712979329891099e-005 	3.8624243690181578e-003
1.8488000000000000e+003 	3.7818967273703236e-003 	-9.3549795385240088e-005 	3.6883469319850836e-003
1.9000000000000000e+003 	3.6164466371021915e-003 	-9.0384516457519621e-005 	3.5260621206446717e-003
1.9512000000000000e+003 	3.4617644099996583e-003 	-8.7230103522230925e-005 	3.3745343064774279e-003
2.0024000000000001e+003 	3.3169384445683563e-003 	-8.4098149306492564e-005 	3.2328402952618647e-003
2.0535999999999999e+003 	3.1811535887929484e-003 	-8.0998906466273665e-005 	3.1001546823266738e-003
2.1048000000000002e+003 	3.0536787714416417e-003 	-7.7941341501941124e-005 	2.9757374299397002e-003
2.1560000000000000e+003 	2.9338564900199984e-003 	-7.4933207417446604e-005 	2.8589232826025518e-003
2.2071999999999998e+003 	2.8210938394312469e-003 	-7.1981122498053911e-005 	2.7491127169331948e-003
2.2584000000000001e+003 	2.7148548249324961e-003 	-6.9086276530120981e-005 	2.6457685484023749e-003
2.3607999999999997e+003 	2.5213894620966576e-003 	-6.3510228461265172e-005 	2.4578792336353919e-003
2.4632000000000003e+003 	2.3449759253017072e-003 	-5.8260820451539282e-005 	2.2867151048501688e-003
2.5655999999999999e+003 	2.1885696014998486e-003 	-5.3327216270598326e-005 	2.1352423852292507e-003
2.6680000000000000e+003 	2.0479516247575973e-003 	-4.8685281372987815e-005 	1.9992663433846098e-003
2.7704000000000001e+003 	1.9211148346053510e-003 	-4.4334529979757887e-005 	1.8767803046255932e-003
2.8727999999999997e+003 	1.8063485961008583e-003 	-4.0277915510249534e-005 	1.7660706805906084e-003
2.9752000000000003e+003 	1.7021935030583091e-003 	-3.6512478108914471e-005 	1.6656810249493946e-003
3.0775999999999999e+003 	1.6074001925860124e-003 	-3.3029340911659550e-005 	1.5743708516743531e-003
3.1800000000000000e+003 	1.5208946220322817e-003 	-2.9815915153312911e-005 	1.4910787068789688e-003
3.2824000000000001e+003 	1.4417495188971902e-003 	-2.6857660617669706e-005 	1.4148918582795212e-003
3.3847999999999997e+003 	1.3691610485335166e-003 	-2.4139155153051421e-005 	1.3450218933804654e-003
3.4872000000000003e+003 	1.3024297148033998e-003 	-2.1644725617500664e-005 	1.2807849891858991e-003
3.5895999999999999e+003 	1.2409446524131052e-003 	-1.9358839935005459e-005 	1.2215858124781001e-003
3.6920000000000000e+003 	1.1841706349757625e-003 	-1.7266367982934872e-005 	1.1669042669928279e-003
3.7944000000000001e+003 	1.1316372666662334e-003 	-1.5352755733624641e-005 	1.1162845109326091e-003
3.8967999999999997e+003 	1.0829299402508217e-003 	-1.3604136453084655e-005 	1.0693258037977372e-003
3.9992000000000003e+003 	1.0376822333522308e-003 	-1.2007402777794767e-005 	1.0256748305744357e-003
4.1016000000000004e+003 	9.9556948334193762e-004 	-1.0550244888252044e-005 	9.8501923845368514e-004
4.2040000000000000e+003 	9.5630333401357823e-004 	-9.2211601620552257e-006 	9.4708217385152305e-004
4.3063999999999996e+003 	9.1962708805335856e-004 	-8.0094473158875734e-006 	9.1161764073747109e-004
4.4088000000000002e+003 	8.8531173119528732e-004 	-6.9051863931112523e-006 	8.7840654480217612e-004
4.5111999999999998e+003 	8.5315251898738392e-004 	-5.9136140296324282e-006 	8.4723890495775115e-004
4.7160000000000000e+003 	7.9502242825414649e-004 	-4.1929327629296629e-006 	7.9082949549121712e-004
4.9208000000000002e+003 	7.4228459848132543e-004 	-2.7498400622043393e-006 	7.3953475841912115e-004
5.1256000000000004e+003 	6.9586893598412363e-004 	-1.5517754581634408e-006 	6.9431716052596021e-004
5.3303999999999996e+003 	6.5431241926378113e-004 	-5.5148287862754847e-007 	6.5376093638515320e-004
5.5351999999999998e+003 	6.1692029453684779e-004 	2.8031018261409431e-007 	6.1720060471946194e-004
5.7400000000000000e+003 	5.8311488696091674e-004 	9.6801898877925458e-007 	5.8408290594969599e-004
5.9448000000000002e+003 	5.5241550419610826e-004 	1.5341986730879144e-006 	5.5394970286919609e-004
6.1496000000000004e+003 	5.2442064560776045e-004 	1.9989552506918802e-006 	5.2641960085845238e-004
6.3543999999999996e+003 	4.9879329276317729e-004 	2.3794995700443263e-006 	5.0117279233322163e-004
6.5591999999999998e+003 	4.7524904109521123e-004 	2.6902513313680126e-006 	4.7793929242657930e-004
6.7640000000000000e+003 	4.5354659309420920e-004 	2.9431892975788565e-006 	4.5648978239178805e-004
6.9688000000000002e+003 	4.3348014262031414e-004 	3.1482404799892373e-006 	4.3662838310030327e-004
7.1736000000000004e+003 	4.1487325459546262e-004 	3.3136318315418473e-006 	4.1818688642700441e-004
7.3783999999999996e+003 	3.9757392443187412e-004 	3.4461855501792394e-006 	4.0102010998205328e-004
7.5831999999999998e+003 	3.8145057023217791e-004 	3.5515636362415558e-006 	3.8500213386841951e-004
7.7880000000000000e+003 	3.6638876551379530e-004 	3.6344697153636173e-006 	3.7002323522915888e-004
7.9928000000000002e+003 	3.5228856265094030e-004 	3.6988144980837791e-006 	3.5598737714902430e-004
8.1976000000000004e+003 	3.3906228986276839e-004 	3.7478519168881850e-006 	3.4281014177965652e-004
8.4023999999999996e+003 	3.2663272966929773e-004 	3.7842913408856524e-006 	3.3041702101018318e-004
8.6072000000000007e+003 	3.1493160608712570e-004 	3.8103905006506037e-006 	3.1874199658777638e-004
8.8120000000000000e+003 	3.0389832283685109e-004 	3.8349200501249729e-006 	3.0773324288697613e-004
9.2216000000000004e+003 	2.8382436953355443e-004 	3.8599589530938334e-006 	2.8768432848664827e-004
9.6311999999999989e+003 	2.6533086712006513e-004 	3.8475362935779198e-006 	2.6917840341364300e-004
1.0040800000000001e+004 	2.4890638081920811e-004 	3.8274566267814999e-006 	2.5273383744598961e-004
1.0450400000000000e+004 	2.3405077201546707e-004 	3.8062795374729231e-006 	2.3785705155294001e-004
1.0860000000000000e+004 	2.2055985006141701e-004 	3.7834563652022904e-006 	2.2434330642661922e-004
1.1269600000000000e+004 	2.0826254338978618e-004 	3.7592101369562933e-006 	2.1202175352674250e-004
1.1679199999999999e+004 	1.9701499963244707e-004 	3.7345726007564012e-006 	2.0074957223320354e-004
1.2088800000000001e+004 	1.8669550243793939e-004 	3.7105572225086231e-006 	1.9040605966044795e-004
1.2498400000000000e+004 	1.7720036025795747e-004 	3.6878663372303985e-006 	1.8088822659518785e-004
1.2908000000000000e+004 	1.6844064754901200e-004 	3.6668976538308405e-006 	1.7210754520284282e-004
1.3317600000000000e+004 	1.6033962852920035e-004 	3.6478219553390116e-006 	1.6398745048453936e-004
1.3727200000000001e+004 	1.5283071062928769e-004 	3.6306552475929483e-006 	1.5646136587688070e-004
1.4136799999999999e+004 	1.4585580584598133e-004 	3.6153121057066615e-006 	1.4947111795168797e-004
1.4546400000000000e+004 	1.3936400706346256e-004 	3.6016429414205326e-006 	1.4296565000488314e-004
1.4956000000000000e+004 	1.3331050937696008e-004 	3.5894598384658223e-006 	1.3689996921542594e-004
1.5365600000000000e+004 	1.2765572374752237e-004 	3.5785545684838187e-006 	1.3123427831600616e-004
1.5775200000000001e+004 	1.2236454309348080e-004 	3.5687114636602258e-006 	1.2593325455714105e-004
1.6184799999999999e+004 	1.1740573033030251e-004 	3.5597163989037083e-006 	1.2096544672920623e-004
1.6594400000000001e+004 	1.1275140482803126e-004 	3.5513628773506101e-006 	1.1630276770538186e-004
1.7004000000000000e+004 	1.0837660894224825e-004 	3.5434559913526547e-006 	1.1192006493360089e-004
1.7413599999999999e+004 	1.0425894018101928e-004 	3.5358151730665518e-006 	1.0779475535408583e-004
1.7823200000000001e+004 	1.0037823754090850e-004 	3.5282755792815040e-006 	1.0390651312018999e-004
1.8232799999999999e+004 	9.6716312828331829e-005 	3.5206888305044356e-006 	1.0023700165883631e-004
1.8642399999999998e+004 	9.3256719554085332e-005 	3.5129232443384861e-006 	9.6769642798423818e-005
1.9052000000000000e+004 	8.9984553375292107e-005 	3.5048631987781597e-006 	9.3489416574070255e-005
1.9461600000000002e+004 	8.6886279154679930e-005 	3.4964085508695280e-006 	9.0382687705549452e-005
1.9871200000000001e+004 	8.3949580578543146e-005 	3.4874740967300625e-006 	8.7437054675273162e-005
2.0280799999999999e+004 	8.1163228973620035e-005 	3.4779882899106872e-006 	8.4641217263530685e-005
2.0690400000000001e+004 	7.8516968527564144e-005 	3.4678924788103779e-006 	8.1984861006374548e-005
2.1100000000000000e+004 	7.6001415575665480e-005 	3.4571397366547895e-006 	7.9458555312320267e-005
2.1509599999999999e+004 	7.3607969991142558e-005 	3.4456935809379999e-006 	7.7053663572080539e-005
2.1919200000000001e+004 	7.1328737023927869e-005 	3.4335275700478998e-006 	7.4762264593975771e-005
2.2328800000000003e+004 	6.9156458186631349e-005 	3.4206238154769300e-006 	7.2577082002108303e-005
2.2738399999999998e+004 	6.7084449997484760e-005 	3.4069718760570962e-006 	7.0491421873541865e-005
2.3148000000000000e+004 	6.5106549564856482e-005 	3.3925682318211713e-006 	6.8499117796677641e-005
2.3557600000000002e+004 	6.3217066145551101e-005 	3.3774153776949654e-006 	6.6594481523246074e-005
2.3967199999999997e+004 	6.1410737931735123e-005 	3.3615210761903797e-006 	6.4772259007925509e-005
2.4376799999999999e+004 	5.9682693425653109e-005 	3.3448976290145466e-006 	6.3027591054667657e-005
2.4786400000000001e+004 	5.8028416848920623e-005 	3.3275611618222133e-006 	6.1355978010742824e-005
2.5196000000000000e+004 	5.6443717107925566e-005 	3.3095310944830559e-006 	5.9753248202408606e-005
2.5605599999999999e+004 	5.4924699900086873e-005 	3.2911594756970141e-006 	5.8215859375783884e-005
-2850 0
-2.8500000000000000e+003 0.0000000000000000e+000 0.0000000000000000e+000
1
1 1 1 1
1
         t, ms                         dVp, mV                         dVs, mV                         dV, mV
2.5000000000000000e-001 	1.1004494949573712e-001 	-1.4755293257288044e-002 	9.5289656238449094e-002
2.9999999999999999e-001 	1.1020298178002147e-001 	-1.4742234156952937e-002 	9.5460747623068540e-002
3.4999999999999998e-001 	1.1028287382575927e-001 	-1.4729696694999126e-002 	9.5553177130760128e-002
4.0000000000000002e-001 	1.1034313081151066e-001 	-1.4718120059352607e-002 	9.5625010752158124e-002
4.5000000000000001e-001 	1.1039678770069519e-001 	-1.4707361366193834e-002 	9.5689426334501407e-002
5.0000000000000000e-001 	1.1044650325156971e-001 	-1.4697315853288170e-002 	9.5749187398281532e-002
5.5000000000000004e-001 	1.1049281651768003e-001 	-1.4687905537189650e-002 	9.5804910980490376e-002
5.9999999999999998e-001 	1.1053593245854260e-001 	-1.4679070305976578e-002 	9.5856862152566030e-002
6.5000000000000002e-001 	1.1057605015312859e-001 	-1.4670762317079691e-002 	9.5905287836048875e-002
6.9999999999999996e-001 	1.1061339306813819e-001 	-1.4662942457896844e-002 	9.5950450610241378e-002
7.5000000000000000e-001 	1.1064819307219423e-001 	-1.4655577927966840e-002 	9.5992615144227383e-002
8.0000000000000004e-001 	1.1068067575812003e-001 	-1.4648640487555190e-002 	9.6032035270564781e-002
8.4999999999999998e-001 	1.1071105228948164e-001 	-1.4642105172183915e-002 	9.6068947117297757e-002
9.0000000000000002e-001 	1.1073951595775482e-001 	-1.4635949364543394e-002 	9.6103566593211412e-002
9.4999999999999996e-001 	1.1076624145445152e-001 	-1.4630152127838657e-002 	9.6136089326612925e-002
1.0000000000000000e+000 	1.1079138554460714e-001 	-1.4624693763048917e-002 	9.6166691781558220e-002
1.0500000000000000e+000 	1.1081508839247611e-001 	-1.4619555524529197e-002 	9.6195532867946978e-002
1.1000000000000001e+000 	1.1083747513012331e-001 	-1.4614719431515540e-002 	9.6222755698607776e-002
1.1499999999999999e+000 	1.1085865746111777e-001 	-1.4610168160607262e-002 	9.6248489300510442e-002
1.2000000000000000e+000 	1.1087873517750470e-001 	-1.4605976343879924e-002 	9.6272758833624753e-002
1.3000000000000000e+000 	1.1129886981116768e-001 	-1.4598329091366474e-002 	9.6700540719801234e-002
1.3999999999999999e+000 	1.1094984351390295e-001 	-1.4591368411397760e-002 	9.6358475102505170e-002
1.5000000000000000e+000 	1.1098067325202773e-001 	-1.4585155571400820e-002 	9.6395517680626944e-002
1.6000000000000001e+000 	1.1100891263652593e-001 	-1.4579609164679335e-002 	9.6429303471846639e-002
1.7000000000000000e+000 	1.1103489921498699e-001 	-1.4574642838704403e-002 	9.6460256376282597e-002
1.8000000000000000e+000 	1.1105891470832141e-001 	-1.4570174546093561e-002 	9.6488740162227887e-002
1.8999999999999999e+000 	1.1108119493607160e-001 	-1.4566129489441526e-002 	9.6515065446630063e-002
2.0000000000000000e+000 	1.1110193845043452e-001 	-1.4562440807418128e-002 	9.6539497643016364e-002
2.1000000000000001e+000 	1.1112131356382693e-001 	-1.4559049415433090e-002 	9.6562264148393848e-002
2.2000000000000002e+000 	1.1113946393601982e-001 	-1.4555903514828359e-002 	9.6583560421191469e-002
2.2999999999999998e+000 	1.1115651300233909e-001 	-1.4552957981630752e-002 	9.6603555020708387e-002
2.3999999999999999e+000 	1.1117256748169516e-001 	-1.4550173722514197e-002 	9.6622393759180941e-002
2.5000000000000000e+000 	1.1118772017991489e-001 	-1.4547517041388146e-002 	9.6640203138526809e-002
2.6000000000000001e+000 	1.1120205224674824e-001 	-1.4544959041193618e-002 	9.6657093205554614e-002
2.7000000000000002e+000 	1.1121563499336481e-001 	-1.4542475068533001e-002 	9.6673159924831914e-002
2.7999999999999998e+000 	1.1122853138016217e-001 	-1.4540044204557965e-002 	9.6688487175604243e-002
2.8999999999999999e+000 	1.1124079723090541e-001 	-1.4537648810359417e-002 	9.6703148420545934e-002
3.0000000000000000e+000 	1.1125248223571677e-001 	-1.4535274120714890e-002 	9.6717208115001854e-002
3.1000000000000001e+000 	1.1126363077898384e-001 	-1.4532907876833505e-002 	9.6730722902150276e-002
3.2000000000000002e+000 	1.1127428263145013e-001 	-1.4530540003200466e-002 	9.6743742628249654e-002
3.2999999999999998e+000 	1.1128447353349219e-001 	-1.4528162324158083e-002 	9.6756311209334103e-002
3.3999999999999999e+000 	1.1129423568695219e-001 	-1.4525758086126531e-002 	9.6768477600825659e-002
3.6000000000000001e+000 	1.1142499472016630e-001 	-1.4520875312903251e-002 	9.6904119407263040e-002
3.7999999999999998e+000 	1.1132960392534245e-001 	-1.4515900622162665e-002 	9.6813703303179788e-002
4.0000000000000000e+000 	1.1134534894927760e-001 	-1.4510807497420480e-002 	9.6834541451857103e-002
4.2000000000000002e+000 	1.1135999484962091e-001 	-1.4505593437088701e-002 	9.6854401412532140e-002
4.4000000000000004e+000 	1.1137366355982524e-001 	-1.4500263703854552e-002 	9.6873399855970682e-002
4.5999999999999996e+000 	1.1138646153590594e-001 	-1.4494827944473416e-002 	9.6891633591432547e-002
4.7999999999999998e+000 	1.1139848296572351e-001 	-1.4489299108126167e-002 	9.6909183857597295e-002
5.0000000000000000e+000 	1.1140981245702528e-001 	-1.4483692639270384e-002 	9.6926119817754827e-002
5.2000000000000002e+000 	1.1142052704620775e-001 	-1.4478025596903267e-002 	9.6942501449304441e-002
5.4000000000000004e+000 	1.1143069756834237e-001 	-1.4472315826430047e-002 	9.6958381741912306e-002
5.5999999999999996e+000 	1.1144038950161120e-001 	-1.4466581298150276e-002 	9.6973808203460979e-002
5.7999999999999998e+000 	1.1144966341390088e-001 	-1.4460839605554459e-002 	9.6988823808346433e-002
6.0000000000000000e+000 	1.1145857513555420e-001 	-1.4455107607280398e-002 	9.7003467528273796e-002
6.2000000000000002e+000 	1.1146717576344950e-001 	-1.4449401187702160e-002 	9.7017774575747326e-002
6.4000000000000004e+000 	1.1147551158567760e-001 	-1.4443735084240090e-002 	9.7031776501437531e-002
6.5999999999999996e+000 	1.1148362398570318e-001 	-1.4438122791691098e-002 	9.7045501194012077e-002
6.7999999999999998e+000 	1.1149154937265128e-001 	-1.4432576513746688e-002 	9.7058972858904621e-002
7.0000000000000000e+000 	1.1149931916525802e-001 	-1.4427107141273876e-002 	9.7072212023984153e-002
7.2000000000000002e+000 	1.1150695983847293e-001 	-1.4421724267289370e-002 	9.7085235571183551e-002
7.4000000000000004e+000 	1.1151449303895077e-001 	-1.4416436211400718e-002 	9.7098056827550058e-002
7.5999999999999996e+000 	1.1152193576389438e-001 	-1.4411293795013757e-002 	9.7110641968880654e-002
8.0000000000000000e+000 	1.1159712403262596e-001 	-1.4401356454003866e-002 	9.7195767578622055e-002
8.4000000000000004e+000 	1.1155099143001797e-001 	-1.4391801163092927e-002 	9.7159190266925030e-002
8.8000000000000007e+000 	1.1156509793918472e-001 	-1.4382710399822763e-002 	9.7182387539362008e-002
9.1999999999999993e+000 	1.1157887743268106e-001 	-1.4374095913120701e-002 	9.7204781519560343e-002
9.5999999999999996e+000 	1.1159225299753253e-001 	-1.4365954566616459e-002 	9.7226298430916097e-002
1.0000000000000000e+001 	1.1160512278662066e-001 	-1.4358272037943513e-002 	9.7246850748677144e-002
1.0400000000000000e+001 	1.1161736763999772e-001 	-1.4351025187759766e-002 	9.7266342452237892e-002
1.0800000000000001e+001 	1.1162885782154859e-001 	-1.4344183807081592e-002 	9.7284674014467054e-002
1.1199999999999999e+001 	1.1163945861145237e-001 	-1.4337711914486165e-002 	9.7301746696966174e-002
1.1600000000000000e+001 	1.1164903472497270e-001 	-1.4331568761847435e-002 	9.7317465963125266e-002
1.2000000000000000e+001 	1.1165745364807551e-001 	-1.4325709672175791e-002 	9.7331743975899790e-002
1.2400000000000000e+001 	1.1166458803289127e-001 	-1.4320086770888548e-002 	9.7344501262002739e-002
1.2800000000000001e+001 	1.1167031730382830e-001 	-1.4314649632309403e-002 	9.7355667671518833e-002
1.3199999999999999e+001 	1.1167452863250796e-001 	-1.4309345859926612e-002 	9.7365182772581341e-002
1.3600000000000000e+001 	1.1167711742058803e-001 	-1.4304121601214505e-002 	9.7372995819373573e-002
1.4000000000000000e+001 	1.1167798741099939e-001 	-1.4298922003664200e-002 	9.7379065407335250e-002
1.4400000000000000e+001 	1.1167705053360240e-001 	-1.4293691634007909e-002 	9.7383358899594485e-002
1.4800000000000001e+001 	1.1167422656513640e-001 	-1.4288374853830960e-002 	9.7385851711305385e-002
1.5199999999999999e+001 	1.1166944267334339e-001 	-1.4282916171328659e-002 	9.7386526502014709e-002
1.5600000000000000e+001 	1.1166263289398762e-001 	-1.4277260563513154e-002 	9.7385372330474451e-002
1.6000000000000000e+001 	1.1165373758038009e-001 	-1.4271212875750757e-002 	9.7382524704629339e-002
1.6800000000000001e+001 	1.1167084228691139e-001 	-1.4258010650554294e-002 	9.7412831636357139e-002
1.7600000000000001e+001 	1.1159618264223509e-001 	-1.4243367863622932e-002 	9.7352814778612143e-002
1.8399999999999999e+001 	1.1155373450246481e-001 	-1.4226750317629881e-002 	9.7326984184834930e-002
1.9199999999999999e+001 	1.1150183298028643e-001 	-1.4207809042607837e-002 	9.7294023937678595e-002
2.0000000000000000e+001 	1.1144027734280650e-001 	-1.4186240041683113e-002 	9.7254037301123475e-002
2.0800000000000001e+001 	1.1136890647978900e-001 	-1.4161776392999493e-002 	9.7207130086789467e-002
2.1600000000000001e+001 	1.1128759468390481e-001 	-1.4134189984159606e-002 	9.7153404699745177e-002
2.2399999999999999e+001 	1.1119624811311271e-001 	-1.4103294560917167e-002 	9.7092953552195535e-002
2.3199999999999999e+001 	1.1109480211382512e-001 	-1.4068945949796911e-002 	9.7025856164028187e-002
2.4000000000000000e+001 	1.1098321926338102e-001 	-1.4031040311654431e-002 	9.6952178951726628e-002
2.4800000000000001e+001 	1.1086148791842941e-001 	-1.3989511725637473e-002 	9.6871976192791906e-002
2.5600000000000001e+001 	1.1072962107256692e-001 	-1.3944329602992413e-002 	9.6785291469574555e-002
2.6399999999999999e+001 	1.1058765536721436e-001 	-1.3895495962830295e-002 	9.6692159404384040e-002
2.7199999999999999e+001 	1.1043565014663480e-001 	-1.3843042531094906e-002 	9.6592607615539852e-002
2.8000000000000000e+001 	1.1027368648526417e-001 	-1.3787027690840652e-002 	9.6486658794423474e-002
2.8800000000000001e+001 	1.1010186614765249e-001 	-1.3727533356130084e-002 	9.6374332791522355e-002
2.9600000000000001e+001 	1.0992031046353627e-001 	-1.3664661852168903e-002 	9.6255648611367345e-002
3.0399999999999999e+001 	1.0972915911614747e-001 	-1.3598532873872604e-002 	9.6130626242274822e-002
3.1199999999999999e+001 	1.0952856885467227e-001 	-1.3529280581043560e-002 	9.5999288273628677e-002
3.2000000000000000e+001 	1.0931871214445425e-001 	-1.3457050867746871e-002 	9.5861661276707408e-002
3.2800000000000004e+001 	1.0909977577483626e-001 	-1.3381998824473522e-002 	9.5717776950362723e-002
3.3600000000000001e+001 	1.0887195944375698e-001 	-1.3304286410862023e-002 	9.5567673032894970e-002
3.4399999999999999e+001 	1.0863547433758099e-001 	-1.3223250308918003e-002 	9.5412224028663006e-002
3.6000000000000000e+001 	1.0815367010843389e-001 	-1.3054487473425663e-002 	9.5099182635008286e-002
3.7600000000000001e+001 	1.0760815687771316e-001 	-1.2879693853584773e-002 	9.4728463024128379e-002
3.9199999999999996e+001 	1.0704871166063801e-001 	-1.2698574712883369e-002 	9.4350136947754668e-002
4.0800000000000004e+001 	1.0646135590738172e-001 	-1.2512185483498507e-002 	9.3949170423883205e-002
4.2399999999999999e+001 	1.0584811485908269e-001 	-1.2321643080811779e-002 	9.3526471778270906e-002
4.4000000000000000e+001 	1.0521101894286096e-001 	-1.2128023958323212e-002 	9.3082994984537773e-002
4.5600000000000001e+001 	1.0455207745348725e-001 	-1.1932325855316606e-002 	9.2619751598170652e-002
4.7199999999999996e+001 	1.0387325804194100e-001 	-1.1735452302719534e-002 	9.2137805739221465e-002
4.8800000000000004e+001 	1.0317647067752146e-001 	-1.1538207776974327e-002 	9.1638262900547107e-002
5.0399999999999999e+001 	1.0246355538514368e-001 	-1.1341298870115481e-002 	9.1122256515028185e-002
5.2000000000000000e+001 	1.0173627323420868e-001 	-1.1145338705700418e-002 	9.0590934528508235e-002
5.3600000000000001e+001 	1.0099630011428956e-001 	-1.0950852998248403e-002 	9.0045447116041191e-002
5.5199999999999996e+001 	1.0024522286373248e-001 	-1.0758286938044835e-002 	8.9486935925687669e-002
5.6800000000000004e+001 	9.9484537350224764e-002 	-1.0568012460448995e-002 	8.8916524889775750e-002
5.8399999999999999e+001 	9.8715648142401691e-002 	-1.0380335608727941e-002 	8.8335312533673771e-002
6.0000000000000000e+001 	9.7939869450408085e-002 	-1.0195503763769143e-002 	8.7744365686638903e-002
6.1600000000000001e+001 	9.7158427057926294e-002 	-1.0013712570134602e-002 	8.7144714487791708e-002
6.3200000000000003e+001 	9.6372461005882787e-002 	-9.8351124420809812e-003 	8.6537348563801797e-002
6.4799999999999997e+001 	9.5583028828541111e-002 	-9.6598145762501492e-003 	8.5923214252290964e-002
6.6400000000000006e+001 	9.4791109173600660e-002 	-9.4878964370024854e-003 	8.5303212736598147e-002
6.8000000000000000e+001 	9.3997605671696405e-002 	-9.3194067029853511e-003 	8.4678198968711094e-002
6.9599999999999994e+001 	9.3203350943221200e-002 	-9.1557052115813185e-003 	8.4047645731639864e-002
7.2799999999999997e+001 	9.1623360217898686e-002 	-8.8389731935752947e-003 	8.2784387024323336e-002
7.6000000000000000e+001 	9.0034948304781079e-002 	-8.5332350219840137e-003 	8.1501713282797039e-002
7.9200000000000003e+001 	8.8463134344351324e-002 	-8.2403816832036479e-003 	8.0222752661147687e-002
8.2400000000000006e+001 	8.6904711968339210e-002 	-7.9602125583782390e-003 	7.8944499409960969e-002
8.5599999999999994e+001 	8.5362793686543967e-002 	-7.6923047759617719e-003 	7.7670488910582217e-002
8.8799999999999997e+001 	8.3839940444538741e-002 	-7.4361444966609628e-003 	7.6403795947877801e-002
9.2000000000000000e+001 	8.2338227617271664e-002 	-7.1911841361556421e-003 	7.5147043481116005e-002
9.5200000000000003e+001 	8.0859311828042707e-002 	-6.9568706067457539e-003 	7.3902441221296966e-002
9.8400000000000006e+001 	7.9404492119751091e-002 	-6.7326608550001207e-003 	7.2671831264751005e-002
1.0159999999999999e+002 	7.7974763832715593e-002 	-6.5180307866819272e-003 	7.1456733046033713e-002
1.0480000000000001e+002 	7.6570865247491404e-002 	-6.3124802342107980e-003 	7.0258385013280578e-002
1.0800000000000000e+002 	7.5193317621240888e-002 	-6.1155354055018579e-003 	6.9077782215739056e-002
1.1119999999999999e+002 	7.3842459396180504e-002 	-5.9267496930296201e-003 	6.7915709703150889e-002
1.1440000000000001e+002 	7.2518475353713474e-002 	-5.7457034182262718e-003 	6.6772771935487210e-002
1.1759999999999999e+002 	7.1221421425256976e-002 	-5.5720029100024947e-003 	6.5649418515254465e-002
1.2080000000000001e+002 	6.9951245791587721e-002 	-5.4052791903739248e-003 	6.4545966601213797e-002
1.2400000000000000e+002 	6.8707806820522077e-002 	-5.2451864585450359e-003 	6.3462620361977029e-002
1.2720000000000000e+002 	6.7490888316917685e-002 	-5.0914005010271662e-003 	6.2399487815890504e-002
1.3039999999999998e+002 	6.6300212490152569e-002 	-4.9436171127423024e-003 	6.1356595377410277e-002
1.3359999999999999e+002 	6.5135450983570778e-002 	-4.8015505870001680e-003 	6.0333900396570612e-002
1.3680000000000001e+002 	6.3996234258418133e-002 	-4.6649322976499369e-003 	5.9331301960768197e-002
1.4000000000000000e+002 	6.2882159579716129e-002 	-4.5353444139100280e-003 	5.8346815165806080e-002
1.4640000000000001e+002 	6.0738840090629978e-002 	-4.2909259256160865e-003 	5.6447914165013886e-002
1.5279999999999998e+002 	5.8666931110900232e-002 	-4.0607676882411792e-003 	5.4606163422659060e-002
1.5920000000000002e+002 	5.6698026451145717e-002 	-3.8466498400714496e-003 	5.2851376611074308e-002
1.6559999999999999e+002 	5.4816528907225957e-002 	-3.6475505327651764e-003 	5.1168978374460772e-002
1.7200000000000000e+002 	5.3018556979765985e-002 	-3.4623296745802555e-003 	4.9556227305185718e-002
1.7840000000000001e+002 	5.1300257831398133e-002 	-3.2898838213089687e-003 	4.8010374010089167e-002
1.8479999999999998e+002 	4.9657853277475988e-002 	-3.1291874990016276e-003 	4.6528665778474358e-002
1.9120000000000002e+002 	4.8087670502216441e-002 	-2.9793002954533960e-003 	4.5108370206763039e-002
1.9759999999999999e+002 	4.6586162286939709e-002 	-2.8393639587026135e-003 	4.3746798328237087e-002
2.0400000000000000e+002 	4.5149919699898601e-002 	-2.7085963821981895e-003 	4.2441323317700425e-002
2.1040000000000001e+002 	4.3775679283545088e-002 	-2.5862847897046774e-003 	4.1189394493840410e-002
2.1679999999999998e+002 	4.2460326217877820e-002 	-2.4717790810403865e-003 	3.9988547136837437e-002
2.2320000000000002e+002 	4.1200894555929291e-002 	-2.3644857085611706e-003 	3.8836408847368109e-002
2.2959999999999999e+002 	3.9994565349939858e-002 	-2.2638621762903644e-003 	3.7730703173649495e-002
2.3600000000000000e+002 	3.8838663281198907e-002 	-2.1694121307612836e-003 	3.6669251150437641e-002
2.4240000000000001e+002 	3.7730652253378724e-002 	-2.0806809836525055e-003 	3.5649971269726202e-002
2.4879999999999998e+002 	3.6668130294297267e-002 	-1.9972520078564890e-003 	3.4670878286440783e-002
2.5519999999999999e+002 	3.5648824024353591e-002 	-1.9187428424266518e-003 	3.3730081181926941e-002
2.6160000000000002e+002 	3.4670582884868309e-002 	-1.8448023533703531e-003 	3.2825780531497963e-002
2.6800000000000000e+002 	3.3731373269750821e-002 	-1.7751078159438936e-003 	3.1956265453806934e-002
2.7439999999999998e+002 	3.2829272666523961e-002 	-1.7106867310140662e-003 	3.1118585935509896e-002
2.8719999999999999e+002 	3.1141283154599665e-002 	-1.5925472368422621e-003 	2.9548735917757404e-002
3.0000000000000000e+002 	2.9552468220635755e-002 	-1.4843309367306150e-003 	2.8068137283905146e-002
3.1280000000000001e+002 	2.8094097399509566e-002 	-1.3869378811725674e-003 	2.6707159518336989e-002
3.2560000000000002e+002 	2.6741409886963587e-002 	-1.2992613355485548e-003 	2.5442148551415036e-002
3.3839999999999998e+002 	2.5484843043454296e-002 	-1.2201838961015236e-003 	2.4264659147352763e-002
3.5119999999999999e+002 	2.4315792876684433e-002 	-1.1486858715948091e-003 	2.3167107005089629e-002
3.6400000000000000e+002 	2.3226535348467553e-002 	-1.0838678361907799e-003 	2.2142667512276771e-002
3.7680000000000001e+002 	2.2210136954684490e-002 	-1.0249468584398928e-003 	2.1185190096244606e-002
3.8960000000000002e+002 	2.1260368795629057e-002 	-9.7124417316448754e-004 	2.0289124622464575e-002
4.0239999999999998e+002 	2.0371628325483317e-002 	-9.2217112879294739e-004 	1.9449457196690372e-002
4.1519999999999999e+002 	1.9538869519873988e-002 	-8.7721620627578020e-004 	1.8661653313598210e-002
4.2800000000000000e+002 	1.8757541053079807e-002 	-8.3593383544885384e-004 	1.7921607217630954e-002
4.4080000000000001e+002 	1.8023531736979688e-002 	-7.9793493519855166e-004 	1.7225596801781137e-002
4.5360000000000002e+002 	1.7333122417810386e-002 	-7.6287891169525156e-004 	1.6570243506115134e-002
4.6639999999999998e+002 	1.6682943567493558e-002 	-7.3046687564954662e-004 	1.5952476691844006e-002
4.7919999999999999e+002 	1.6069937877171675e-002 	-7.0043589123117784e-004 	1.5369501985940497e-002
4.9200000000000000e+002 	1.5491327236993157e-002 	-6.7255409053165456e-004 	1.4818773146461506e-002
5.0480000000000001e+002 	1.4944583559426761e-002 	-6.4661651079226225e-004 	1.4297967048634501e-002
5.1759999999999991e+002 	1.4427402970329203e-002 	-6.2244154361154255e-004 	1.3804961426717666e-002
5.3039999999999998e+002 	1.3937682951823523e-002 	-5.9986790457841035e-004 	1.3337815047245112e-002
5.4320000000000005e+002 	1.3473502073991403e-002 	-5.7920885087431903e-004 	1.2894293223117078e-002
5.6879999999999995e+002 	1.2621810741024184e-002 	-5.4169032281871886e-004 	1.2080120418205463e-002
5.9440000000000009e+002 	1.1835091454755749e-002 	-5.0763154820528057e-004 	1.1327459906550465e-002
6.2000000000000000e+002 	1.1130138640863478e-002 	-4.7726367858202186e-004 	1.0652874962281457e-002
6.4559999999999991e+002 	1.0489234516867623e-002 	-4.5010954743369681e-004 	1.0039124969433924e-002
6.7120000000000005e+002 	9.9047554714598619e-003 	-4.2571899179226881e-004 	9.4790364796675883e-003
6.9679999999999995e+002 	9.3701427667003678e-003 	-4.0370581666265983e-004 	8.9664369500377077e-003
7.2240000000000009e+002 	8.8797537008464371e-003 	-3.8374664797024264e-004 	8.4960070528761894e-003
7.4800000000000000e+002 	8.4287213612393667e-003 	-3.6557094818377581e-004 	8.0631504130555896e-003
7.7359999999999991e+002 	8.0128334099901118e-003 	-3.4895121450897315e-004 	7.6638821954811377e-003
7.9920000000000005e+002 	7.6284304188486869e-003 	-3.3369519057697505e-004 	7.2947352282717098e-003
8.2479999999999995e+002 	7.2723214139413569e-003 	-3.1963972537424291e-004 	6.9526816885671135e-003
8.5040000000000009e+002 	6.9417138096003819e-003 	-3.0664578352923073e-004 	6.6350680260711505e-003
8.7600000000000000e+002 	6.6341551568975003e-003 	-2.9459434456595283e-004 	6.3395608123315477e-003
9.0159999999999991e+002 	6.3474845452381320e-003 	-2.8338304287988758e-004 	6.0641015023582467e-003
9.2720000000000005e+002 	6.0797918955136972e-003 	-2.7292342925720758e-004 	5.8068684662564906e-003
9.5279999999999995e+002 	5.8293837236240839e-003 	-2.6313873982501944e-004 	5.5662449837990636e-003
9.7840000000000009e+002 	5.5947542295679553e-003 	-2.5396207072080751e-004 	5.3407921588471460e-003
1.0040000000000000e+003 	5.3745607881430539e-003 	-2.4533488003659377e-004 	5.1292259081064592e-003
1.0296000000000001e+003 	5.1676030928680681e-003 	-2.3720575691518408e-004 	4.9303973359528849e-003
1.0551999999999998e+003 	4.9728053445236451e-003 	-2.2952939958060040e-004 	4.7432759449430439e-003
1.0808000000000000e+003 	4.7892009871839010e-003 	-2.2226576058417149e-004 	4.5669352265997288e-003
1.1064000000000001e+003 	4.6159195840207723e-003 	-2.1537932892615874e-004 	4.4005402550946135e-003
1.1320000000000000e+003 	4.4521754970362690e-003 	-2.0893456815395604e-004 	4.2432409288823110e-003
1.1832000000000000e+003 	4.1527345571058128e-003 	-1.9695161842538697e-004 	3.9557829386804256e-003
1.2343999999999999e+003 	3.8777375377276714e-003 	-1.8584792378388592e-004 	3.6918896139437850e-003
1.2856000000000001e+003 	3.6322799007654527e-003 	-1.7567173265324855e-004 	3.4566081681122050e-003
1.3368000000000000e+003 	3.4099786570594179e-003 	-1.6630065148956046e-004 	3.2436780055698582e-003
1.3880000000000000e+003 	3.2079406290931914e-003 	-1.5762950561737030e-004 	3.0503111234758190e-003
1.4392000000000000e+003 	3.0237095378181098e-003 	-1.4957475574807735e-004 	2.8741347820700341e-003
1.4903999999999999e+003 	2.8551971645262501e-003 	-1.4206794540289928e-004 	2.7131292191233522e-003
1.5416000000000001e+003 	2.7006210986054570e-003 	-1.3505114521850206e-004 	2.5655699533869546e-003
1.5928000000000000e+003 	2.5584524878687143e-003 	-1.2847481193404152e-004 	2.4299776759346722e-003
1.6440000000000000e+003 	2.4273732961032149e-003 	-1.2229653955762434e-004 	2.3050767565455906e-003
1.6952000000000000e+003 	2.3062415838039983e-003 	-1.1648000496732147e-004 	2.1897615788366771e-003
1.7463999999999999e+003 	2.1940632866714609e-003 	-1.1099399405339101e-004 	2.0830692926180690e-003
1.7976000000000001e+003 	2.0899691858899151e-003 	-1.0581153958285727e-004 	1.9841576463070585e-003
1.8488000000000000e+003 	1.9931960180431751e-003 	-1.0090919232490186e-004 	1.8922868257182739e-003
1.9000000000000000e+003 	1.9030708949682583e-003 	-9.6266418580769698e-005 	1.8068044763874889e-003
1.9512000000000000e+003 	1.8189983828749698e-003 	-9.1865106550863824e-005 	1.7271332763241060e-003
2.0024000000000001e+003 	1.7404497297752366e-003 	-8.7689165609151210e-005 	1.6527605641660852e-003
2.0535999999999999e+003 	1.6669538382466230e-003 	-8.3724198580684042e-005 	1.5832296396659396e-003
2.1048000000000002e+003 	1.5980896639907593e-003 	-7.9957235548807192e-005 	1.5181324284419522e-003
2.1560000000000000e+003 	1.5334797853457643e-003 	-7.6376518517778751e-005 	1.4571032668279861e-003
2.2071999999999998e+003 	1.4727849393323764e-003 	-7.2971323015457904e-005 	1.3998136163169180e-003
2.2584000000000001e+003 	1.4156993593702509e-003 	-6.9775864840978930e-005 	1.3459234945292727e-003
2.3607999999999997e+003 	1.3119866133449280e-003 	-6.3845389281887158e-005 	1.2481412240630408e-003
2.4632000000000003e+003 	1.2176863710070100e-003 	-5.8392012028072493e-005 	1.1592943589789377e-003
2.5655999999999999e+003 	1.1343310629781133e-003 	-5.3440493169820726e-005 	1.0808905698082925e-003
2.6680000000000000e+003 	1.0595927911829996e-003 	-4.8937457316992336e-005 	1.0106553338660069e-003
2.7704000000000001e+003 	9.9234988157422747e-004 	-4.4840397506265958e-005 	9.4750948406796120e-004
2.8727999999999997e+003 	9.3165042715074816e-004 	-4.1113661277716048e-005 	8.9053676587303203e-004
2.9752000000000003e+003 	8.7668562717945939e-004 	-3.7724381493357168e-005 	8.3896124568610226e-004
3.0775999999999999e+003 	8.2676575320953600e-004 	-3.4641701847007082e-005 	7.9212405136252898e-004
3.1800000000000000e+003 	7.8130001027369061e-004 	-3.1837035022161129e-005 	7.4946297525152938e-004
3.2824000000000001e+003 	7.3978006651231572e-004 	-2.9284237027276532e-005 	7.1049582948503904e-004
3.3847999999999997e+003 	7.0176665946564381e-004 	-2.6959566773126882e-005 	6.7480709269251711e-004
3.4872000000000003e+003 	6.6687868348443103e-004 	-2.4841529139565912e-005 	6.4203715434486494e-004
3.5895999999999999e+003 	6.3478425476990829e-004 	-2.2910681332710983e-005 	6.1187357343719711e-004
3.6920000000000000e+003 	6.0519335223898089e-004 	-2.1149443592198906e-005 	5.8404390864678175e-004
3.7944000000000001e+003 	5.7785171963908367e-004 	-1.9541921908210726e-005 	5.5830979773087311e-004
3.8967999999999997e+003 	5.5253578347998298e-004 	-1.8073745410486839e-005 	5.3446203806949610e-004
3.9992000000000003e+003 	5.2904839463851084e-004 	-1.6731922130351667e-005 	5.1231647250815941e-004
4.1016000000000004e+003 	5.0721524227880389e-004 	-1.5504707793278085e-005 	4.9171053448552574e-004
4.2040000000000000e+003 	4.8688181999491885e-004 	-1.4381485563185652e-005 	4.7250033443173317e-004
4.3063999999999996e+003 	4.6791084819304974e-004 	-1.3352658179186539e-005 	4.5455819001386319e-004
4.4088000000000002e+003 	4.5018007545761293e-004 	-1.2409549706344798e-005 	4.3777052575126818e-004
4.5111999999999998e+003 	4.3358039630285461e-004 	-1.1561813459899219e-005 	4.2201858284295546e-004
4.7160000000000000e+003 	4.0361795994701342e-004 	-1.0070069498818779e-005 	3.9354789044819462e-004
4.9208000000000002e+003 	3.7647794592018420e-004 	-8.7784234709867039e-006 	3.6769952244919765e-004
5.1256000000000004e+003 	3.5263430649355319e-004 	-7.6781312810473395e-006 	3.4495617521250579e-004
5.3303999999999996e+003 	3.3131976892331554e-004 	-6.7360262610035997e-006 	3.2458374266231194e-004
5.5351999999999998e+003 	3.1216833664423173e-004 	-5.9279311570686731e-006 	3.0624040548716316e-004
5.7400000000000000e+003 	2.9487640684444893e-004 	-5.2337473845839897e-006 	2.8964265945986497e-004
5.9448000000000002e+003 	2.7919191634191508e-004 	-4.6358300579002552e-006 	2.7455608628401473e-004
6.1496000000000004e+003 	2.6490477573460529e-004 	-4.1189482643818308e-006 	2.6078582747022345e-004
6.3543999999999996e+003 	2.5183898750095947e-004 	-3.6702532678503671e-006 	2.4816873423310904e-004
6.5591999999999998e+003 	2.3984630586456536e-004 	-3.2790374246016751e-006 	2.3656726843996367e-004
6.7640000000000000e+003 	2.2880117246467028e-004 	-2.9364107432686857e-006 	2.2586476172140160e-004
6.9688000000000002e+003 	2.1859667003330943e-004 	-2.6349888649030502e-006 	2.1596168116840635e-004
7.1736000000000004e+003 	2.0914127848534951e-004 	-2.3686244146132175e-006 	2.0677265407073630e-004
7.3783999999999996e+003 	2.0035626220245910e-004 	-2.1321862592542479e-006 	1.9822407594320479e-004
7.5831999999999998e+003 	1.9217355503215320e-004 	-1.9213795245082382e-006 	1.9025217550764500e-004
7.7880000000000000e+003 	1.8453403943489939e-004 	-1.7325986881807785e-006 	1.8280144074671851e-004
7.9928000000000002e+003 	1.7738613931562341e-004 	-1.5628085074438020e-006 	1.7582333080817962e-004
8.1976000000000004e+003 	1.7068466377983459e-004 	-1.4094465341880920e-006 	1.6927521724564647e-004
8.4023999999999996e+003 	1.6438985261868868e-004 	-1.2703431344315975e-006 	1.6311950948425704e-004
8.6072000000000007e+003 	1.5846658475969467e-004 	-1.1436561385089036e-006 	1.5732292862118569e-004
8.8120000000000000e+003 	1.5288371898049800e-004 	-1.0271629186485240e-006 	1.5185655606184947e-004
9.2216000000000004e+003 	1.4273252307188175e-004 	-8.2309489685779198e-007 	1.4190942817502393e-004
9.6311999999999989e+003 	1.3338538406929465e-004 	-6.5204490029837593e-007 	1.3273333916899631e-004
1.0040800000000001e+004 	1.2509013573740901e-004 	-5.0247819188920760e-007 	1.2458765754551980e-004
1.0450400000000000e+004 	1.1759159885690362e-004 	-3.6901657287302951e-007 	1.1722258228403057e-004
1.0860000000000000e+004 	1.1078546373775439e-004 	-2.4979605490383604e-007 	1.1053566768285055e-004
1.1269600000000000e+004 	1.0458444192644758e-004 	-1.4297865977557818e-007 	1.0444146326667202e-004
1.1679199999999999e+004 	9.8915214085018631e-005 	-4.6625278659958546e-008 	9.8868588806358708e-005
1.2088800000000001e+004 	9.3715806054898873e-005 	4.0973166702400376e-008 	9.3756779221601267e-005
1.2498400000000000e+004 	8.8933470197294305e-005 	1.2119284386347082e-007 	8.9054663041157777e-005
1.2908000000000000e+004 	8.4523008499689237e-005 	1.9511095337326457e-007 	8.4718119453062484e-005
1.3317600000000000e+004 	8.0445448712060082e-005 	2.6356958875535149e-007 	8.0709018300815401e-005
1.3727200000000001e+004 	7.6666994004774149e-005 	3.2723219575742440e-007 	7.6994226200531601e-005
1.4136799999999999e+004 	7.3158182952743226e-005 	3.8662684484013831e-007 	7.3544809797583359e-005
1.4546400000000000e+004 	6.9893211711808149e-005 	4.4217816361000927e-007 	7.0335389875418147e-005
1.4956000000000000e+004 	6.6849382204421225e-005 	4.9423114942399048e-007 	6.7343613353845234e-005
1.5365600000000000e+004 	6.4006649113599619e-005 	5.4306912901586468e-007 	6.4549718242615497e-005
1.5775200000000001e+004 	6.1347245107611664e-005 	5.8892740031743064e-007 	6.1936172507929123e-005
1.6184799999999999e+004 	5.8855368588151101e-005 	6.3200386807123356e-007 	5.9487372456222339e-005
1.6594400000000001e+004 	5.6516921851501526e-005 	6.7246722863131953e-007 	5.7189389080132856e-005
1.7004000000000000e+004 	5.4319290231596534e-005 	7.1046321917395844e-007 	5.5029753450770475e-005
1.7413599999999999e+004 	5.2251154808567209e-005 	7.4611960098491116e-007 	5.2997274409552130e-005
1.7823200000000001e+004 	5.0302332798020784e-005 	7.7954999688891057e-007 	5.1081882794909698e-005
1.8232799999999999e+004 	4.8463640911651814e-005 	8.1085691627474766e-007 	4.9274497827926570e-005
1.8642399999999998e+004 	4.6726777891054386e-005 	8.4013412166079868e-007 	4.7566912012715177e-005
1.9052000000000000e+004 	4.5084223129783988e-005 	8.6746831444561535e-007 	4.5951691444229592e-005
1.9461600000000002e+004 	4.3529148860971126e-005 	8.9294050383762582e-007 	4.4422089364808741e-005
1.9871200000000001e+004 	4.2055343835405084e-005 	9.1662724759385394e-007 	4.2971971082998931e-005
2.0280799999999999e+004 	4.0657146773348711e-005 	9.3860131224126410e-007 	4.1595748085589972e-005
2.0690400000000001e+004 	3.9329388162606281e-005 	9.5893236691891061e-007 	4.0288320529525181e-005
2.1100000000000000e+004 	3.8067339210055545e-005 	9.7768746124798448e-007 	3.9045026671303522e-005
2.1509599999999999e+004 	3.6866666945501155e-005 	9.9493123902914060e-007 	3.7861598184530313e-005
2.1919200000000001e+004 	3.5723394634148524e-005 	1.0107264526033661e-006 	3.6734121086751890e-005
2.2328800000000003e+004 	3.4633866783773309e-005 	1.0251339507006822e-006 	3.5659000734474004e-005
2.2738399999999998e+004 	3.3594718140311477e-005 	1.0382127330704651e-006 	3.4632930873381954e-005
2.3148000000000000e+004 	3.2602846155219843e-005 	1.0500201678213269e-006 	3.3652866323041159e-005
2.3557600000000002e+004 	3.1655386482921161e-005 	1.0606120409915492e-006 	3.2715998523912705e-005
2.3967199999999997e+004 	3.0749691129482122e-005 	1.0700426354779687e-006 	3.1819733764960083e-005
2.4376799999999999e+004 	2.9883308926739853e-005 	1.0783647068327945e-006 	3.0961673633572640e-005
2.4786400000000001e+004 	2.9053968050725194e-005 	1.0856294828093843e-006 	3.0139597533534571e-005
2.5196000000000000e+004 	2.8259560341464985e-005 	1.0918866986163214e-006 	2.9351447040081301e-005
2.5605599999999999e+004 	2.7498127213181714e-005 	1.0976523831375576e-006 	2.8595779596319280e-005
-2250 0
-2.2500000000000000e+003 0.0000000000000000e+000 0.0000000000000000e+000
1
1 1 1 1
1
         t, ms                         dVp, mV                         dVs, mV                         dV, mV
2.5000000000000000e-001 	2.9676737069501555e-002 	6.4413806528155918e-004 	3.0320875134783126e-002
2.9999999999999999e-001 	2.9725946722850467e-002 	6.3104375092504076e-004 	3.0356990473775516e-002
3.4999999999999998e-001 	2.9750822533215260e-002 	6.1865445834856803e-004 	3.0369476991563837e-002
4.0000000000000002e-001 	2.9769584408381053e-002 	6.0757801391894553e-004 	3.0377162422299993e-002
4.5000000000000001e-001 	2.9786291558019623e-002 	5.9762766511509916e-004 	3.0383919223134714e-002
5.0000000000000000e-001 	2.9801771809517347e-002 	5.8863791470428728e-004 	3.0390409724221641e-002
5.5000000000000004e-001 	2.9816192907958637e-002 	5.8047010017377989e-004 	3.0396663008132409e-002
5.9999999999999998e-001 	2.9829618590771417e-002 	5.7301005241981577e-004 	3.0402628643191227e-002
6.5000000000000002e-001 	2.9842110789497091e-002 	5.6616409670177752e-004 	3.0408274886198870e-002
6.9999999999999996e-001 	2.9853739047531323e-002 	5.5985519259556097e-004 	3.0413594240126896e-002
7.5000000000000000e-001 	2.9864575538785753e-002 	5.5401964462733523e-004 	3.0418595183413090e-002
8.0000000000000004e-001 	2.9874690490911245e-002 	5.4860442041933363e-004 	3.0423294911330598e-002
8.4999999999999998e-001 	2.9884149643125350e-002 	5.4356500612618222e-004 	3.0427714649251539e-002
9.0000000000000002e-001 	2.9893013174964001e-002 	5.3886370548921858e-004 	3.0431876880453224e-002
9.4999999999999996e-001 	2.9901335474951000e-002 	5.3446829801830434e-004 	3.0435803772969301e-002
1.0000000000000000e+000 	2.9909165354345724e-002 	5.3035098613390681e-004 	3.0439516340479637e-002
1.0500000000000000e+000 	2.9916546453613517e-002 	5.2648756870884322e-004 	3.0443034022322377e-002
1.1000000000000001e+000 	2.9923517734629222e-002 	5.2285679042244097e-004 	3.0446374525051667e-002
1.1499999999999999e+000 	2.9930113979009628e-002 	5.1943983152782621e-004 	3.0449553810537457e-002
1.2000000000000000e+000 	2.9936366257853984e-002 	5.1628503384451379e-004 	3.0452651291698499e-002
1.3000000000000000e+000 	3.0067209450639655e-002 	5.1050222328378645e-004 	3.0577711673923438e-002
1.3999999999999999e+000 	2.9958509789776568e-002 	5.0520267761829281e-004 	3.0463712467394856e-002
1.5000000000000000e+000 	2.9968110400882136e-002 	5.0042692912059459e-004 	3.0468537330002734e-002
1.6000000000000001e+000 	2.9976904388802947e-002 	4.9611699305959376e-004 	3.0473021381862541e-002
1.7000000000000000e+000 	2.9984996861460677e-002 	4.9221481624734764e-004 	3.0477211677708022e-002
1.8000000000000000e+000 	2.9992475542910367e-002 	4.8866768407763810e-004 	3.0481143226988014e-002
1.8999999999999999e+000 	2.9999413865350683e-002 	4.8542923004284930e-004 	3.0484843095393534e-002
2.0000000000000000e+000 	3.0005873656452645e-002 	4.8245909677722195e-004 	3.0488332753229874e-002
2.1000000000000001e+000 	3.0011907326620162e-002 	4.7972227061619159e-004 	3.0491629597236367e-002
2.2000000000000002e+000 	3.0017559611544960e-002 	4.7718840460083171e-004 	3.0494748016145799e-002
2.2999999999999998e+000 	3.0022868948078135e-002 	4.7483121671393070e-004 	3.0497700164792075e-002
2.3999999999999999e+000 	3.0027868567427198e-002 	4.7262797055763170e-004 	3.0500496537984829e-002
2.5000000000000000e+000 	3.0032587370391679e-002 	4.7055902356435344e-004 	3.0503146393956019e-002
2.6000000000000001e+000 	3.0037050625061429e-002 	4.6860743513734636e-004 	3.0505658060198761e-002
2.7000000000000002e+000 	3.0041280538759551e-002 	4.6675862115180480e-004 	3.0508039159911352e-002
2.7999999999999998e+000 	3.0045296716578688e-002 	4.6500004800394514e-004 	3.0510296764582640e-002
2.8999999999999999e+000 	3.0049116543027193e-002 	4.6332096218418229e-004 	3.0512437505211366e-002
3.0000000000000000e+000 	3.0052755490048520e-002 	4.6171214820701933e-004 	3.0514467638255532e-002
3.1000000000000001e+000 	3.0056227380308987e-002 	4.6016571752369759e-004 	3.0516393097832689e-002
3.2000000000000002e+000 	3.0059544598169896e-002 	4.5867492032718177e-004 	3.0518219518497085e-002
3.2999999999999998e+000 	3.0062718273200732e-002 	4.5723398063762880e-004 	3.0519952253838356e-002
3.3999999999999999e+000 	3.0065758433035241e-002 	4.5585292640124632e-004 	3.0521611359436492e-002
3.6000000000000001e+000 	3.0106481077757770e-002 	4.5320546765221235e-004 	3.0559686545409994e-002
3.7999999999999998e+000 	3.0076772975156568e-002 	4.5066169813260944e-004 	3.0527434673289170e-002
4.0000000000000000e+000 	3.0081676391014282e-002 	4.4823430503475732e-004 	3.0529910696049045e-002
4.2000000000000002e+000 	3.0086237521606871e-002 	4.4590952929306356e-004 	3.0532147050899940e-002
4.4000000000000004e+000 	3.0090494332834599e-002 	4.4367508904263268e-004 	3.0534169421877241e-002
4.5999999999999996e+000 	3.0094479972514680e-002 	4.4152161322691234e-004 	3.0536001585741594e-002
4.7999999999999998e+000 	3.0098223773848312e-002 	4.3944208434428065e-004 	3.0537665858192585e-002
5.0000000000000000e+000 	3.0101752095559063e-002 	4.3743111671346290e-004 	3.0539183212272523e-002
5.2000000000000002e+000 	3.0105088953122604e-002 	4.3548447528029188e-004 	3.0540573428402894e-002
5.4000000000000004e+000 	3.0108256453619777e-002 	4.3359879214194795e-004 	3.0541855245761716e-002
5.5999999999999996e+000 	3.0111275064259490e-002 	4.3177139085487875e-004 	3.0543046455114367e-002
5.7999999999999998e+000 	3.0114163760605096e-002 	4.3000016226325160e-004 	3.0544163922868347e-002
6.0000000000000000e+000 	3.0116940089823664e-002 	4.2828346781995081e-004 	3.0545223557643612e-002
6.2000000000000002e+000 	3.0119620178498775e-002 	4.2662006065060336e-004 	3.0546240239149376e-002
6.4000000000000004e+000 	3.0122218719303991e-002 	4.2500901468880791e-004 	3.0547227733992807e-002
6.5999999999999996e+000 	3.0124748947229180e-002 	4.2344966194426883e-004 	3.0548198609173443e-002
6.7999999999999998e+000 	3.0127222626487225e-002 	4.2194153678098707e-004 	3.0549164163268212e-002
7.0000000000000000e+000 	3.0129650047865535e-002 	4.2048432349794170e-004 	3.0550134371363474e-002
7.2000000000000002e+000 	3.0132040050992355e-002 	4.1907781158840272e-004 	3.0551117862580763e-002
7.4000000000000004e+000 	3.0134400061737864e-002 	4.1772185663586117e-004 	3.0552121918373722e-002
7.5999999999999996e+000 	3.0136736148535383e-002 	4.1643582810148066e-004 	3.0553171976636869e-002
8.0000000000000000e+000 	3.0160208801338979e-002 	4.1401992849111207e-004 	3.0574228729830087e-002
8.4000000000000004e+000 	3.0145922668032264e-002 	4.1176583233882582e-004 	3.0557688500371088e-002
8.8000000000000007e+000 	3.0150438084770394e-002 	4.0970332290803991e-004 	3.0560141407678418e-002
9.1999999999999993e+000 	3.0154900755546016e-002 	4.0783268634137854e-004 	3.0562733441887400e-002
9.5999999999999996e+000 	3.0159298266940582e-002 	4.0615004283850166e-004 	3.0565448309779076e-002
1.0000000000000000e+001 	3.0163611328197677e-002 	4.0464951323505643e-004 	3.0568260841432719e-002
1.0400000000000000e+001 	3.0167815966296450e-002 	4.0332396352978154e-004 	3.0571139929826234e-002
1.0800000000000001e+001 	3.0171885461547952e-002 	4.0216524980829857e-004 	3.0574050711356247e-002
1.1199999999999999e+001 	3.0175791938197177e-002 	4.0116438575127611e-004 	3.0576956323948447e-002
1.1600000000000000e+001 	3.0179507615034705e-002 	4.0031173960172447e-004 	3.0579819354636439e-002
1.2000000000000000e+001 	3.0183005739862018e-002 	3.9959724857782620e-004 	3.0582602988439855e-002
1.2400000000000000e+001 	3.0186261251899771e-002 	3.9901062788112707e-004 	3.0585271879780902e-002
1.2800000000000001e+001 	3.0189251222358788e-002 	3.9854155902158584e-004 	3.0587792781380359e-002
1.3199999999999999e+001 	3.0191955115005505e-002 	3.9817984786220582e-004 	3.0590134962867704e-002
1.3600000000000000e+001 	3.0194354908309018e-002 	3.9791555479457182e-004 	3.0592270463103598e-002
1.4000000000000000e+001 	3.0196435114926395e-002 	3.9773909856468726e-004 	3.0594174213491081e-002
1.4400000000000000e+001 	3.0198182724544474e-002 	3.9764133730303794e-004 	3.0595824061847517e-002
1.4800000000000001e+001 	3.0199587096220396e-002 	3.9761362717473148e-004 	3.0597200723395137e-002
1.5199999999999999e+001 	3.0200639815136314e-002 	3.9764786139857681e-004 	3.0598287676534885e-002
1.5600000000000000e+001 	3.0201334529552697e-002 	3.9773649629352542e-004 	3.0599071025846220e-002
1.6000000000000000e+001 	3.0201666779320905e-002 	3.9788664063834654e-004 	3.0599553419959256e-002
1.6800000000000001e+001 	3.0214241106414481e-002 	3.9829923369109801e-004 	3.0612540340105580e-002
1.7600000000000001e+001 	3.0199344508873373e-002 	3.9879612504685913e-004 	3.0598140633920225e-002
1.8399999999999999e+001 	3.0196011849166361e-002 	3.9937383026917645e-004 	3.0595385679435552e-002
1.9199999999999999e+001 	3.0191265562982166e-002 	4.0001165436291187e-004 	3.0591277217345079e-002
2.0000000000000000e+001 	3.0185145683369077e-002 	4.0068578235941002e-004 	3.0585831465728491e-002
2.0800000000000001e+001 	3.0177700751178468e-002 	4.0137876213652699e-004 	3.0579079513314997e-002
2.1600000000000001e+001 	3.0168985426507668e-002 	4.0207992022028209e-004 	3.0571065346727933e-002
2.2399999999999999e+001 	3.0159058464290678e-002 	4.0278261446908257e-004 	3.0561841078759758e-002
2.3199999999999999e+001 	3.0147981061960878e-002 	4.0348248766594239e-004 	3.0551463549626814e-002
2.4000000000000000e+001 	3.0135815537624386e-002 	4.0417691266483088e-004 	3.0539992450289218e-002
2.4800000000000001e+001 	3.0122624287028364e-002 	4.0486483749740205e-004 	3.0527489124525773e-002
2.5600000000000001e+001 	3.0108468968038656e-002 	4.0554658356941470e-004 	3.0514015551608091e-002
2.6399999999999999e+001 	3.0093409869038933e-002 	4.0622353113529286e-004 	3.0499633400174218e-002
2.7199999999999999e+001 	3.0077505425351692e-002 	4.0689776308599937e-004 	3.0484403188437689e-002
2.8000000000000000e+001 	3.0060811853996214e-002 	4.0757173574658352e-004 	3.0468383589742805e-002
2.8800000000000001e+001 	3.0043382884155260e-002 	4.0824800757379006e-004 	3.0451630891729052e-002
2.9600000000000001e+001 	3.0025269564828920e-002 	4.0892903036509188e-004 	3.0434198595194025e-002
3.0399999999999999e+001 	3.0006520135478741e-002 	4.0961699567772263e-004 	3.0416137131156477e-002
3.1199999999999999e+001 	2.9987179948501887e-002 	4.1031372702197066e-004 	3.0397493675523853e-002
3.2000000000000000e+001 	2.9967291433091358e-002 	4.1102060961873348e-004 	3.0378312042710107e-002
3.2800000000000004e+001 	2.9946894095006976e-002 	4.1173855101356245e-004 	3.0358632646020539e-002
3.3600000000000001e+001 	2.9926024544275971e-002 	4.1246796563519444e-004 	3.0338492509911181e-002
3.4399999999999999e+001 	2.9904716546730811e-002 	4.1321288466182566e-004 	3.0317929431392641e-002
3.6000000000000000e+001 	2.9866168694847098e-002 	4.1473156514732184e-004 	3.0280900259994418e-002
3.7600000000000001e+001 	2.9815747889020156e-002 	4.1626915756167381e-004 	3.0232017046581818e-002
3.9199999999999996e+001 	2.9769304602584867e-002 	4.1781898287903974e-004 	3.0187123585463931e-002
4.0800000000000004e+001 	2.9721749921398054e-002 	4.1936478104101391e-004 	3.0141114702439072e-002
4.2399999999999999e+001 	2.9673194134051558e-002 	4.2088738138489420e-004 	3.0094081515436442e-002
4.4000000000000000e+001 	2.9623720647658391e-002 	4.2236646919479080e-004 	3.0046087116853179e-002
4.5600000000000001e+001 	2.9573389142708829e-002 	4.2378027689157771e-004 	2.9997169419600407e-002
4.7199999999999996e+001 	2.9522239009028867e-002 	4.2510681801667818e-004 	2.9947345827045550e-002
4.8800000000000004e+001 	2.9470292707113530e-002 	4.2632553088818630e-004 	2.9896618238001712e-002
5.0399999999999999e+001 	2.9417558908827867e-002 	4.2741828778790716e-004 	2.9844977196615771e-002
5.2000000000000000e+001 	2.9364035354102494e-002 	4.2836979829509811e-004 	2.9792405152397602e-002
5.3600000000000001e+001 	2.9309711400193089e-002 	4.2916772058400880e-004 	2.9738879120777093e-002
5.5199999999999996e+001 	2.9254570259811444e-002 	4.2980266312725717e-004 	2.9684372922938698e-002
5.6800000000000004e+001 	2.9198590936577246e-002 	4.3026812531258321e-004 	2.9628859061889837e-002
5.8399999999999999e+001 	2.9141749873804652e-002 	4.3056037921636450e-004 	2.9572310253021022e-002
6.0000000000000000e+001 	2.9084022337473800e-002 	4.3067829645273789e-004 	2.9514700633926534e-002
6.1600000000000001e+001 	2.9025383556537526e-002 	4.3062313018480785e-004 	2.9456006686722325e-002
6.3200000000000003e+001 	2.8965809645458647e-002 	4.3039826696596818e-004 	2.9396207912424619e-002
6.4799999999999997e+001 	2.8905278333054417e-002 	4.3000896281574690e-004 	2.9335287295870163e-002
6.6400000000000006e+001 	2.8843769522784311e-002 	4.2946207324135984e-004 	2.9273231596025677e-002
6.8000000000000000e+001 	2.8781265705887342e-002 	4.2876578798030861e-004 	2.9210031493867642e-002
6.9599999999999994e+001 	2.8717752249514391e-002 	4.2788354898411289e-004 	2.9145635798498506e-002
7.2799999999999997e+001 	2.8589479776185183e-002 	4.2574949064769284e-004 	2.9015229266832875e-002
7.6000000000000000e+001 	2.8453417523306847e-002 	4.2329243158566437e-004 	2.8876709954892506e-002
7.9200000000000003e+001 	2.8315065722875010e-002 	4.2051039909196236e-004 	2.8735576121966967e-002
8.2400000000000006e+001 	2.8172632398161600e-002 	4.1747944952763691e-004 	2.8590111847689233e-002
8.5599999999999994e+001 	2.8026198009315998e-002 	4.1428004050168019e-004 	2.8440478049817676e-002
8.8799999999999997e+001 	2.7875878071255935e-002 	4.1098966128370060e-004 	2.8286867732539647e-002
9.2000000000000000e+001 	2.7721817893617211e-002 	4.0767925782981358e-004 	2.8129497151447028e-002
9.5200000000000003e+001 	2.7564187055105948e-002 	4.0441154483942675e-004 	2.7968598599945372e-002
9.8400000000000006e+001 	2.7403174049016540e-002 	4.0124042263890822e-004 	2.7804414471655454e-002
1.0159999999999999e+002 	2.7238981336146231e-002 	3.9821104834706131e-004 	2.7637192384493279e-002
1.0480000000000001e+002 	2.7071820924881668e-002 	3.9536025184809439e-004 	2.7467181176729773e-002
1.0800000000000000e+002 	2.6901910524552923e-002 	3.9271711794451716e-004 	2.7294627642497443e-002
1.1119999999999999e+002 	2.6729470272271148e-002 	3.9030365022752595e-004 	2.7119773922498685e-002
1.1440000000000001e+002 	2.6554720004023858e-002 	3.8813547698654820e-004 	2.6942855481010396e-002
1.1759999999999999e+002 	2.6377877025420195e-002 	3.8622257531693415e-004 	2.6764099600737112e-002
1.2080000000000001e+002 	2.6199154328024773e-002 	3.8456999030371514e-004 	2.6583724318328481e-002
1.2400000000000000e+002 	2.6018759196026225e-002 	3.8317852941646051e-004 	2.6401937725442678e-002
1.2720000000000000e+002 	2.5836892148509240e-002 	3.8204541718933995e-004 	2.6218937565698586e-002
1.3039999999999998e+002 	2.5653746165968393e-002 	3.8116490016696893e-004 	2.6034911066135365e-002
1.3359999999999999e+002 	2.5469506154882766e-002 	3.8052879492851785e-004 	2.5850034949811283e-002
1.3680000000000001e+002 	2.5284348608815448e-002 	3.8012697800608296e-004 	2.5664475586821531e-002
1.4000000000000000e+002 	2.5098441429662274e-002 	3.8002401820915295e-004 	2.5478465447871440e-002
1.4640000000000001e+002 	2.4727380132642519e-002 	3.8042778877763047e-004 	2.5107807921420148e-002
1.5279999999999998e+002 	2.4350774036783394e-002 	3.8138491335220595e-004 	2.4732158950135617e-002
1.5920000000000002e+002 	2.3976163649471239e-002 	3.8292452042654245e-004 	2.4359088169897784e-002
1.6559999999999999e+002 	2.3602267288577370e-002 	3.8495621800221832e-004 	2.3987223506579582e-002
1.7200000000000000e+002 	2.3229887527483808e-002 	3.8738382295369313e-004 	2.3617271350437501e-002
1.7840000000000001e+002 	2.2859727536906661e-002 	3.9011165152804967e-004 	2.3249839188434710e-002
1.8479999999999998e+002 	2.2492397782548634e-002 	3.9304839858973897e-004 	2.2885446181138372e-002
1.9120000000000002e+002 	2.2128424427245833e-002 	3.9611028469172600e-004 	2.2524534711937556e-002
1.9759999999999999e+002 	2.1768257905356796e-002 	3.9922277743514222e-004 	2.2167480682791934e-002
2.0400000000000000e+002 	2.1412281085185454e-002 	4.0232097747678556e-004 	2.1814602062662253e-002
2.1040000000000001e+002 	2.1060816802954199e-002 	4.0534924459922211e-004 	2.1466166047553421e-002
2.1679999999999998e+002 	2.0714134704977780e-002 	4.0826051596934898e-004 	2.1122395220947145e-002
2.2320000000000002e+002 	2.0372457402877679e-002 	4.1101553821545293e-004 	2.0783472941093131e-002
2.2959999999999999e+002 	2.0035965978321288e-002 	4.1358209802294329e-004 	2.0449548076344227e-002
2.3600000000000000e+002 	1.9704804887647833e-002 	4.1593428031643973e-004 	2.0120739167964280e-002
2.4240000000000001e+002 	1.9379086321672141e-002 	4.1805176437212859e-004 	1.9797138086044275e-002
2.4879999999999998e+002 	1.9058894075926966e-002 	4.1991916122592388e-004 	1.9478813237152892e-002
2.5519999999999999e+002 	1.8744286984053799e-002 	4.2152539659161330e-004 	1.9165812380645426e-002
2.6160000000000002e+002 	1.8435301962903560e-002 	4.2286314488907176e-004 	1.8858165107792643e-002
2.6800000000000000e+002 	1.8131956713718762e-002 	4.2392831474593207e-004 	1.8555885028464690e-002
2.7439999999999998e+002 	1.7834252118757776e-002 	4.2462061374469532e-004 	1.8258872732502471e-002
2.8719999999999999e+002 	1.7259213673080628e-002 	4.2517674460753723e-004 	1.7684390417688160e-002
3.0000000000000000e+002 	1.6699221840520216e-002 	4.2487354740779936e-004 	1.7124095387928015e-002
3.1280000000000001e+002 	1.6164577112118488e-002 	4.2358661156313151e-004 	1.6588163723681614e-002
3.2560000000000002e+002 	1.5651204915594994e-002 	4.2137386077013958e-004 	1.6072578776365136e-002
3.3839999999999998e+002 	1.5158512953391871e-002 	4.1830861930983632e-004 	1.5576821572701708e-002
3.5119999999999999e+002 	1.4685848101902483e-002 	4.1446511388677087e-004 	1.5100313215789248e-002
3.6400000000000000e+002 	1.4232516214201772e-002 	4.0991814735668312e-004 	1.4642434361558460e-002
3.7680000000000001e+002 	1.3797798289420187e-002 	4.0474312701057924e-004 	1.4202541416430766e-002
3.8960000000000002e+002 	1.3380963369790016e-002 	3.9901457957007558e-004 	1.3779977949360095e-002
4.0239999999999998e+002 	1.2981278666242121e-002 	3.9280445685514759e-004 	1.3374083123097265e-002
4.1519999999999999e+002 	1.2598017402846844e-002 	3.8618091100649932e-004 	1.2984198313853340e-002
4.2800000000000000e+002 	1.2230464809299480e-002 	3.7920758568373914e-004 	1.2609672394983219e-002
4.4080000000000001e+002 	1.1877922620497562e-002 	3.7194328036094801e-004 	1.2249865900858508e-002
4.5360000000000002e+002 	1.1539712377610180e-002 	3.6444186596412827e-004 	1.1904154243574308e-002
4.6639999999999998e+002 	1.1215177770167027e-002 	3.5675235680231605e-004 	1.1571930126969346e-002
4.7919999999999999e+002 	1.0903686213561707e-002 	3.4891907765971459e-004 	1.1252605291221417e-002
4.9200000000000000e+002 	1.0604629819486166e-002 	3.4098189670093998e-004 	1.0945611716187109e-002
5.0480000000000001e+002 	1.0317425887080909e-002 	3.3297649442959077e-004 	1.0650402381510502e-002
5.1759999999999991e+002 	1.0041517018331088e-002 	3.2493465067259260e-004 	1.0366451669003676e-002
5.3039999999999998e+002 	9.7763709416695578e-003 	3.1688453721375999e-004 	1.0093255478883317e-002
5.4320000000000005e+002 	9.5214801117458250e-003 	3.0889229159558298e-004 	9.8303724033414076e-003
5.6879999999999995e+002 	9.0441271604586055e-003 	2.9309126131291742e-004 	9.3372184217715183e-003
5.9440000000000009e+002 	8.5938981451027605e-003 	2.7750995248847774e-004 	8.8714080975912362e-003
6.2000000000000000e+002 	8.1801721948825332e-003 	2.6228590153111437e-004 	8.4424580964136443e-003
6.4559999999999991e+002 	7.7959141573073201e-003 	2.4752476403820786e-004 	8.0434389213455276e-003
6.7120000000000005e+002 	7.4384963386090255e-003 	2.3329225385525500e-004 	7.6717885924642822e-003
6.9679999999999995e+002 	7.1055428288921427e-003 	2.1962418769837856e-004 	7.3251670165905211e-003
7.2240000000000009e+002 	6.7949125811103865e-003 	2.0653955823682322e-004 	7.0014521393472117e-003
7.4800000000000000e+002 	6.5046782455323296e-003 	1.9404675257881157e-004 	6.6987249981111411e-003
7.7359999999999991e+002 	6.2331048698359825e-003 	1.8214623967214501e-004 	6.4152511095081285e-003
7.9920000000000005e+002 	5.9786298840339997e-003 	1.7083217927183522e-004 	6.1494620633058359e-003
8.2479999999999995e+002 	5.7398448103522801e-003 	1.6009374854459381e-004 	5.8999385588968728e-003
8.5040000000000009e+002 	5.5154787699751816e-003 	1.4991633150129735e-004 	5.6653951014764801e-003
8.7600000000000000e+002 	5.3043837158925581e-003 	1.4028255306884206e-004 	5.4446662689613991e-003
9.0159999999999991e+002 	5.1055212662726394e-003 	1.3117313179406218e-004 	5.2366943980667003e-003
9.2720000000000005e+002 	4.9179509945868867e-003 	1.2256756379354600e-004 	5.0405185583804329e-003
9.5279999999999995e+002 	4.7408200310823786e-003 	1.1444466143201793e-004 	4.8552646925143945e-003
9.7840000000000009e+002 	4.5733538362460382e-003 	1.0678296285225987e-004 	4.6801367990982985e-003
1.0040000000000000e+003 	4.4148480167706013e-003 	9.9561046796304832e-005 	4.5144090635669066e-003
1.0296000000000001e+003 	4.2646610657070833e-003 	9.2757770076555725e-005 	4.3574188357836385e-003
1.0551999999999998e+003 	4.1222079202086655e-003 	8.6352436217563091e-005 	4.2085603564262298e-003
1.0808000000000000e+003 	3.9869542414521725e-003 	8.0324920031434106e-005 	4.0672791614836060e-003
1.1064000000000001e+003 	3.8584113320180862e-003 	7.4655757078044552e-005 	3.9330670890961317e-003
1.1320000000000000e+003 	3.7361316156758061e-003 	6.9466992474474175e-005 	3.8055986081502804e-003
1.1832000000000000e+003 	3.5104277596806461e-003 	6.0045450622954734e-005 	3.5704732103036003e-003
1.2343999999999999e+003 	3.3009697963559538e-003 	5.1463681861881077e-005 	3.3524334782178348e-003
1.2856000000000001e+003 	3.1118292992008069e-003 	4.3856619129747858e-005 	3.1556859183305545e-003
1.3368000000000000e+003 	2.9387888927080445e-003 	3.7168775028772551e-005 	2.9759576677368164e-003
1.3880000000000000e+003 	2.7800391026316104e-003 	3.1315222039059645e-005 	2.8113543246706700e-003
1.4392000000000000e+003 	2.6340154217883043e-003 	2.6205048059616285e-005 	2.6602204698479193e-003
1.4903999999999999e+003 	2.4993646820720629e-003 	2.1753658151359566e-005 	2.5211183402234234e-003
1.5416000000000001e+003 	2.3749131954539475e-003 	1.7885751013309049e-005 	2.3927989464672564e-003
1.5928000000000000e+003 	2.2596391388734370e-003 	1.4534772413216338e-005 	2.2741739112866533e-003
1.6440000000000000e+003 	2.1526493453326492e-003 	1.1641704557705361e-005 	2.1642910498903545e-003
1.6952000000000000e+003 	2.0531599913169987e-003 	9.1540201627520941e-006 	2.0623140114797503e-003
1.7463999999999999e+003 	1.9604805505939386e-003 	7.0248795743454379e-006 	1.9675054301682838e-003
1.7976000000000001e+003 	1.8740004350699393e-003 	5.2124888085407794e-006 	1.8792129238784803e-003
1.8488000000000000e+003 	1.7931778342004838e-003 	3.6795581259983968e-006 	1.7968573923264812e-003
1.9000000000000000e+003 	1.7175303537767200e-003 	2.3928301923398479e-006 	1.7199231839690595e-003
1.9512000000000000e+003 	1.6466271312891028e-003 	1.3226583498196876e-006 	1.6479497896389225e-003
2.0024000000000001e+003 	1.5800821674180202e-003 	4.4262998015982016e-007 	1.5805247973981799e-003
2.0535999999999999e+003 	1.5175486631444283e-003 	-2.7076978882800272e-007 	1.5172778933556005e-003
2.1048000000000002e+003 	1.4587141918124681e-003 	-8.3846138168904774e-007 	1.4578757304307790e-003
2.1560000000000000e+003 	1.4032965672414980e-003 	-1.2790443399922713e-006 	1.4020175229015061e-003
2.2071999999999998e+003 	1.3510402943890192e-003 	-1.6090420826786523e-006 	1.3494312523063409e-003
2.2584000000000001e+003 	1.3017135094566168e-003 	-1.7976017243754279e-006 	1.2999159077322409e-003
2.3607999999999997e+003 	1.2116556509342955e-003 	-1.9493534127574477e-006 	1.2097062975215385e-003
2.4632000000000003e+003 	1.1292757361266452e-003 	-1.9695358609387408e-006 	1.1273062002657064e-003
2.5655999999999999e+003 	1.0559991365736085e-003 	-1.8247614821140529e-006 	1.0541743750914945e-003
2.6680000000000000e+003 	9.8992538477726778e-004 	-1.5418733805378875e-006 	9.8838351139673031e-004
2.7704000000000001e+003 	9.3016386076664342e-004 	-1.1603533088974816e-006 	9.2900350745774626e-004
2.8727999999999997e+003 	8.7595163445349010e-004 	-7.1657862253378662e-007 	8.7523505583095664e-004
2.9752000000000003e+003 	8.2663465653555555e-004 	-2.3857230428003162e-007 	8.2639608423127524e-004
3.0775999999999999e+003 	7.8165045836841858e-004 	2.5327764882974611e-007 	7.8190373601724869e-004
3.1800000000000000e+003 	7.4051344761835269e-004 	7.4432151203378975e-007 	7.4125776913038682e-004
3.2824000000000001e+003 	7.0280273353317472e-004 	1.2241028170731252e-006 	7.0402683635024759e-004
3.3847999999999997e+003 	6.6815211351381779e-004 	1.6852819093263229e-006 	6.6983739542314437e-004
3.4872000000000003e+003 	6.3624182726921923e-004 	2.1228756071437035e-006 	6.3836470287636300e-004
3.5895999999999999e+003 	6.0679173719975846e-004 	2.5336941793249673e-006 	6.0932543137908325e-004
3.6920000000000000e+003 	5.7955565811244089e-004 	2.9159098038519809e-006 	5.8247156791629286e-004
3.7944000000000001e+003 	5.5431661661514329e-004 	3.2687205387390433e-006 	5.5758533715388249e-004
3.8967999999999997e+003 	5.3088286681567793e-004 	3.5920892872911173e-006 	5.3447495610296910e-004
3.9992000000000003e+003 	5.0908452511685943e-004 	3.8865380869616749e-006 	5.1297106320382117e-004
4.1016000000000004e+003 	4.8877071492523601e-004 	4.1529875599915513e-006 	4.9292370248522747e-004
4.2040000000000000e+003 	4.6980713379877613e-004 	4.3926344067201082e-006 	4.7419976820549652e-004
4.3063999999999996e+003 	4.5207397246966154e-004 	4.6068556222793219e-006 	4.5668082809194099e-004
4.4088000000000002e+003 	4.3546412844371171e-004 	4.7971355102955591e-006 	4.4026126395400737e-004
4.5111999999999998e+003 	4.1988166735138150e-004 	4.9673582018037932e-006 	4.2484902555318537e-004
4.7160000000000000e+003 	3.9167443814033993e-004 	5.2439874888633413e-006 	3.9691842562920333e-004
4.9208000000000002e+003 	3.6604260567029220e-004 	5.4388189627348192e-006 	3.7148142463302699e-004
5.1256000000000004e+003 	3.4344252251221775e-004 	5.5750412474481001e-006 	3.4901756375966576e-004
5.3303999999999996e+003 	3.2317686739244102e-004 	5.6673864439651256e-006 	3.2884425383640606e-004
5.5351999999999998e+003 	3.0491606439647938e-004 	5.7216037787037475e-006 	3.1063766817518310e-004
5.7400000000000000e+003 	2.8838539196683784e-004 	5.7425546587450294e-006 	2.9412794662558276e-004
5.9448000000000002e+003 	2.7335570528621970e-004 	5.7355939300168987e-006 	2.7909129921623651e-004
6.1496000000000004e+003 	2.5963518194050197e-004 	5.7059622053638270e-006 	2.6534114414586581e-004
6.3543999999999996e+003 	2.4706247119328067e-004 	5.6583242132785385e-006 	2.5272079540655915e-004
6.5591999999999998e+003 	2.3550114796829942e-004 	5.5966440281770629e-006 	2.4109779199647644e-004
6.7640000000000000e+003 	2.2483525671824524e-004 	5.5242215411802034e-006 	2.3035947825942544e-004
6.9688000000000002e+003 	2.1496573158323807e-004 	5.4437773449251051e-006 	2.2040950892816306e-004
7.1736000000000004e+003 	2.0580751191643740e-004 	5.3575419200599754e-006 	2.1116505383649730e-004
7.3783999999999996e+003 	1.9728720816586989e-004 	5.2673350771284276e-006 	2.0255454324299827e-004
7.5831999999999998e+003 	1.8934120418845433e-004 	5.1746344257780407e-006 	1.9451583861423242e-004
7.7880000000000000e+003 	1.8191410698948111e-004 	5.0806334136568267e-006 	1.8699474040313803e-004
7.9928000000000002e+003 	1.7495747430070440e-004 	4.9862902202646306e-006 	1.7994376452096906e-004
8.1976000000000004e+003 	1.6842876540210423e-004 	4.8923684504494345e-006 	1.7332113385255362e-004
8.4023999999999996e+003 	1.6229047216607571e-004 	4.7994710306442030e-006 	1.6708994319671999e-004
8.6072000000000007e+003 	1.5650939625392975e-004 	4.7080691421998091e-006 	1.6121746539612966e-004
8.8120000000000000e+003 	1.5105604535842378e-004 	4.6245354933933903e-006 	1.5568058085181719e-004
9.2216000000000004e+003 	1.4112822776531889e-004 	4.4610035628941950e-006 	1.4558923132821310e-004
9.6311999999999989e+003 	1.3197741633030283e-004 	4.2918731990187400e-006 	1.3626928952932161e-004
1.0040800000000001e+004 	1.2384449977645160e-004 	4.1351447669511896e-006 	1.2797964454340280e-004
1.0450400000000000e+004 	1.1648429266468557e-004 	3.9921671686754613e-006 	1.2047645983336103e-004
1.0860000000000000e+004 	1.0979681608456579e-004 	3.8606971168704503e-006 	1.1365751320143624e-004
1.1269600000000000e+004 	1.0369820937376231e-004 	3.7392584860347138e-006 	1.0743746785979701e-004
1.1679199999999999e+004 	9.8117877846464054e-005 	3.6270592353627825e-006 	1.0174493708182688e-004
1.2088800000000001e+004 	9.2996029910057777e-005 	3.5235012719733148e-006 	9.6519531182031102e-005
1.2498400000000000e+004 	8.8281681725513000e-005 	3.4279939076555472e-006 	9.1709675633168511e-005
1.2908000000000000e+004 	8.3931073203618209e-005 	3.3399289387012862e-006 	8.7271002142319496e-005
1.3317600000000000e+004 	7.9906414045584619e-005 	3.2586965108744129e-006 	8.3165110556459042e-005
1.3727200000000001e+004 	7.6174886339426014e-005 	3.1837024478020608e-006 	7.9358588787228047e-005
1.4136799999999999e+004 	7.2707845013955110e-005 	3.1143796563167612e-006 	7.5822224670271841e-005
1.4546400000000000e+004 	6.9480171276876503e-005 	3.0501945338509234e-006 	7.2530365810727425e-005
1.4956000000000000e+004 	6.6469745200698990e-005 	2.9906498678716278e-006 	6.9460395068570607e-005
1.5365600000000000e+004 	6.3657011948420556e-005 	2.9352856124836960e-006 	6.6592297560904263e-005
1.5775200000000001e+004 	6.1024622294163448e-005 	2.8836787108681669e-006 	6.3908301005031595e-005
1.6184799999999999e+004 	5.8557132637234863e-005 	2.8354419361923621e-006 	6.1392574573427232e-005
1.6594400000000001e+004 	5.6240753074058195e-005 	2.7902222083960913e-006 	5.9030975282454293e-005
1.7004000000000000e+004 	5.4063134603542770e-005 	2.7476986551433496e-006 	5.6810833258686110e-005
1.7413599999999999e+004 	5.2013188436037300e-005 	2.7075806728389966e-006 	5.4720769108876288e-005
1.7823200000000001e+004 	5.0080931816996422e-005 	2.6696057294609923e-006 	5.2750537546457414e-005
1.8232799999999999e+004 	4.8257355885848293e-005 	2.6335372941144056e-006 	5.0890893179962692e-005
1.8642399999999998e+004 	4.6534311951948219e-005 	2.5991628873073190e-006 	4.9133474839255527e-005
1.9052000000000000e+004 	4.4904413243628690e-005 	2.5662919210946048e-006 	4.7470705164723297e-005
1.9461600000000002e+004 	4.3360949720402749e-005 	2.5347538862030868e-006 	4.5895703606605833e-005
1.9871200000000001e+004 	4.1897813962729577e-005 	2.5043966928599421e-006 	4.4402210655589495e-005
2.0280799999999999e+004 	4.0509436494688031e-005 	2.4750848352355670e-006 	4.2984521329923615e-005
2.0690400000000001e+004 	3.9190729170382910e-005 	2.4466980233098103e-006 	4.1637427193692741e-005
2.1100000000000000e+004 	3.7937035478472488e-005 	2.4191296192680629e-006 	4.0356165097740557e-005
2.1509599999999999e+004 	3.6744086802397666e-005 	2.3922852164666742e-006 	3.9136372018864329e-005
2.1919200000000001e+004 	3.5607963824222839e-005 	2.3660817769198787e-006 	3.7974045601142714e-005
2.2328800000000003e+004 	3.4525062384108986e-005 	2.3404462145050584e-006 	3.6865508598614050e-005
2.2738399999999998e+004 	3.3492063211004699e-005 	2.3153142884174016e-006 	3.5807377499422087e-005
2.3148000000000000e+004 	3.2505905025393062e-005 	2.2906298970881025e-006 	3.4796534922481178e-005
2.3557600000000002e+004 	3.1563760587658335e-005 	2.2663441625587077e-006 	3.3830104750217025e-005
2.3967199999999997e+004 	3.0663015325476790e-005 	2.2424146400800205e-006 	3.2905429965556808e-005
2.4376799999999999e+004 	2.9801248224951480e-005 	2.2188046434054872e-006 	3.2020052868356965e-005
2.4786400000000001e+004 	2.8976214713223318e-005 	2.1954825586231872e-006 	3.1171697271846507e-005
2.5196000000000000e+004 	2.8185831296846202e-005 	2.1724213033719013e-006 	3.0358252600218110e-005
2.5605599999999999e+004 	2.7428161751505279e-005 	2.1494842403398719e-006 	2.9577645991845162e-005
