-2300 0
-2.3000000000000000e+003 0.0000000000000000e+000 0.0000000000000000e+000
1
1 1 1 1
1
         t, ms                         dVp, mV                         dVs, mV                         dV, mV
2.5000000000000000e-001 	1.3727670064347622e-001 	-3.4513629840866992e-003 	1.3382533765938953e-001
2.9999999999999999e-001 	1.3748044546579016e-001 	-3.4624250059585946e-003 	1.3401802045983152e-001
3.4999999999999998e-001 	1.3758344525214269e-001 	-3.4730256406433351e-003 	1.3411041961149928e-001
4.0000000000000002e-001 	1.3766113056898874e-001 	-3.4827763110922474e-003 	1.3417835425789662e-001
4.5000000000000001e-001 	1.3773030715585036e-001 	-3.4918018679850464e-003 	1.3423850528786530e-001
5.0000000000000000e-001 	1.3779440275586216e-001 	-3.5001921616771479e-003 	1.3429421059418509e-001
5.5000000000000004e-001 	1.3785411222990668e-001 	-3.5080135974460496e-003 	1.3434609863246064e-001
5.9999999999999998e-001 	1.3790969973103837e-001 	-3.5153171767447356e-003 	1.3439438255429367e-001
6.5000000000000002e-001 	1.3796142186271754e-001 	-3.5221433751424186e-003 	1.3443927848757511e-001
6.9999999999999996e-001 	1.3800956668451847e-001 	-3.5285252519854575e-003 	1.3448104143253303e-001
7.5000000000000000e-001 	1.3805443310600379e-001 	-3.5344906251239721e-003 	1.3451994248087984e-001
8.0000000000000004e-001 	1.3809631195544300e-001 	-3.5400636721352524e-003 	1.3455624828330781e-001
8.4999999999999998e-001 	1.3813547545891741e-001 	-3.5452660974884579e-003 	1.3459020936142890e-001
9.0000000000000002e-001 	1.3817217281172475e-001 	-3.5501179519274706e-003 	1.3462205485979728e-001
9.4999999999999996e-001 	1.3820662922602350e-001 	-3.5546381894604492e-003 	1.3465199103656303e-001
1.0000000000000000e+000 	1.3823904680970864e-001 	-3.5588450169628870e-003 	1.3468020179274573e-001
1.0500000000000000e+000 	1.3826960626460161e-001 	-3.5627560927458382e-003 	1.3470685017185571e-001
1.1000000000000001e+000 	1.3829846891551348e-001 	-3.5663886213269649e-003 	1.3473208029418651e-001
1.1499999999999999e+000 	1.3832577877624455e-001 	-3.5697593835068596e-003 	1.3475601939273776e-001
1.2000000000000000e+000 	1.3835166450097325e-001 	-3.5728019798217047e-003 	1.3477886252115159e-001
1.3000000000000000e+000 	1.3889334646071200e-001 	-3.5782197639521993e-003 	1.3531512669675982e-001
1.3999999999999999e+000 	1.3844334292758295e-001 	-3.5830217590325599e-003 	1.3486032116855032e-001
1.5000000000000000e+000 	1.3848309110214077e-001 	-3.5871588379882279e-003 	1.3489593226415242e-001
1.6000000000000001e+000 	1.3851949962018620e-001 	-3.5907109244198649e-003 	1.3492878869576630e-001
1.7000000000000000e+000 	1.3855300366825088e-001 	-3.5937611609417569e-003 	1.3495924250730915e-001
1.8000000000000000e+000 	1.3858396645675247e-001 	-3.5963873788061131e-003 	1.3498757907794637e-001
1.8999999999999999e+000 	1.3861269201901696e-001 	-3.5986594775704369e-003 	1.3501403254144648e-001
2.0000000000000000e+000 	1.3863943634082773e-001 	-3.6006389463158362e-003 	1.3503879739451188e-001
2.1000000000000001e+000 	1.3866441642129534e-001 	-3.6023791733227569e-003 	1.3506203724797261e-001
2.2000000000000002e+000 	1.3868781747635509e-001 	-3.6039260280897561e-003 	1.3508389144826530e-001
2.2999999999999998e+000 	1.3870979864625874e-001 	-3.6053185332438663e-003 	1.3510448011301490e-001
2.3999999999999999e+000 	1.3873049752051828e-001 	-3.6065895607574764e-003 	1.3512390795976079e-001
2.5000000000000000e+000 	1.3875003375160766e-001 	-3.6077665079892059e-003 	1.3514226724361841e-001
2.6000000000000001e+000 	1.3876851196148185e-001 	-3.6088719512393157e-003 	1.3515964001024250e-001
2.7000000000000002e+000 	1.3878602409130403e-001 	-3.6099242709381847e-003 	1.3517609982036582e-001
2.7999999999999998e+000 	1.3880265131253289e-001 	-3.6109382243267106e-003 	1.3519171308820616e-001
2.8999999999999999e+000 	1.3881846559838223e-001 	-3.6119254802726600e-003 	1.3520654011810956e-001
3.0000000000000000e+000 	1.3883353101199175e-001 	-3.6128951043542220e-003 	1.3522063590763753e-001
3.1000000000000001e+000 	1.3884790477772169e-001 	-3.6138539929777922e-003 	1.3523405078474390e-001
3.2000000000000002e+000 	1.3886163817030442e-001 	-3.6148072609762790e-003 	1.3524683090932813e-001
3.2999999999999998e+000 	1.3887477726953953e-001 	-3.6157585741642745e-003 	1.3525901869537527e-001
3.3999999999999999e+000 	1.3888736359255338e-001 	-3.6167090753455393e-003 	1.3527065451720785e-001
3.6000000000000001e+000 	1.3905595213546967e-001 	-3.6186258870710211e-003 	1.3543732624839866e-001
3.7999999999999998e+000 	1.3893296384589718e-001 	-3.6205584657782374e-003 	1.3531240538011885e-001
4.0000000000000000e+000 	1.3895326392812909e-001 	-3.6224903829855473e-003 	1.3533077354514347e-001
4.2000000000000002e+000 	1.3897214692144247e-001 	-3.6244249242111657e-003 	1.3534772199723141e-001
4.4000000000000004e+000 	1.3898977002634511e-001 	-3.6263622591442410e-003 	1.3536340776720091e-001
4.5999999999999996e+000 	1.3900627049072439e-001 	-3.6282980166037391e-003 	1.3537797247412064e-001
4.7999999999999998e+000 	1.3902176975200448e-001 	-3.6302257286003801e-003 	1.3539154402340411e-001
5.0000000000000000e+000 	1.3903637690507034e-001 	-3.6321387542195206e-003 	1.3540423815085079e-001
5.2000000000000002e+000 	1.3905019129940155e-001 	-3.6340310356982259e-003 	1.3541616026370337e-001
5.4000000000000004e+000 	1.3906330431330638e-001 	-3.6358971796841060e-003 	1.3542740713362236e-001
5.5999999999999996e+000 	1.3907580044933857e-001 	-3.6377322953009463e-003 	1.3543806815403758e-001
5.7999999999999998e+000 	1.3908775791937622e-001 	-3.6395317905041202e-003 	1.3544822612887211e-001
6.0000000000000000e+000 	1.3909924887834343e-001 	-3.6412911973712158e-003 	1.3545795768097227e-001
6.2000000000000002e+000 	1.3911033943545401e-001 	-3.6430060693189020e-003 	1.3546733336613515e-001
6.4000000000000004e+000 	1.3912108956881314e-001 	-3.6446719294456116e-003 	1.3547641763936752e-001
6.5999999999999996e+000 	1.3913155300827657e-001 	-3.6462842619370047e-003 	1.3548526874633959e-001
6.7999999999999998e+000 	1.3914177715460477e-001 	-3.6478385481852238e-003 	1.3549393860641953e-001
7.0000000000000000e+000 	1.3915180306192282e-001 	-3.6493303171423290e-003 	1.3550247274478047e-001
7.2000000000000002e+000 	1.3916166550533438e-001 	-3.6507552122520730e-003 	1.3551091029308227e-001
7.4000000000000004e+000 	1.3917139313249036e-001 	-3.6521090604133177e-003 	1.3551928407207708e-001
7.5999999999999996e+000 	1.3918100869412189e-001 	-3.6533561875650576e-003 	1.3552765250655674e-001
8.0000000000000000e+000 	1.3927801044956656e-001 	-3.6555963266889026e-003 	1.3562241412287762e-001
8.4000000000000004e+000 	1.3921861882583472e-001 	-3.6575578412001439e-003 	1.3556106098463458e-001
8.8000000000000007e+000 	1.3923693830599490e-001 	-3.6591777234685589e-003 	1.3557776058252632e-001
9.1999999999999993e+000 	1.3925488924108673e-001 	-3.6604403902963799e-003 	1.3559444885079042e-001
9.5999999999999996e+000 	1.3927238501961212e-001 	-3.6613430450441048e-003 	1.3561104197456797e-001
1.0000000000000000e+001 	1.3928930789250454e-001 	-3.6618904084610715e-003 	1.3562741748404347e-001
1.0400000000000000e+001 	1.3930551862026985e-001 	-3.6620924142110969e-003 	1.3564342620605868e-001
1.0800000000000001e+001 	1.3932086499627108e-001 	-3.6619631367816965e-003 	1.3565890185948942e-001
1.1199999999999999e+001 	1.3933518890753641e-001 	-3.6615198327799928e-003 	1.3567366907475650e-001
1.1600000000000000e+001 	1.3934833190606807e-001 	-3.6607818341897638e-003 	1.3568755007187838e-001
1.2000000000000000e+001 	1.3936013940606337e-001 	-3.6597693886693651e-003 	1.3570037001739410e-001
1.2400000000000000e+001 	1.3937046368688447e-001 	-3.6585025794130983e-003 	1.3571196110747144e-001
1.2800000000000001e+001 	1.3937916590171032e-001 	-3.6570004143461096e-003 	1.3572216548736435e-001
1.3199999999999999e+001 	1.3938611728622499e-001 	-3.6552801075881375e-003 	1.3573083717863693e-001
1.3600000000000000e+001 	1.3939119974557077e-001 	-3.6533565510792616e-003 	1.3573784319449142e-001
1.4000000000000000e+001 	1.3939430597268329e-001 	-3.6512419636785059e-003 	1.3574306400900485e-001
1.4400000000000000e+001 	1.3939533922831093e-001 	-3.6489456894748988e-003 	1.3574639353883602e-001
1.4800000000000001e+001 	1.3939421288668874e-001 	-3.6464741297514577e-003 	1.3574773875693727e-001
1.5199999999999999e+001 	1.3939084982994077e-001 	-3.6438307925795257e-003 	1.3574701903736122e-001
1.5600000000000000e+001 	1.3938518175735581e-001 	-3.6410164206765552e-003 	1.3574416533667924e-001
1.6000000000000000e+001 	1.3937714845544810e-001 	-3.6379551569483025e-003 	1.3573919329849976e-001
1.6800000000000001e+001 	1.3940724787973335e-001 	-3.6312515915949079e-003 	1.3577599628813841e-001
1.7600000000000001e+001 	1.3932030122973244e-001 	-3.6239082169481464e-003 	1.3569639301278436e-001
1.8399999999999999e+001 	1.3927662283738201e-001 	-3.6157331221769833e-003 	1.3566088971520504e-001
1.9199999999999999e+001 	1.3922249999971081e-001 	-3.6066149165021278e-003 	1.3561588508320860e-001
2.0000000000000000e+001 	1.3915779216131521e-001 	-3.5964697718501087e-003 	1.3556132238946511e-001
2.0800000000000001e+001 	1.3908240392404952e-001 	-3.5852090833116594e-003 	1.3549719484073783e-001
2.1600000000000001e+001 	1.3899627824982144e-001 	-3.5727408027543847e-003 	1.3542353744706698e-001
2.2399999999999999e+001 	1.3889939081173125e-001 	-3.5589817856400323e-003 	1.3534040902609126e-001
2.3199999999999999e+001 	1.3879174565466879e-001 	-3.5438648578088117e-003 	1.3524788079685995e-001
2.4000000000000000e+001 	1.3867337197021046e-001 	-3.5273401917634045e-003 	1.3514603177844706e-001
2.4800000000000001e+001 	1.3854432171272360e-001 	-3.5093744509590982e-003 	1.3503494726176454e-001
2.5600000000000001e+001 	1.3840466779882371e-001 	-3.4899497118898908e-003 	1.3491471808693387e-001
2.6399999999999999e+001 	1.3825450268157327e-001 	-3.4690625936761930e-003 	1.3478544008789717e-001
2.7199999999999999e+001 	1.3809393714506343e-001 	-3.4467234250502711e-003 	1.3464721372001315e-001
2.8000000000000000e+001 	1.3792309920748691e-001 	-3.4229552787850034e-003 	1.3450014392870185e-001
2.8800000000000001e+001 	1.3774213306428140e-001 	-3.3977928123773635e-003 	1.3434434025190406e-001
2.9600000000000001e+001 	1.3755119802564927e-001 	-3.3712809576426517e-003 	1.3417991706800667e-001
3.0399999999999999e+001 	1.3735046742864718e-001 	-3.3434735373835305e-003 	1.3400699389126372e-001
3.1199999999999999e+001 	1.3714012751627105e-001 	-3.3144318627327603e-003 	1.3382569565353833e-001
3.2000000000000000e+001 	1.3692037628581818e-001 	-3.2842233581421069e-003 	1.3363615292767606e-001
3.2800000000000004e+001 	1.3669142231531695e-001 	-3.2529202522769626e-003 	1.3343850206303998e-001
3.3600000000000001e+001 	1.3645348357935341e-001 	-3.2205983560090849e-003 	1.3323288522334434e-001
3.4399999999999999e+001 	1.3620678626655344e-001 	-3.1870343334884955e-003 	1.3301975193306492e-001
3.6000000000000000e+001 	1.3570923633335369e-001 	-3.1174827824114568e-003 	1.3259175355094219e-001
3.7600000000000001e+001 	1.3513793028281615e-001 	-3.0458575428621614e-003 	1.3209207273995399e-001
3.9199999999999996e+001 	1.3455735067027122e-001 	-2.9721599751233560e-003 	1.3158519069514782e-001
4.0800000000000004e+001 	1.3394862160077792e-001 	-2.8968864587057041e-003 	1.3105173514207222e-001
4.2399999999999999e+001 	1.3331374193077755e-001 	-2.8205453487205006e-003 	1.3049319658205713e-001
4.4000000000000000e+001 	1.3265469665327720e-001 	-2.7436144692088785e-003 	1.2991108218406833e-001
4.5600000000000001e+001 	1.3197343492778907e-001 	-2.6665307670161371e-003 	1.2930690416077290e-001
4.7199999999999996e+001 	1.3127185357805884e-001 	-2.5896834770285544e-003 	1.2868217010103028e-001
4.8800000000000004e+001 	1.3055178457497946e-001 	-2.5134097367350483e-003 	1.2803837483824443e-001
5.0399999999999999e+001 	1.2981498578209733e-001 	-2.4379944524472244e-003 	1.2737699132965014e-001
5.2000000000000000e+001 	1.2906313446540724e-001 	-2.3636732530687480e-003 	1.2669946121233849e-001
5.3600000000000001e+001 	1.2829782314451829e-001 	-2.2906367720417478e-003 	1.2600718637247654e-001
5.5199999999999996e+001 	1.2752055739917062e-001 	-2.2190352539331196e-003 	1.2530152214523751e-001
5.6800000000000004e+001 	1.2673275527805899e-001 	-2.1489831238024719e-003 	1.2458377215425651e-001
5.8399999999999999e+001 	1.2593574799396026e-001 	-2.0805634125007156e-003 	1.2385518458145950e-001
6.0000000000000000e+001 	1.2513078162619920e-001 	-2.0138319769296953e-003 	1.2311694964926953e-001
6.1600000000000001e+001 	1.2431901959040945e-001 	-1.9488214560995549e-003 	1.2237019813430990e-001
6.3200000000000003e+001 	1.2350154567162479e-001 	-1.8855449190252848e-003 	1.2161600075259948e-001
6.4799999999999997e+001 	1.2267936745149838e-001 	-1.8239991774138286e-003 	1.2085536827408458e-001
6.6400000000000006e+001 	1.2185341998982031e-001 	-1.7641677483446097e-003 	1.2008925224147568e-001
6.8000000000000000e+001 	1.2102456964865438e-001 	-1.7060234707154515e-003 	1.1931854617793893e-001
6.9599999999999994e+001 	1.2019361796905405e-001 	-1.6501357926953526e-003 	1.1854348217635866e-001
7.2799999999999997e+001 	1.1853768145816024e-001 	-1.5432105169134256e-003 	1.1699447094124678e-001
7.6000000000000000e+001 	1.1686449093901034e-001 	-1.4410759020705003e-003 	1.1542341503693981e-001
7.9200000000000003e+001 	1.1520385689637960e-001 	-1.3443907648126433e-003 	1.1385946613156696e-001
8.2400000000000006e+001 	1.1355097989930021e-001 	-1.2528649354823754e-003 	1.1229811496381786e-001
8.5599999999999994e+001 	1.1190904807021278e-001 	-1.1661358882549646e-003 	1.1074291218195779e-001
8.8799999999999997e+001 	1.1028074754606446e-001 	-1.0838327922406841e-003 	1.0919691475382376e-001
9.2000000000000000e+001 	1.0866831984771171e-001 	-1.0056032853906834e-003 	1.0766271656232101e-001
9.5200000000000003e+001 	1.0707362032879274e-001 	-9.3112424260800961e-004 	1.0614249608618474e-001
9.8400000000000006e+001 	1.0549817170239799e-001 	-8.6010468057352819e-004 	1.0463806702182457e-001
1.0159999999999999e+002 	1.0394321117030773e-001 	-7.9228503159614648e-004 	1.0315092613871163e-001
1.0480000000000001e+002 	1.0240973124601735e-001 	-7.2743497569989252e-004 	1.0168229627031750e-001
1.0800000000000000e+002 	1.0089851486519916e-001 	-6.6535079701125343e-004 	1.0023316406818791e-001
1.1119999999999999e+002 	9.9410165493138705e-002 	-6.0585262587779971e-004 	9.8804312867260935e-002
1.1440000000000001e+002 	9.7945132919025693e-002 	-5.4878170695359606e-004 	9.7396351212072116e-002
1.1759999999999999e+002 	9.6503735359255563e-002 	-4.9399777300478923e-004 	9.6009737586250754e-002
1.2080000000000001e+002 	9.5086178413834405e-002 	-4.4137658626891313e-004 	9.4644801827565517e-002
1.2400000000000000e+002 	9.3692571343850603e-002 	-3.9080769415754195e-004 	9.3301763649693031e-002
1.2720000000000000e+002 	9.2322941068742587e-002 	-3.4219242301978430e-004 	9.1980748645722782e-002
1.3039999999999998e+002 	9.0977244221184403e-002 	-2.9544211781915822e-004 	9.0681802103365197e-002
1.3359999999999999e+002 	8.9655377545445059e-002 	-2.5047661935709710e-004 	8.9404900926087924e-002
1.3680000000000001e+002 	8.8357186880655678e-002 	-2.0722295817259513e-004 	8.8149963922483088e-002
1.4000000000000000e+002 	8.7082474932296192e-002 	-1.6620025490167697e-004 	8.6916274677394489e-002
1.4640000000000001e+002 	8.4615743930781889e-002 	-8.8893617325994472e-005 	8.4526850313455901e-002
1.5279999999999998e+002 	8.2212322268087529e-002 	-1.6273916330848952e-005 	8.2196048351756659e-002
1.5920000000000002e+002 	7.9910574012690611e-002 	5.0973439894850921e-005 	7.9961547452585463e-002
1.6559999999999999e+002 	7.7694185449722467e-002 	1.1309502010037072e-004 	7.7807280469822840e-002
1.7200000000000000e+002 	7.5560289943100739e-002 	1.7040127565625545e-004 	7.5730691218757057e-002
1.7840000000000001e+002 	7.3505933419429570e-002 	2.2319552524898703e-004 	7.3729128944678562e-002
1.8479999999999998e+002 	7.1528127707346664e-002 	2.7175733690534972e-004 	7.1799885044251999e-002
1.9120000000000002e+002 	6.9623890718329778e-002 	3.1634647722903224e-004 	6.9940237195558821e-002
1.9759999999999999e+002 	6.7790276413896927e-002 	3.5720826067763429e-004 	6.8147484674574571e-002
2.0400000000000000e+002 	6.6024396808760794e-002 	3.9457586518284516e-004 	6.6418972673943630e-002
2.1040000000000001e+002 	6.4323437784824244e-002 	4.2867087208703364e-004 	6.4752108656911250e-002
2.1679999999999998e+002 	6.2684670114994304e-002 	4.5970337165402472e-004 	6.3144373486648323e-002
2.2320000000000002e+002 	6.1105456792818313e-002 	4.8787213236582477e-004 	6.1593328925184147e-002
2.2959999999999999e+002 	5.9583257523790442e-002 	5.1336490294814907e-004 	6.0096622426738605e-002
2.3600000000000000e+002 	5.8115631044905622e-002 	5.3635880445345374e-004 	5.8651989849359064e-002
2.4240000000000001e+002 	5.6700235792128580e-002 	5.5702076033266573e-004 	5.7257256552461236e-002
2.4879999999999998e+002 	5.5334829321089470e-002 	5.7550793821292885e-004 	5.5910337259302424e-002
2.5519999999999999e+002 	5.4017266797224711e-002 	5.9196819883009075e-004 	5.4609234996054794e-002
2.6160000000000002e+002 	5.2745498802415254e-002 	6.0654053921336930e-004 	5.3352039341628618e-002
2.6800000000000000e+002 	5.1517568650666548e-002 	6.1935552618316717e-004 	5.2136924176849730e-002
2.7439999999999998e+002 	5.0331609363138179e-002 	6.3001942053544642e-004 	5.0961628783673656e-002
2.8719999999999999e+002 	4.8093924884142908e-002 	6.4697606844433392e-004 	4.8740900952587242e-002
3.0000000000000000e+002 	4.5968443707499904e-002 	6.5980518962046653e-004 	4.6628248897120382e-002
3.1280000000000001e+002 	4.3996226627925614e-002 	6.6817800395018107e-004 	4.4664404631875806e-002
3.2560000000000002e+002 	4.2148969185607808e-002 	6.7266691186176647e-004 	4.2821636097469563e-002
3.3839999999999998e+002 	4.0416747224916109e-002 	6.7383246642866465e-004 	4.1090579691344789e-002
3.5119999999999999e+002 	3.8790504487968683e-002 	6.7215862308389889e-004 	3.9462663111052579e-002
3.6400000000000000e+002 	3.7261997431092070e-002 	6.6806431133921440e-004 	3.7930061742431284e-002
3.7680000000000001e+002 	3.5823725609123142e-002 	6.6191809803665199e-004 	3.6485643707159780e-002
3.8960000000000002e+002 	3.4468861869021254e-002 	6.5404485950109118e-004 	3.5122906728522356e-002
4.0239999999999998e+002 	3.3191186991864685e-002 	6.4472956279879425e-004 	3.3835916554663482e-002
4.1519999999999999e+002 	3.1985030050206878e-002 	6.3422091119626656e-004 	3.2619250961403140e-002
4.2800000000000000e+002 	3.0845214560177865e-002 	6.2273517705700742e-004 	3.1467949737234858e-002
4.4080000000000001e+002 	2.9767010096896144e-002 	6.1045997227327778e-004 	3.0377470069169420e-002
4.5360000000000002e+002 	2.8746088913983444e-002 	5.9755775729463919e-004 	2.9343646671278079e-002
4.6639999999999998e+002 	2.7778487085591150e-002 	5.8416900266879980e-004 	2.8362656088259934e-002
4.7919999999999999e+002 	2.6860569708060091e-002 	5.7041498217162516e-004 	2.7430984690231724e-002
4.9200000000000000e+002 	2.5988999731515167e-002 	5.5640021875860170e-004 	2.6545399950273770e-002
5.0480000000000001e+002 	2.5160710030292369e-002 	5.4221463174929855e-004 	2.5702924662041660e-002
5.1759999999999991e+002 	2.4372878359664375e-002 	5.2793541274661314e-004 	2.4900813772410994e-002
5.3039999999999998e+002 	2.3622904883111143e-002 	5.1362865867244105e-004 	2.4136533541783592e-002
5.4320000000000005e+002 	2.2908391988747157e-002 	4.9945510382448622e-004 	2.3407847092571644e-002
5.6879999999999995e+002 	2.1587500325634473e-002 	4.7149253655166698e-004 	2.2058992862186141e-002
5.9440000000000009e+002 	2.0357881381148617e-002 	4.4392469247756005e-004 	2.0801806073626181e-002
6.2000000000000000e+002 	1.9245546609020628e-002 	4.1704877760385852e-004 	1.9662595386624501e-002
6.4559999999999991e+002 	1.8225976877999921e-002 	3.9109849024424227e-004 	1.8617075368244165e-002
6.7120000000000005e+002 	1.7289029880337953e-002 	3.6620219305551893e-004 	1.7655232073393475e-002
6.9679999999999995e+002 	1.6425862021649293e-002 	3.4241474950402859e-004 	1.6768276771153324e-002
7.2240000000000009e+002 	1.5628765643268337e-002 	3.1975579527702790e-004 	1.5948521438545360e-002
7.4800000000000000e+002 	1.4891010273518357e-002 	2.9822609985133940e-004 	1.5189236373369698e-002
7.7359999999999991e+002 	1.4206702332199721e-002 	2.7781346062215377e-004 	1.4484515792821874e-002
7.9920000000000005e+002 	1.3570665252635812e-002 	2.5849570199392466e-004 	1.3829160954629742e-002
8.2479999999999995e+002 	1.2978338189466358e-002 	2.4024302905956759e-004 	1.3218581218525925e-002
8.5040000000000009e+002 	1.2425690631015682e-002 	2.2302012082911382e-004 	1.2648710751844797e-002
8.7600000000000000e+002 	1.1909150328653981e-002 	2.0678792330565515e-004 	1.2115938251959630e-002
9.0159999999999991e+002 	1.1425542302148909e-002 	1.9150510653239628e-004 	1.1617047408681306e-002
9.2720000000000005e+002 	1.0972037052107954e-002 	1.7712920135527839e-004 	1.1149166253463233e-002
9.5279999999999995e+002 	1.0546106441363711e-002 	1.6361745414510904e-004 	1.0709723895508822e-002
9.7840000000000009e+002 	1.0145485983419600e-002 	1.5092745173046724e-004 	1.0296413435150070e-002
1.0040000000000000e+003 	9.7681425020056268e-003 	1.3901757689181873e-004 	9.9071600788974458e-003
1.0296000000000001e+003 	9.4122463088584657e-003 	1.2784732696716151e-004 	9.5400936358256243e-003
1.0551999999999998e+003 	9.0761471954909651e-003 	1.1737753035870208e-004 	9.1935247258496684e-003
1.0808000000000000e+003 	8.7583536551647211e-003 	1.0757048913342940e-004 	8.8659241442981453e-003
1.1064000000000001e+003 	8.4575148496337967e-003 	9.8390057683181987e-005 	8.5559049073169781e-003
1.1320000000000000e+003 	8.1724049154309475e-003 	9.0060017635350335e-005 	8.2624649330663019e-003
1.1832000000000000e+003 	7.6488865462272966e-003 	7.5062158675910269e-005 	7.7239487049032074e-003
1.2343999999999999e+003 	7.1658783152628849e-003 	6.1476422298789286e-005 	7.2273547375616750e-003
1.2856000000000001e+003 	6.7325246559175210e-003 	4.9554561414932555e-005 	6.7820792173324523e-003
1.3368000000000000e+003 	6.3382725265612458e-003 	3.9211244511396700e-005 	6.3774837710726439e-003
1.3880000000000000e+003 	5.9784429410206837e-003 	3.0297827208133434e-005 	6.0087407682288159e-003
1.4392000000000000e+003 	5.6490346071260368e-003 	2.2651152421056327e-005 	5.6716857595470963e-003
1.4903999999999999e+003 	5.3466222225024233e-003 	1.6119526735007797e-005 	5.3627417492374298e-003
1.5416000000000001e+003 	5.0682630218380461e-003 	1.0568829133398257e-005 	5.0788318509714433e-003
1.5928000000000000e+003 	4.8114174463919938e-003 	5.8813246268315484e-006 	4.8172987710188254e-003
1.6440000000000000e+003 	4.5738836167067941e-003 	1.9531728123108690e-006 	4.5758367895191061e-003
1.6952000000000000e+003 	4.3537436355526697e-003 	-1.3076703294992730e-006 	4.3524359652231713e-003
1.7463999999999999e+003 	4.1493195850514798e-003 	-3.9830159062811553e-006 	4.1453365691451983e-003
1.7976000000000001e+003 	3.9591373483480637e-003 	-6.1456491677576585e-006 	3.9529916991803060e-003
1.8488000000000000e+003 	3.7818967273702923e-003 	-7.8603225781797856e-006 	3.7740364047921106e-003
1.9000000000000000e+003 	3.6164466371021134e-003 	-9.1846094728890803e-006 	3.6072620276292253e-003
1.9512000000000000e+003 	3.4617644099996904e-003 	-1.0169659652914671e-005 	3.4515947503467744e-003
2.0024000000000001e+003 	3.3169384445683519e-003 	-1.0860872500140610e-005 	3.3060775720682111e-003
2.0535999999999999e+003 	3.1811535887929033e-003 	-1.1298499308811207e-005 	3.1698550894840921e-003
2.1048000000000002e+003 	3.0536787714418277e-003 	-1.1518188200121508e-005 	3.0421605832417061e-003
2.1560000000000000e+003 	2.9338564900199017e-003 	-1.1551472330969996e-005 	2.9223050176889320e-003
2.2071999999999998e+003 	2.8210938394312253e-003 	-1.1426205398901894e-005 	2.8096676340323241e-003
2.2584000000000001e+003 	2.7148548249324826e-003 	-1.1093086430711211e-005 	2.7037617385017713e-003
2.3607999999999997e+003 	2.5213894620967178e-003 	-1.0130857850002249e-005 	2.5112586042467149e-003
2.4632000000000003e+003 	2.3449759253016829e-003 	-9.0521146430770486e-006 	2.3359238106586055e-003
2.5655999999999999e+003 	2.1885696014998460e-003 	-7.7972370972910040e-006 	2.1807723644025547e-003
2.6680000000000000e+003 	2.0479516247575817e-003 	-6.4006688141430166e-006 	2.0415509559434386e-003
2.7704000000000001e+003 	1.9211148346053339e-003 	-4.9234696077175419e-006 	1.9161913649976168e-003
2.8727999999999997e+003 	1.8063485961008383e-003 	-3.4225508214096195e-006 	1.8029260452794280e-003
2.9752000000000003e+003 	1.7021935030583134e-003 	-1.9402005181964244e-006 	1.7002533025401172e-003
3.0775999999999999e+003 	1.6074001925860352e-003 	-5.0528916398853629e-007 	1.6068949034220472e-003
3.1800000000000000e+003 	1.5208946220323391e-003 	8.6318172692843021e-007 	1.5217578037592676e-003
3.2824000000000001e+003 	1.4417495188971232e-003 	2.1531905436000789e-006 	1.4439027094407233e-003
3.3847999999999997e+003 	1.3691610485335355e-003 	3.3577185323710067e-006 	1.3725187670659068e-003
3.4872000000000003e+003 	1.3024297148033453e-003 	4.4733932636325397e-006 	1.3069031080669780e-003
3.5895999999999999e+003 	1.2409446524131479e-003 	5.4995124365477892e-006 	1.2464441648496957e-003
3.6920000000000000e+003 	1.1841706349757760e-003 	6.4373119061440430e-006 	1.1906079468819203e-003
3.7944000000000001e+003 	1.1316372666662321e-003 	7.2894065257624413e-006 	1.1389266731919945e-003
3.8967999999999997e+003 	1.0829299402508384e-003 	8.0593605839677158e-006 	1.0909893008348057e-003
3.9992000000000003e+003 	1.0376822333521859e-003 	8.7513604280647385e-006 	1.0464335937802509e-003
4.1016000000000004e+003 	9.9556948334195757e-004 	9.3699649738266897e-006 	1.0049394483157845e-003
4.2040000000000000e+003 	9.5630333401355719e-004 	9.9199173156622738e-006 	9.6622325132921948e-004
4.3063999999999996e+003 	9.1962708805338317e-004 	1.0406005639678952e-005 	9.3003309369306213e-004
4.4088000000000002e+003 	8.8531173119531714e-004 	1.0832961499504107e-005 	8.9614469269482108e-004
4.5111999999999998e+003 	8.5315251898737579e-004 	1.1207415462291385e-005 	8.6435993444966726e-004
4.7160000000000000e+003 	7.9502242825411830e-004 	1.1805776281256254e-005 	8.0682820453537474e-004
4.9208000000000002e+003 	7.4228459848134777e-004 	1.2221605505412163e-005 	7.5450620398675983e-004
5.1256000000000004e+003 	6.9586893598413166e-004 	1.2501698283622051e-005 	7.0837063426775404e-004
5.3303999999999996e+003 	6.5431241926375457e-004 	1.2679846638795771e-005 	6.6699226590255024e-004
5.5351999999999998e+003 	6.1692029453684931e-004 	1.2771333650248701e-005 	6.2969162818709797e-004
5.7400000000000000e+003 	5.8311488696093398e-004 	1.2788801758468590e-005 	5.9590368871940242e-004
5.9448000000000002e+003 	5.5241550419610110e-004 	1.2745165814493117e-005 	5.6516067001059398e-004
6.1496000000000004e+003 	5.2442064560775166e-004 	1.2652589825338463e-005 	5.3707323543309001e-004
6.3543999999999996e+003 	4.9879329276319626e-004 	1.2521685277038974e-005 	5.1131497804023541e-004
6.5591999999999998e+003 	4.7524904109521156e-004 	1.2361346850971155e-005 	4.8761038794618275e-004
6.7640000000000000e+003 	4.5354659309420611e-004 	1.2178895383163708e-005 	4.6572548847736961e-004
6.9688000000000002e+003 	4.3348014262031896e-004 	1.1980304713969615e-005 	4.4546044733428854e-004
7.1736000000000004e+003 	4.1487325459546126e-004 	1.1770424425555728e-005 	4.2664367902101697e-004
7.3783999999999996e+003 	3.9757392443188469e-004 	1.1553173447106500e-005 	4.0912709787899117e-004
7.5831999999999998e+003 	3.8145057023216929e-004 	1.1331703517537019e-005 	3.9278227374970633e-004
7.7880000000000000e+003 	3.6638876551380690e-004 	1.1108534843857999e-005 	3.7749730035766487e-004
7.9928000000000002e+003 	3.5228856265093509e-004 	1.0885669608290978e-005 	3.6317423225922597e-004
8.1976000000000004e+003 	3.3906228986277240e-004 	1.0664686043619488e-005 	3.4972697590639174e-004
8.4023999999999996e+003 	3.2663272966929790e-004 	1.0446815318967728e-005 	3.3707954498826556e-004
8.6072000000000007e+003 	3.1493160608713405e-004 	1.0233005261107481e-005 	3.2516461134824142e-004
8.8120000000000000e+003 	3.0389832283684578e-004 	1.0036230114305618e-005 	3.1393455295115148e-004
9.2216000000000004e+003 	2.8382436953355318e-004 	9.6530481876946307e-006 	2.9347741772124789e-004
9.6311999999999989e+003 	2.6533086712006492e-004 	9.2621850700187468e-006 	2.7459305219008369e-004
1.0040800000000001e+004 	2.4890638081920507e-004 	8.8995113687009111e-006 	2.5780589218790608e-004
1.0450400000000000e+004 	2.3405077201546953e-004 	8.5675851414634195e-006 	2.4261835715693296e-004
1.0860000000000000e+004 	2.2055985006141354e-004 	8.2617812936761119e-006 	2.2882163135508969e-004
1.1269600000000000e+004 	2.0826254338978978e-004 	7.9789134215237673e-006 	2.1624145681131365e-004
1.1679199999999999e+004 	1.9701499963244544e-004 	7.7171542056197454e-006 	2.0473215383806518e-004
1.2088800000000001e+004 	1.8669550243793562e-004 	7.4750884371690340e-006 	1.9417059087510464e-004
1.2498400000000000e+004 	1.7720036025795503e-004 	7.2513404253546416e-006 	1.8445170068330969e-004
1.2908000000000000e+004 	1.6844064754901604e-004 	7.0445205686623816e-006 	1.7548516811767843e-004
1.3317600000000000e+004 	1.6033962852920344e-004 	6.8532543596033113e-006 	1.6719288288880678e-004
1.3727200000000001e+004 	1.5283071062928828e-004 	6.6762148856005534e-006 	1.5950692551488886e-004
1.4136799999999999e+004 	1.4585580584598173e-004 	6.5121441626801562e-006 	1.5236795000866181e-004
1.4546400000000000e+004 	1.3936400706346266e-004 	6.3598634703465217e-006 	1.4572387053380918e-004
1.4956000000000000e+004 	1.3331050937696201e-004 	6.2182774675870802e-006 	1.3952878684454913e-004
1.5365600000000000e+004 	1.2765572374752075e-004 	6.0863750168783290e-006 	1.3374209876439904e-004
1.5775200000000001e+004 	1.2236454309348113e-004 	5.9632270608047680e-006 	1.2832777015428585e-004
1.6184799999999999e+004 	1.1740573033030347e-004 	5.8479832134100357e-006 	1.2325371354371346e-004
1.6594400000000001e+004 	1.1275140482803140e-004 	5.7398675614092663e-006 	1.1849127238944063e-004
1.7004000000000000e+004 	1.0837660894224553e-004 	5.6381741968570352e-006 	1.1401478313910249e-004
1.7413599999999999e+004 	1.0425894018101899e-004 	5.5422625190464305e-006 	1.0980120270006539e-004
1.7823200000000001e+004 	1.0037823754091072e-004 	5.4515522840638067e-006 	1.0582978982497446e-004
1.8232799999999999e+004 	9.6716312828330487e-005 	5.3655190190300589e-006 	1.0208183184736051e-004
1.8642399999999998e+004 	9.3256719554083610e-005 	5.2836897511501507e-006 	9.8540409305233778e-005
1.9052000000000000e+004 	8.9984553375290860e-005 	5.2056384536461686e-006 	9.5190191828937055e-005
1.9461600000000002e+004 	8.6886279154684158e-005 	5.1309819255354985e-006 	9.2017261080219669e-005
1.9871200000000001e+004 	8.3949580578542360e-005 	5.0593764246295380e-006 	8.9008957003171898e-005
2.0280799999999999e+004 	8.1163228973618300e-005 	4.9905137246544153e-006 	8.6153742698272687e-005
2.0690400000000001e+004 	7.8516968527564401e-005 	4.9241180252284232e-006 	8.3441086552792822e-005
2.1100000000000000e+004 	7.6001415575664043e-005 	4.8599429670217386e-006 	8.0861358542685786e-005
2.1509599999999999e+004 	7.3607969991145120e-005 	4.7977684851517036e-006 	7.8405738476296815e-005
2.1919200000000001e+004 	7.1328737023923939e-005 	4.7373989047773577e-006 	7.6066135928701305e-005
2.2328800000000003e+004 	6.9156458186631214e-005 	4.6786601976256220e-006 	7.3835118384256852e-005
2.2738399999999998e+004 	6.7084449997487471e-005 	4.6213974585117614e-006 	7.1705847455999248e-005
2.3148000000000000e+004 	6.5106549564855777e-005 	4.5654733841599780e-006 	6.9672022949015741e-005
2.3557600000000002e+004 	6.3217066145549637e-005 	4.5107665073037535e-006 	6.7727832652853388e-005
2.3967199999999997e+004 	6.1410737931735259e-005 	4.4571694865614269e-006 	6.5867907418296697e-005
2.4376799999999999e+004 	5.9682693425651523e-005 	4.4045876272150297e-006 	6.4087281052866538e-005
2.4786400000000001e+004 	5.8028416848924079e-005 	4.3529376000362084e-006 	6.2381354448960320e-005
2.5196000000000000e+004 	5.6443717107924116e-005 	4.3021461549569755e-006 	6.0745863262881103e-005
2.5605599999999999e+004 	5.4924699900088445e-005 	4.2517668685950561e-006 	5.9176466768683489e-005
-2600 0
-2.6000000000000000e+003 0.0000000000000000e+000 0.0000000000000000e+000
1
1 1 1 1
1
         t, ms                         dVp, mV                         dVs, mV                         dV, mV
2.5000000000000000e-001 	1.1004494949582978e-001 	-6.2015726016623925e-003 	1.0384337689416746e-001
2.9999999999999999e-001 	1.1020298178009241e-001 	-6.2035790000981193e-003 	1.0399940277999432e-001
3.4999999999999998e-001 	1.1028287382587065e-001 	-6.2055912875944013e-003 	1.0407728253827624e-001
4.0000000000000002e-001 	1.1034313081141260e-001 	-6.2076185333983782e-003 	1.0413551227801422e-001
4.5000000000000001e-001 	1.1039678770066769e-001 	-6.2096557591041508e-003 	1.0418713194156359e-001
5.0000000000000000e-001 	1.1044650325142871e-001 	-6.2116835275865664e-003 	1.0423481972384216e-001
5.5000000000000004e-001 	1.1049281651776523e-001 	-6.2136796361463046e-003 	1.0427913688161891e-001
5.9999999999999998e-001 	1.1053593245829570e-001 	-6.2156237156802329e-003 	1.0432030874261547e-001
6.5000000000000002e-001 	1.1057605015345726e-001 	-6.2174985750606667e-003 	1.0435855157839659e-001
6.9999999999999996e-001 	1.1061339306777086e-001 	-6.2192903657547474e-003 	1.0439410270201614e-001
7.5000000000000000e-001 	1.1064819307215291e-001 	-6.2209884067082081e-003 	1.0442720466544475e-001
8.0000000000000004e-001 	1.1068067575849637e-001 	-6.2225849324280972e-003 	1.0445809082606827e-001
8.4999999999999998e-001 	1.1071105228929559e-001 	-6.2240748110236081e-003 	1.0448697747827194e-001
9.0000000000000002e-001 	1.1073951595781940e-001 	-6.2254552377798518e-003 	1.0451406072003958e-001
9.4999999999999996e-001 	1.1076624145421950e-001 	-6.2267254253869321e-003 	1.0453951602883259e-001
1.0000000000000000e+000 	1.1079138554456393e-001 	-6.2278862934488288e-003 	1.0456349925111508e-001
1.0500000000000000e+000 	1.1081508839246219e-001 	-6.2289401665751526e-003 	1.0458614822588697e-001
1.1000000000000001e+000 	1.1083747512983450e-001 	-6.2298904912269810e-003 	1.0460758463860748e-001
1.1499999999999999e+000 	1.1085865746125566e-001 	-6.2307415784553797e-003 	1.0462791588280025e-001
1.2000000000000000e+000 	1.1087873517767674e-001 	-6.2314662677930167e-003 	1.0464726890988374e-001
1.3000000000000000e+000 	1.1129886981118906e-001 	-6.2326571708543506e-003 	1.0506621264033467e-001
1.3999999999999999e+000 	1.1094984351384211e-001 	-6.2336102436081516e-003 	1.0471623327023397e-001
1.5000000000000000e+000 	1.1098067325207654e-001 	-6.2343090712252284e-003 	1.0474636418085134e-001
1.6000000000000001e+000 	1.1100891263639433e-001 	-6.2347885619806189e-003 	1.0477412407441372e-001
1.7000000000000000e+000 	1.1103489921510204e-001 	-6.2350855374267546e-003 	1.0479981367767530e-001
1.8000000000000000e+000 	1.1105891470851174e-001 	-6.2352348120464822e-003 	1.0482367989646535e-001
1.8999999999999999e+000 	1.1108119493597542e-001 	-6.2352677474591866e-003 	1.0484592718851619e-001
2.0000000000000000e+000 	1.1110193845045295e-001 	-6.2352118160402068e-003 	1.0486672663441277e-001
2.1000000000000001e+000 	1.1112131356377893e-001 	-6.2350906071158788e-003 	1.0488622295666306e-001
2.2000000000000002e+000 	1.1113946393615140e-001 	-6.2349240207204238e-003 	1.0490453991543103e-001
2.2999999999999998e+000 	1.1115651300222411e-001 	-6.2347285500945985e-003 	1.0492178445212953e-001
2.3999999999999999e+000 	1.1117256748161190e-001 	-6.2345176095034791e-003 	1.0493804987210842e-001
2.5000000000000000e+000 	1.1118772017987931e-001 	-6.2343018683875141e-003 	1.0495341831149183e-001
2.6000000000000001e+000 	1.1120205224663429e-001 	-6.2340895898587408e-003 	1.0496796265677558e-001
2.7000000000000002e+000 	1.1121563499344213e-001 	-6.2338869627063549e-003 	1.0498174803073580e-001
2.7999999999999998e+000 	1.1122853138003304e-001 	-6.2336984089661528e-003 	1.0499483297106690e-001
2.8999999999999999e+000 	1.1124079723087718e-001 	-6.2335268774475327e-003 	1.0500727035342965e-001
3.0000000000000000e+000 	1.1125248223581875e-001 	-6.2333741114677715e-003 	1.0501910812435093e-001
3.1000000000000001e+000 	1.1126363077893617e-001 	-6.2332408852437873e-003 	1.0503038989369234e-001
3.2000000000000002e+000 	1.1127428263127345e-001 	-6.2331272180719812e-003 	1.0504115541320144e-001
3.2999999999999998e+000 	1.1128447353337831e-001 	-6.2330325573933532e-003 	1.0505144097598501e-001
3.3999999999999999e+000 	1.1129423568708117e-001 	-6.2329599113958344e-003 	1.0506127577568532e-001
3.6000000000000001e+000 	1.1142499472016212e-001 	-6.2328681746440222e-003 	1.0519212654551811e-001
3.7999999999999998e+000 	1.1132960392538239e-001 	-6.2328222977063603e-003 	1.0509678162767608e-001
4.0000000000000000e+000 	1.1134534894919138e-001 	-6.2328096720026321e-003 	1.0511253927718872e-001
4.2000000000000002e+000 	1.1135999484964401e-001 	-6.2328262356894735e-003 	1.0512716861395448e-001
4.4000000000000004e+000 	1.1137366355979859e-001 	-6.2328669064379335e-003 	1.0514079665336068e-001
4.5999999999999996e+000 	1.1138646153588248e-001 	-6.2329246941653319e-003 	1.0515353684171716e-001
4.7999999999999998e+000 	1.1139848296566426e-001 	-6.2329923726178495e-003 	1.0516549059304642e-001
5.0000000000000000e+000 	1.1140981245706894e-001 	-6.2330636631216787e-003 	1.0517674879394721e-001
5.2000000000000002e+000 	1.1142052704615940e-001 	-6.2331335359861635e-003 	1.0518739351017324e-001
5.4000000000000004e+000 	1.1143069756843346e-001 	-6.2331980411088964e-003 	1.0519749952732459e-001
5.5999999999999996e+000 	1.1144038950162419e-001 	-6.2332540003382838e-003 	1.0520713550128588e-001
5.7999999999999998e+000 	1.1144966341384807e-001 	-6.2332987106701295e-003 	1.0521636470317802e-001
6.0000000000000000e+000 	1.1145857513557231e-001 	-6.2333297065243201e-003 	1.0522524542904800e-001
6.2000000000000002e+000 	1.1146717576345441e-001 	-6.2333446044875972e-003 	1.0523383115896685e-001
6.4000000000000004e+000 	1.1147551158574315e-001 	-6.2333410068927467e-003 	1.0524217057885041e-001
6.5999999999999996e+000 	1.1148362398565413e-001 	-6.2333164580218323e-003 	1.0525030752763230e-001
6.7999999999999998e+000 	1.1149154937268964e-001 	-6.2332684492737425e-003 	1.0525828092341591e-001
7.0000000000000000e+000 	1.1149931916533326e-001 	-6.2331944421330238e-003 	1.0526612472320022e-001
7.2000000000000002e+000 	1.1150695983837555e-001 	-6.2330919097080524e-003 	1.0527386792866752e-001
7.4000000000000004e+000 	1.1151449303896532e-001 	-6.2329583871044477e-003 	1.0528153465186084e-001
7.5999999999999996e+000 	1.1152193576393905e-001 	-6.2327770017881652e-003 	1.0528915876215085e-001
8.0000000000000000e+000 	1.1159712403261601e-001 	-6.2322975923733547e-003 	1.0536482644024263e-001
8.4000000000000004e+000 	1.1155099143000308e-001 	-6.2316888435368532e-003 	1.0531930258646623e-001
8.8000000000000007e+000 	1.1156509793918452e-001 	-6.2309206001588784e-003 	1.0533417733902571e-001
9.1999999999999993e+000 	1.1157887743265678e-001 	-6.2299839313324865e-003 	1.0534889350132429e-001
9.5999999999999996e+000 	1.1159225299750283e-001 	-6.2288779369153256e-003 	1.0536337506058752e-001
1.0000000000000000e+001 	1.1160512278668822e-001 	-6.2276063042424907e-003 	1.0537751648244574e-001
1.0400000000000000e+001 	1.1161736763997933e-001 	-6.2261756937292759e-003 	1.0539119194625002e-001
1.0800000000000001e+001 	1.1162885782152447e-001 	-6.2245949644488627e-003 	1.0540426285707566e-001
1.1199999999999999e+001 	1.1163945861151602e-001 	-6.2228744584573760e-003 	1.0541658415305863e-001
1.1600000000000000e+001 	1.1164903472491622e-001 	-6.2210251634572814e-003 	1.0542800956145899e-001
1.2000000000000000e+001 	1.1165745364810649e-001 	-6.2190578386638155e-003 	1.0543839580944264e-001
1.2400000000000000e+001 	1.1166458803289489e-001 	-6.2169822114304784e-003 	1.0544760582146440e-001
1.2800000000000001e+001 	1.1167031730380864e-001 	-6.2148063177499945e-003 	1.0545551098605864e-001
1.3199999999999999e+001 	1.1167452863251742e-001 	-6.2125360088296239e-003 	1.0546199262368783e-001
1.3600000000000000e+001 	1.1167711742058227e-001 	-6.2101746206119687e-003 	1.0546694279997029e-001
1.4000000000000000e+001 	1.1167798741101069e-001 	-6.2077227939913195e-003 	1.0547026461701937e-001
1.4400000000000000e+001 	1.1167705053361664e-001 	-6.2051784184152308e-003 	1.0547187211520140e-001
1.4800000000000001e+001 	1.1167422656511992e-001 	-6.2025366869715437e-003 	1.0547168987814841e-001
1.5199999999999999e+001 	1.1166944267332424e-001 	-6.1997902476672350e-003 	1.0546965242565701e-001
1.5600000000000000e+001 	1.1166263289400606e-001 	-6.1969294125344089e-003 	1.0546570348147169e-001
1.6000000000000000e+001 	1.1165373758034376e-001 	-6.1938796826075974e-003 	1.0545985789773617e-001
1.6800000000000001e+001 	1.1167084228695413e-001 	-6.1872904773283268e-003 	1.0548355180962579e-001
1.7600000000000001e+001 	1.1159618264225593e-001 	-6.1801075308594968e-003 	1.0541607511139643e-001
1.8399999999999999e+001 	1.1155373450242284e-001 	-6.1721131415364830e-003 	1.0538162136088634e-001
1.9199999999999999e+001 	1.1150183298029491e-001 	-6.1631554978662977e-003 	1.0533867748242867e-001
2.0000000000000000e+001 	1.1144027734280010e-001 	-6.1531095981034022e-003 	1.0528716774469675e-001
2.0800000000000001e+001 	1.1136890647979382e-001 	-6.1418541557096877e-003 	1.0522705232408414e-001
2.1600000000000001e+001 	1.1128759468392657e-001 	-6.1292734891229914e-003 	1.0515832119480353e-001
2.2399999999999999e+001 	1.1119624811310112e-001 	-6.1152672967081222e-003 	1.0508098081639297e-001
2.3199999999999999e+001 	1.1109480211381519e-001 	-6.0997559304663222e-003 	1.0499504618334886e-001
2.4000000000000000e+001 	1.1098321926337909e-001 	-6.0826809938724921e-003 	1.0490053826950653e-001
2.4800000000000001e+001 	1.1086148791842045e-001 	-6.0640040410118489e-003 	1.0479748387740861e-001
2.5600000000000001e+001 	1.1072962107258537e-001 	-6.0437050052286074e-003 	1.0468591606735678e-001
2.6399999999999999e+001 	1.1058765536721159e-001 	-6.0217807403162424e-003 	1.0456587462689539e-001
2.7199999999999999e+001 	1.1043565014663620e-001 	-5.9982435807741071e-003 	1.0443740656586208e-001
2.8000000000000000e+001 	1.1027368648525486e-001 	-5.9731198206385006e-003 	1.0430056666461639e-001
2.8800000000000001e+001 	1.1010186614765410e-001 	-5.9464480827145913e-003 	1.0415541806493946e-001
2.9600000000000001e+001 	1.0992031046350248e-001 	-5.9182776269195202e-003 	1.0400203283658294e-001
3.0399999999999999e+001 	1.0972915911617091e-001 	-5.8886666670417299e-003 	1.0384049244912920e-001
3.1199999999999999e+001 	1.0952856885468258e-001 	-5.8576807405057909e-003 	1.0367088811417680e-001
3.2000000000000000e+001 	1.0931871214444958e-001 	-5.8253911685657387e-003 	1.0349332097588387e-001
3.2800000000000004e+001 	1.0909977577483418e-001 	-5.7918736344450472e-003 	1.0330790214038919e-001
3.3600000000000001e+001 	1.0887195944375895e-001 	-5.7572068923101571e-003 	1.0311475255144878e-001
3.4399999999999999e+001 	1.0863547433759609e-001 	-5.7211217723838166e-003 	1.0291435256521231e-001
3.6000000000000000e+001 	1.0815367010844303e-001 	-5.6461375954449979e-003 	1.0250753251299799e-001
3.7600000000000001e+001 	1.0760815687770668e-001 	-5.5686720667727186e-003 	1.0203948481093396e-001
3.9199999999999996e+001 	1.0704871166064012e-001 	-5.4886467615659134e-003 	1.0156006489907424e-001
4.0800000000000004e+001 	1.0646135590737781e-001 	-5.4065476353770152e-003 	1.0105480827200075e-001
4.2399999999999999e+001 	1.0584811485907898e-001 	-5.3228755450909163e-003 	1.0052523931398803e-001
4.4000000000000000e+001 	1.0521101894285555e-001 	-5.2381015523095794e-003 	9.9972917390546021e-002
4.5600000000000001e+001 	1.0455207745349843e-001 	-5.1526552767098355e-003 	9.9399422176788627e-002
4.7199999999999996e+001 	1.0387325804193520e-001 	-5.0669191089991201e-003 	9.8806338932936111e-002
4.8800000000000004e+001 	1.0317647067752553e-001 	-4.9812255067588048e-003 	9.8195245170766693e-002
5.0399999999999999e+001 	1.0246355538514396e-001 	-4.8958579690226876e-003 	9.7567697416121299e-002
5.2000000000000000e+001 	1.0173627323421466e-001 	-4.8110544757462769e-003 	9.6925218758468393e-002
5.3600000000000001e+001 	1.0099630011428404e-001 	-4.7270119091264631e-003 	9.6269288205157580e-002
5.5199999999999996e+001 	1.0024522286372899e-001 	-4.6438906271596180e-003 	9.5601332236569386e-002
5.6800000000000004e+001 	9.9484537350225305e-002 	-4.5618188863544738e-003 	9.4922718463870875e-002
5.8399999999999999e+001 	9.8715648142395709e-002 	-4.4808970234602426e-003 	9.4234751118935450e-002
6.0000000000000000e+001 	9.7939869450409570e-002 	-4.4012013507835146e-003 	9.3538668099626077e-002
6.1600000000000001e+001 	9.7158427057919716e-002 	-4.3227877290770260e-003 	9.2835639328842687e-002
6.3200000000000003e+001 	9.6372461005889670e-002 	-4.2456947972688295e-003 	9.2126766208620842e-002
6.4799999999999997e+001 	9.5583028828533922e-002 	-4.1699468515860351e-003 	9.1413081976947919e-002
6.6400000000000006e+001 	9.4791109173608251e-002 	-4.0955563770584836e-003 	9.0695552796549811e-002
6.8000000000000000e+001 	9.3997605671707937e-002 	-4.0225262485728518e-003 	8.9975079423135138e-002
6.9599999999999994e+001 	9.3203350943216898e-002 	-3.9513669253442739e-003 	8.9251984017872626e-002
7.2799999999999997e+001 	9.1623360217898284e-002 	-3.8131704488155410e-003 	8.7810189769082739e-002
7.6000000000000000e+001 	9.0034948304779788e-002 	-3.6791765431026685e-003 	8.6355771761677094e-002
7.9200000000000003e+001 	8.8463134344352073e-002 	-3.5500853451070650e-003 	8.4913048999245053e-002
8.2400000000000006e+001 	8.6904711968334311e-002 	-3.4257990541965251e-003 	8.3478912914137782e-002
8.5599999999999994e+001 	8.5362793686548741e-002 	-3.3061478281494251e-003 	8.2056645858399363e-002
8.8799999999999997e+001 	8.3839940444536618e-002 	-3.1909399175200784e-003 	8.0649000527016554e-002
9.2000000000000000e+001 	8.2338227617268792e-002 	-3.0799829267016323e-003 	7.9258244690567178e-002
9.5200000000000003e+001 	8.0859311828041944e-002 	-2.9730927282642927e-003 	7.7886219099777693e-002
9.8400000000000006e+001 	7.9404492119749925e-002 	-2.8700963469238767e-003 	7.6534395772826044e-002
1.0159999999999999e+002 	7.7974763832715857e-002 	-2.7708322099359688e-003 	7.5203931622779857e-002
1.0480000000000001e+002 	7.6570865247491376e-002 	-2.6751494690664059e-003 	7.3895715778424978e-002
1.0800000000000000e+002 	7.5193317621239056e-002 	-2.5829070712035385e-003 	7.2610410550035531e-002
1.1119999999999999e+002 	7.3842459396185930e-002 	-2.4939727825576919e-003 	7.1348486613628234e-002
1.1440000000000001e+002 	7.2518475353712863e-002 	-2.4082222280518745e-003 	7.0110253125660965e-002
1.1759999999999999e+002 	7.1221421425258113e-002 	-2.3255379779594048e-003 	6.8895883447298689e-002
1.2080000000000001e+002 	6.9951245791587888e-002 	-2.2458087076218610e-003 	6.7705437083966036e-002
1.2400000000000000e+002 	6.8707806820516276e-002 	-2.1689284542375192e-003 	6.6538878366278753e-002
1.2720000000000000e+002 	6.7490888316918157e-002 	-2.0947959776382065e-003 	6.5396092339279926e-002
1.3039999999999998e+002 	6.6300212490149987e-002 	-2.0233142256634506e-003 	6.4276898264486529e-002
1.3359999999999999e+002 	6.5135450983572124e-002 	-1.9543898976252527e-003 	6.3181061085946857e-002
1.3680000000000001e+002 	6.3996234258417758e-002 	-1.8879330915633592e-003 	6.2108301166854410e-002
1.4000000000000000e+002 	6.2882159579721153e-002 	-1.8247104583051443e-003 	6.1057449121416009e-002
1.4640000000000001e+002 	6.0738840090629694e-002 	-1.7051463435911469e-003 	5.9033693747038568e-002
1.5279999999999998e+002 	5.8666931110898650e-002 	-1.5923652511858999e-003 	5.7074565859712753e-002
1.5920000000000002e+002 	5.6698026451145633e-002 	-1.4873231026106184e-003 	5.5210703348535034e-002
1.6559999999999999e+002 	5.4816528907226339e-002 	-1.3896279953450798e-003 	5.3426900911881250e-002
1.7200000000000000e+002 	5.3018556979765562e-002 	-1.2987946692038170e-003 	5.1719762310561752e-002
1.7840000000000001e+002 	5.1300257831398931e-002 	-1.2143398838661515e-003 	5.0085917947532775e-002
1.8479999999999998e+002 	4.9657853277475170e-002 	-1.1358093876980254e-003 	4.8522043889777135e-002
1.9120000000000002e+002 	4.8087670502217496e-002 	-1.0627794353483002e-003 	4.7024891066869197e-002
1.9759999999999999e+002 	4.6586162286937488e-002 	-9.9485404394932474e-004 	4.5591308242988161e-002
2.0400000000000000e+002 	4.5149919699899350e-002 	-9.3166339184224767e-004 	4.4218256308057098e-002
2.1040000000000001e+002 	4.3775679283544082e-002 	-8.7286295004398832e-004 	4.2902816333500085e-002
2.1679999999999998e+002 	4.2460326217877944e-002 	-8.1813257388142757e-004 	4.1642193643996517e-002
2.2320000000000002e+002 	4.1200894555929672e-002 	-7.6717535395108550e-004 	4.0433719201978600e-002
2.2959999999999999e+002 	3.9994565349941009e-002 	-7.1971629194189386e-004 	3.9274849057999120e-002
2.3600000000000000e+002 	3.8838663281198352e-002 	-6.7550089860846227e-004 	3.8163162382589877e-002
2.4240000000000001e+002 	3.7730652253377753e-002 	-6.3429379023716430e-004 	3.7096358463140591e-002
2.4879999999999998e+002 	3.6668130294297503e-002 	-5.9587732656278970e-004 	3.6072252967734704e-002
2.5519999999999999e+002 	3.5648824024352668e-002 	-5.6005030709483262e-004 	3.5088773717257812e-002
2.6160000000000002e+002 	3.4670582884868628e-002 	-5.2662674260338458e-004 	3.4143956142265251e-002
2.6800000000000000e+002 	3.3731373269750134e-002 	-4.9543470511678104e-004 	3.3235938564633354e-002
2.7439999999999998e+002 	3.2829272666523274e-002 	-4.6698305704360110e-004 	3.2362289609479657e-002
2.8719999999999999e+002 	3.1141283154599957e-002 	-4.1564049848039850e-004 	3.0725642656119559e-002
3.0000000000000000e+002 	2.9552468220635321e-002 	-3.6951655424893230e-004 	2.9182951666386382e-002
3.1280000000000001e+002 	2.8094097399509452e-002 	-3.2905905987703273e-004 	2.7765038339632408e-002
3.2560000000000002e+002 	2.6741409886964038e-002 	-2.9361269289445509e-004 	2.6447797194069575e-002
3.3839999999999998e+002 	2.5484843043454164e-002 	-2.6253317332301801e-004 	2.5222309870131143e-002
3.5119999999999999e+002 	2.4315792876684252e-002 	-2.3525937160009318e-004 	2.4080533505084153e-002
3.6400000000000000e+002 	2.3226535348467678e-002 	-2.1130717574215698e-004 	2.3015228172725520e-002
3.7680000000000001e+002 	2.2210136954684444e-002 	-1.9025567762080987e-004 	2.2019881277063637e-002
3.8960000000000002e+002 	2.1260368795629269e-002 	-1.7173841986633913e-004 	2.1088630375762935e-002
4.0239999999999998e+002 	2.0371628325483174e-002 	-1.5543694995487245e-004 	2.0216191375528297e-002
4.1519999999999999e+002 	1.9538869519873610e-002 	-1.4107492266160346e-004 	1.9397794597211998e-002
4.2800000000000000e+002 	1.8757541053080400e-002 	-1.2841258349711459e-004 	1.8629128469583287e-002
4.4080000000000001e+002 	1.8023531736978755e-002 	-1.1724178163905030e-004 	1.7906289955339712e-002
4.5360000000000002e+002 	1.7333122417810216e-002 	-1.0738158319649737e-004 	1.7225740834613725e-002
4.6639999999999998e+002 	1.6682943567494210e-002 	-9.8674475714096978e-005 	1.6584269091780113e-002
4.7919999999999999e+002 	1.6069937877171762e-002 	-9.0983119480143450e-005 	1.5978954757691614e-002
4.9200000000000000e+002 	1.5491327236992956e-002 	-8.4187577565793300e-005 	1.5407139659427159e-002
5.0480000000000001e+002 	1.4944583559427280e-002 	-7.8182942696460909e-005 	1.4866400616730826e-002
5.1759999999999991e+002 	1.4427402970328108e-002 	-7.2877306356439390e-005 	1.4354525663971666e-002
5.3039999999999998e+002 	1.3937682951823425e-002 	-6.8190024808300429e-005 	1.3869492927015127e-002
5.4320000000000005e+002 	1.3473502073991762e-002 	-6.4176680251841364e-005 	1.3409325393739924e-002
5.6879999999999995e+002 	1.2621810741024147e-002 	-5.7480630702066174e-005 	1.2564330110322082e-002
5.9440000000000009e+002 	1.1835091454755763e-002 	-5.2043882542425706e-005 	1.1783047572213337e-002
6.2000000000000000e+002 	1.1130138640863400e-002 	-4.7848317880384965e-005 	1.1082290322983019e-002
6.4559999999999991e+002 	1.0489234516867629e-002 	-4.4619675361641510e-005 	1.0444614841505990e-002
6.7120000000000005e+002 	9.9047554714598637e-003 	-4.2145834846499193e-005 	9.8626096366133641e-003
6.9679999999999995e+002 	9.3701427667005829e-003 	-4.0270640713039982e-005 	9.3298721259875411e-003
7.2240000000000009e+002 	8.8797537008462497e-003 	-3.8871685975914622e-005 	8.8408820148703389e-003
7.4800000000000000e+002 	8.4287213612394257e-003 	-3.7849529130796819e-005 	8.3908718321086262e-003
7.7359999999999991e+002 	8.0128334099898984e-003 	-3.7122964315745861e-005 	7.9757104456741508e-003
7.9920000000000005e+002 	7.6284304188488647e-003 	-3.6625985883447704e-005 	7.5918044329654167e-003
8.2479999999999995e+002 	7.2723214139413265e-003 	-3.6305206622772859e-005 	7.2360162073185517e-003
8.5040000000000009e+002 	6.9417138096002770e-003 	-3.6117567144155437e-005 	6.9055962424561220e-003
8.7600000000000000e+002 	6.6341551568976243e-003 	-3.6028383118111794e-005 	6.5981267737795155e-003
9.0159999999999991e+002 	6.3474845452381598e-003 	-3.6009728592055517e-005 	6.3114748166461059e-003
9.2720000000000005e+002 	6.0797918955136556e-003 	-3.6039126362819661e-005 	6.0437527691508354e-003
9.5279999999999995e+002 	5.8293837236241697e-003 	-3.6098504647129625e-005 	5.7932852189770366e-003
9.7840000000000009e+002 	5.5947542295679675e-003 	-3.6173367122293131e-005 	5.5585808624456761e-003
1.0040000000000000e+003 	5.3745607881429949e-003 	-3.6252127348365100e-005 	5.3383086607946290e-003
1.0296000000000001e+003 	5.1676030928679917e-003 	-3.6325576671945983e-005 	5.1312775161960460e-003
1.0551999999999998e+003 	4.9728053445236651e-003 	-3.6386454759952433e-005 	4.9364188897637112e-003
1.0808000000000000e+003 	4.7892009871839877e-003 	-3.6429101487611012e-005 	4.7527718856963776e-003
1.1064000000000001e+003 	4.6159195840207298e-003 	-3.6449175770574151e-005 	4.5794704082501563e-003
1.1320000000000000e+003 	4.4521754970362655e-003 	-3.6400633549984227e-005 	4.4157748634862815e-003
1.1832000000000000e+003 	4.1527345571058024e-003 	-3.6203302952234471e-005 	4.1165312541535676e-003
1.2343999999999999e+003 	3.8777375377276519e-003 	-3.5989276984606912e-005 	3.8417482607430464e-003
1.2856000000000001e+003 	3.6322799007654709e-003 	-3.5686650106246116e-005 	3.5965932506592259e-003
1.3368000000000000e+003 	3.4099786570593858e-003 	-3.5257769540205442e-005 	3.3747208875191804e-003
1.3880000000000000e+003 	3.2079406290931893e-003 	-3.4700136633083655e-005 	3.1732404924601056e-003
1.4392000000000000e+003 	3.0237095378180747e-003 	-3.4026619240456224e-005 	2.9896829185776181e-003
1.4903999999999999e+003 	2.8551971645263321e-003 	-3.3252478493979512e-005 	2.8219446860323519e-003
1.5416000000000001e+003 	2.7006210986054635e-003 	-3.2391740469192637e-005 	2.6682293581362705e-003
1.5928000000000000e+003 	2.5584524878687087e-003 	-3.1457032730669561e-005 	2.5269954551380394e-003
1.6440000000000000e+003 	2.4273732961031620e-003 	-3.0460000842278941e-005 	2.3969132952608835e-003
1.6952000000000000e+003 	2.3062415838040157e-003 	-2.9411553426160663e-005 	2.2768300303778553e-003
1.7463999999999999e+003 	2.1940632866714132e-003 	-2.8321920460240243e-005 	2.1657413662111730e-003
1.7976000000000001e+003 	2.0899691858899195e-003 	-2.7200630433444297e-005 	2.0627685554564751e-003
1.8488000000000000e+003 	1.9931960180431404e-003 	-2.6056472483542907e-005 	1.9671395455595972e-003
1.9000000000000000e+003 	1.9030708949682792e-003 	-2.4897470448248973e-005 	1.8781734245200293e-003
1.9512000000000000e+003 	1.8189983828749937e-003 	-2.3730877453118399e-005 	1.7952675054218755e-003
2.0024000000000001e+003 	1.7404497297752487e-003 	-2.2563188390612413e-005 	1.7178865413846360e-003
2.0535999999999999e+003 	1.6669538382465439e-003 	-2.1400163372257070e-005 	1.6455536748742866e-003
2.1048000000000002e+003 	1.5980896639907775e-003 	-2.0246862768231179e-005 	1.5778428012225461e-003
2.1560000000000000e+003 	1.5334797853458165e-003 	-1.9107690101032280e-005 	1.5143720952447842e-003
2.2071999999999998e+003 	1.4727849393323489e-003 	-1.7986436121653975e-005 	1.4547985032106951e-003
2.2584000000000001e+003 	1.4156993593701542e-003 	-1.6876305547338938e-005 	1.3988230538228151e-003
2.3607999999999997e+003 	1.3119866133449933e-003 	-1.4736491146947124e-005 	1.2972501221980460e-003
2.4632000000000003e+003 	1.2176863710069794e-003 	-1.2744865424168474e-005 	1.2049415055828104e-003
2.5655999999999999e+003 	1.1343310629781543e-003 	-1.0880759130411319e-005 	1.1234503038477428e-003
2.6680000000000000e+003 	1.0595927911830137e-003 	-9.1305789451564712e-006 	1.0504622122378573e-003
2.7704000000000001e+003 	9.9234988157419365e-004 	-7.4966889979287567e-006 	9.8485319257626477e-004
2.8727999999999997e+003 	9.3165042715076692e-004 	-5.9831963052515300e-006 	9.2566723084551536e-004
2.9752000000000003e+003 	8.7668562717945083e-004 	-4.5906147407682956e-006 	8.7209501243868239e-004
3.0775999999999999e+003 	8.2676575320953806e-004 	-3.3160714276250372e-006 	8.2344968178191312e-004
3.1800000000000000e+003 	7.8130001027370904e-004 	-2.1546015755472345e-006 	7.7914540869816198e-004
3.2824000000000001e+003 	7.3978006651229838e-004 	-1.1001281535925493e-006 	7.3867993835870596e-004
3.3847999999999997e+003 	7.0176665946565335e-004 	-1.4604173476137229e-007 	7.0162061773089196e-004
3.4872000000000003e+003 	6.6687868348440848e-004 	7.1446457200402787e-007 	6.6759314805641225e-004
3.5895999999999999e+003 	6.3478425476991100e-004 	1.4881888883976222e-006 	6.3627244365830867e-004
3.6920000000000000e+003 	6.0519335223898924e-004 	2.1817845428976191e-006 	6.0737513678188720e-004
3.7944000000000001e+003 	5.7785171963910308e-004 	2.8016682608995510e-006 	5.8065338790000258e-004
3.8967999999999997e+003 	5.5253578347997962e-004 	3.3539585460055686e-006 	5.5588974202598531e-004
3.9992000000000003e+003 	5.2904839463849805e-004 	3.8444377034699814e-006 	5.3289283234196811e-004
4.1016000000000004e+003 	5.0721524227882113e-004 	4.2785309470258450e-006 	5.1149377322584697e-004
4.2040000000000000e+003 	4.8688181999492492e-004 	4.6612979180149485e-006 	4.9154311791293982e-004
4.3063999999999996e+003 	4.6791084819301906e-004 	4.9974342903578073e-006 	4.7290828248337682e-004
4.4088000000000002e+003 	4.5018007545763439e-004 	5.2912803293387790e-006 	4.5547135578697333e-004
4.5111999999999998e+003 	4.3358039630287412e-004 	5.5449175797734982e-006 	4.3912531388264747e-004
4.7160000000000000e+003 	4.0361795994699239e-004 	5.9504983940316747e-006 	4.0956845834102417e-004
4.9208000000000002e+003 	3.7647794592018339e-004 	6.2424032559206717e-006 	3.8272034917610396e-004
5.1256000000000004e+003 	3.5263430649355861e-004 	6.4447857353318253e-006 	3.5907909222889048e-004
5.3303999999999996e+003 	3.3131976892330519e-004 	6.5791993550200992e-006 	3.3789896827832541e-004
5.5351999999999998e+003 	3.1216833664423515e-004 	6.6571261170345682e-006 	3.1882546276126980e-004
5.7400000000000000e+003 	2.9487640684445728e-004 	6.6879604310261211e-006 	3.0156436727548334e-004
5.9448000000000002e+003 	2.7919191634191026e-004 	6.6805702288766630e-006 	2.8587248657078687e-004
6.1496000000000004e+003 	2.6490477573461012e-004 	6.6429008667090444e-006 	2.7154767660131916e-004
6.3543999999999996e+003 	2.5183898750095926e-004 	6.5816867105795521e-006 	2.5842067421153874e-004
6.5591999999999998e+003 	2.3984630586457360e-004 	6.5024669378392562e-006 	2.4634877280241290e-004
6.7640000000000000e+003 	2.2880117246466068e-004 	6.4097363167948725e-006 	2.3521090878145554e-004
6.9688000000000002e+003 	2.1859667003331604e-004 	6.3071200581684662e-006 	2.2490379009148449e-004
7.1736000000000004e+003 	2.0914127848534607e-004 	6.1975318042774178e-006 	2.1533881028962341e-004
7.3783999999999996e+003 	2.0035626220245357e-004 	6.0833055823872423e-006 	2.0643956778484078e-004
7.5831999999999998e+003 	1.9217355503215467e-004 	5.9663044328753577e-006 	1.9813985946502997e-004
7.7880000000000000e+003 	1.8453403943490462e-004 	5.8480085602868226e-006 	1.9038204799519149e-004
7.9928000000000002e+003 	1.7738613931561923e-004 	5.7295872566599984e-006 	1.8311572657227923e-004
8.1976000000000004e+003 	1.7068466377983323e-004 	5.6119578271518343e-006 	1.7629662160698514e-004
8.4023999999999996e+003 	1.6438985261870050e-004 	5.4958332587498835e-006 	1.6988568587745034e-004
8.6072000000000007e+003 	1.5846658475968535e-004 	5.3817609966712874e-006 	1.6384834575635659e-004
8.8120000000000000e+003 	1.5288371898050486e-004 	5.2764116043488380e-006 	1.5816013058485371e-004
9.2216000000000004e+003 	1.4273252307187695e-004 	5.0712988331819634e-006 	1.4780382190505894e-004
9.6311999999999989e+003 	1.3338538406929281e-004 	4.8627161665871671e-006 	1.3824810023587998e-004
1.0040800000000001e+004 	1.2509013573741283e-004 	4.6689512620896391e-006 	1.2975908699950243e-004
1.0450400000000000e+004 	1.1759159885690099e-004 	4.4913574500207086e-006 	1.2208295630692167e-004
1.0860000000000000e+004 	1.1078546373775542e-004 	4.3276108436031793e-006 	1.1511307458135863e-004
1.1269600000000000e+004 	1.0458444192644863e-004 	4.1760835603351229e-006 	1.0876052548678382e-004
1.1679199999999999e+004 	9.8915214085018848e-005 	4.0358201615978267e-006 	1.0295103424661670e-004
1.2088800000000001e+004 	9.3715806054894075e-005 	3.9060677131405370e-006 	9.7621873768034576e-005
1.2498400000000000e+004 	8.8933470197292421e-005 	3.7860915594209707e-006 	9.2719561756713417e-005
1.2908000000000000e+004 	8.4523008499692436e-005 	3.6751503062218222e-006 	8.8198158805914231e-005
1.3317600000000000e+004 	8.0445448712063308e-005 	3.5725117631006187e-006 	8.4017960475163913e-005
1.3727200000000001e+004 	7.6666994004774244e-005 	3.4774699784887951e-006 	8.0144463983263062e-005
1.4136799999999999e+004 	7.3158182952741139e-005 	3.3893563491191763e-006 	7.6547539301860328e-005
1.4546400000000000e+004 	6.9893211711808474e-005 	3.3075449744829926e-006 	7.3200756686291456e-005
1.4956000000000000e+004 	6.6849382204421713e-005 	3.2314546573851451e-006 	7.0080836861806896e-005
1.5365600000000000e+004 	6.4006649113599850e-005 	3.1605491640148156e-006 	6.7167198277614707e-005
1.5775200000000001e+004 	6.1347245107611813e-005 	3.0943359634957924e-006 	6.4441581071107628e-005
1.6184799999999999e+004 	5.8855368588151298e-005 	3.0323643505216635e-006 	6.1887732938672996e-005
1.6594400000000001e+004 	5.6516921851501315e-005 	2.9742231480012019e-006 	5.9491144999502541e-005
1.7004000000000000e+004 	5.4319290231598425e-005 	2.9195382761006801e-006 	5.7238828507699116e-005
1.7413599999999999e+004 	5.2251154808564607e-005 	2.8679702225245824e-006 	5.5119125031089193e-005
1.7823200000000001e+004 	5.0302332798022586e-005 	2.8192113596855837e-006 	5.3121544157708180e-005
1.8232799999999999e+004 	4.8463640911650838e-005 	2.7729834794608396e-006 	5.1236624391111692e-005
1.8642399999999998e+004 	4.6726777891054068e-005 	2.7290355746694590e-006 	4.9455813465723506e-005
1.9052000000000000e+004 	4.5084223129782097e-005 	2.6871413992072126e-006 	4.7771364528989283e-005
1.9461600000000002e+004 	4.3529148860974426e-005 	2.6470972462093361e-006 	4.6176246107183765e-005
1.9871200000000001e+004 	4.2055343835405287e-005 	2.6087202153653438e-006 	4.4664064050770640e-005
2.0280799999999999e+004 	4.0657146773348243e-005 	2.5718460970325018e-006 	4.3228992870380747e-005
2.0690400000000001e+004 	3.9329388162607202e-005 	2.5363277458110454e-006 	4.1865715908418274e-005
2.1100000000000000e+004 	3.8067339210054251e-005 	2.5020335247929253e-006 	4.0569372734847182e-005
2.1509599999999999e+004 	3.6866666945500823e-005 	2.4688456451258012e-006 	3.9335512590626631e-005
2.1919200000000001e+004 	3.5723394634149723e-005 	2.4366591644811621e-006 	3.8160053798630875e-005
2.2328800000000003e+004 	3.4633866783771974e-005 	2.4053805483039227e-006 	3.7039247332075897e-005
2.2738399999999998e+004 	3.3594718140312263e-005 	2.3749263518790846e-006 	3.5969644492191359e-005
2.3148000000000000e+004 	3.2602846155220615e-005 	2.3452223989228570e-006 	3.4948068554143480e-005
2.3557600000000002e+004 	3.1655386482920314e-005 	2.3162028620318340e-006 	3.3971589344952143e-005
2.3967199999999997e+004 	3.0749691129483098e-005 	2.2878093909461577e-006 	3.3037500520429271e-005
2.4376799999999999e+004 	2.9883308926738027e-005 	2.2599903238600689e-006 	3.2143299250598104e-005
2.4786400000000001e+004 	2.9053968050727220e-005 	2.2326999990583181e-006 	3.1286668049785546e-005
2.5196000000000000e+004 	2.8259560341464033e-005 	2.2058981066044970e-006 	3.0465458448068540e-005
2.5605599999999999e+004 	2.7498127213182086e-005 	2.1793309781849606e-006 	2.9677458191367040e-005
-2000 0
-2.0000000000000000e+003 0.0000000000000000e+000 0.0000000000000000e+000
1
1 1 1 1
1
         t, ms                         dVp, mV                         dVs, mV                         dV, mV
2.5000000000000000e-001 	2.9676737069452789e-002 	2.4115366529701109e-003 	3.2088273722422893e-002
2.9999999999999999e-001 	2.9725946723065846e-002 	2.4028250599540022e-003 	3.2128771783019844e-002
3.4999999999999998e-001 	2.9750822533308841e-002 	2.3945729625623898e-003 	3.2145395495871226e-002
4.0000000000000002e-001 	2.9769584408345165e-002 	2.3871731387065942e-003 	3.2156757547051759e-002
4.5000000000000001e-001 	2.9786291557748687e-002 	2.3804995562579966e-003 	3.2166791114006679e-002
5.0000000000000000e-001 	2.9801771809673121e-002 	2.3744437127951987e-003 	3.2176215522468306e-002
5.5000000000000004e-001 	2.9816192908333136e-002 	2.3689164145541939e-003 	3.2185109322887338e-002
5.9999999999999998e-001 	2.9829618590508134e-002 	2.3638452170522029e-003 	3.2193463807560344e-002
6.5000000000000002e-001 	2.9842110789219143e-002 	2.3591712996665726e-003 	3.2201282088885716e-002
6.9999999999999996e-001 	2.9853739047921869e-002 	2.3548466958567263e-003 	3.2208585743778599e-002
7.5000000000000000e-001 	2.9864575538489594e-002 	2.3508320175618645e-003 	3.2215407556051456e-002
8.0000000000000004e-001 	2.9874690491078507e-002 	2.3470946324948587e-003 	3.2221785123573363e-002
8.4999999999999998e-001 	2.9884149643200672e-002 	2.3436072241249254e-003 	3.2227756867325590e-002
9.0000000000000002e-001 	2.9893013175068699e-002 	2.3403466621443468e-003 	3.2233359837213045e-002
9.4999999999999996e-001 	2.9901335475064895e-002 	2.3372931224362177e-003 	3.2238628597501109e-002
1.0000000000000000e+000 	2.9909165354523481e-002 	2.3344294078714739e-003 	3.2243594762394960e-002
1.0500000000000000e+000 	2.9916546453623745e-002 	2.3317404256786704e-003 	3.2248286879302410e-002
1.1000000000000001e+000 	2.9923517734663431e-002 	2.3292127861662903e-003 	3.2252730520829727e-002
1.1499999999999999e+000 	2.9930113978901499e-002 	2.3268344926174146e-003 	3.2256948471518915e-002
1.2000000000000000e+000 	2.9936366258022876e-002 	2.3246409651727583e-003 	3.2261007223195637e-002
1.3000000000000000e+000 	3.0067209450391236e-002 	2.3206276733843041e-003 	3.2387837123775534e-002
1.3999999999999999e+000 	2.9958509789765754e-002 	2.3169595121613588e-003 	3.2275469301927109e-002
1.5000000000000000e+000 	2.9968110401055143e-002 	2.3136665715790478e-003 	3.2281776972634194e-002
1.6000000000000001e+000 	2.9976904388962389e-002 	2.3107082855531942e-003 	3.2287612674515589e-002
1.7000000000000000e+000 	2.9984996861436564e-002 	2.3080431771124155e-003 	3.2293040038548979e-002
1.8000000000000000e+000 	2.9992475542811189e-002 	2.3056329137792755e-003 	3.2298108456590459e-002
1.8999999999999999e+000 	2.9999413865539202e-002 	2.3034432525912293e-003 	3.2302857118130412e-002
2.0000000000000000e+000 	3.0005873656204666e-002 	2.3014439915931923e-003 	3.2307317647797866e-002
2.1000000000000001e+000 	3.0011907326613255e-002 	2.2996086427775658e-003 	3.2311515969390824e-002
2.2000000000000002e+000 	3.0017559611522068e-002 	2.2979140570556600e-003 	3.2315473668577725e-002
2.2999999999999998e+000 	3.0022868947985993e-002 	2.2963400678413888e-003 	3.2319209015827390e-002
2.3999999999999999e+000 	3.0027868567404095e-002 	2.2948691659453518e-003 	3.2322737733349441e-002
2.5000000000000000e+000 	3.0032587370394534e-002 	2.2934862059456225e-003 	3.2326073576340160e-002
2.6000000000000001e+000 	3.0037050624990343e-002 	2.2921781392179737e-003 	3.2329228764208323e-002
2.7000000000000002e+000 	3.0041280538786120e-002 	2.2909337662313360e-003 	3.2332214305017461e-002
2.7999999999999998e+000 	3.0045296716724800e-002 	2.2897435134422643e-003 	3.2335040230167068e-002
2.8999999999999999e+000 	3.0049116542856878e-002 	2.2885992294952415e-003 	3.2337715772352116e-002
3.0000000000000000e+000 	3.0052755489958460e-002 	2.2874940004213493e-003 	3.2340249490379801e-002
3.1000000000000001e+000 	3.0056227380482452e-002 	2.2864219800621927e-003 	3.2342649360544651e-002
3.2000000000000002e+000 	3.0059544598191532e-002 	2.2853782410044003e-003 	3.2344922839195919e-002
3.2999999999999998e+000 	3.0062718273164223e-002 	2.2843586454723229e-003 	3.2347076918636537e-002
3.3999999999999999e+000 	3.0065758433262320e-002 	2.2833663008977210e-003 	3.2349124734160038e-002
3.6000000000000001e+000 	3.0106481077542588e-002 	2.2814285898446972e-003 	3.2387909667387284e-002
3.7999999999999998e+000 	3.0076772975237351e-002 	2.2795299219829086e-003 	3.2356302897220260e-002
4.0000000000000000e+000 	3.0081676391004366e-002 	2.2776753343536015e-003 	3.2359351725357963e-002
4.2000000000000002e+000 	3.0086237521595532e-002 	2.2758561742293537e-003 	3.2362093695824885e-002
4.4000000000000004e+000 	3.0090494332926713e-002 	2.2740656876273674e-003 	3.2364560020554087e-002
4.5999999999999996e+000 	3.0094479972488611e-002 	2.2722997751521866e-003 	3.2366779747640802e-002
4.7999999999999998e+000 	3.0098223773927395e-002 	2.2705562753820760e-003 	3.2368780049309473e-002
5.0000000000000000e+000 	3.0101752095487794e-002 	2.2688342461154687e-003 	3.2370586341603259e-002
5.2000000000000002e+000 	3.0105088953169708e-002 	2.2671335273652215e-003 	3.2372222480534923e-002
5.4000000000000004e+000 	3.0108256453532836e-002 	2.2654545033837228e-003 	3.2373710956916567e-002
5.5999999999999996e+000 	3.0111275064285542e-002 	2.2637979634559089e-003 	3.2375073027741445e-002
5.7999999999999998e+000 	3.0114163760569575e-002 	2.2621650088457184e-003 	3.2376328769415298e-002
6.0000000000000000e+000 	3.0116940089799430e-002 	2.2605569838340406e-003 	3.2377497073633479e-002
6.2000000000000002e+000 	3.0119620178517534e-002 	2.2589754136755490e-003 	3.2378595592193089e-002
6.4000000000000004e+000 	3.0122218719271360e-002 	2.2574219481533791e-003 	3.2379640667424735e-002
6.5999999999999996e+000 	3.0124748947316281e-002 	2.2558983131605579e-003 	3.2380647260476833e-002
6.7999999999999998e+000 	3.0127222626448680e-002 	2.2544062660491181e-003 	3.2381628892497794e-002
7.0000000000000000e+000 	3.0129650047846113e-002 	2.2529475554375618e-003 	3.2382597603283679e-002
7.2000000000000002e+000 	3.0132040051060353e-002 	2.2515238835568822e-003 	3.2383563934617221e-002
7.4000000000000004e+000 	3.0134400061702208e-002 	2.2501368765034165e-003 	3.2384536938205623e-002
7.5999999999999996e+000 	3.0136736148448504e-002 	2.2488039452992891e-003 	3.2385540093747806e-002
8.0000000000000000e+000 	3.0160208801341962e-002 	2.2462648916999214e-003 	3.2406473693041879e-002
8.4000000000000004e+000 	3.0145922668065282e-002 	2.2438640093557240e-003 	3.2389786677421005e-002
8.8000000000000007e+000 	3.0150438084741927e-002 	2.2416321400655467e-003 	3.2392070224807480e-002
9.1999999999999993e+000 	3.0154900755557826e-002 	2.2395761289083576e-003 	3.2394476884466179e-002
9.5999999999999996e+000 	3.0159298266954772e-002 	2.2376982146101727e-003 	3.2396996481564945e-002
1.0000000000000000e+001 	3.0163611328112433e-002 	2.2359978349786682e-003 	3.2399609163091106e-002
1.0400000000000000e+001 	3.0167815966348675e-002 	2.2344723319220280e-003 	3.2402288298270701e-002
1.0800000000000001e+001 	3.0171885461532499e-002 	2.2331172645890830e-003 	3.2405002726121582e-002
1.1199999999999999e+001 	3.0175791938167506e-002 	2.2319266705967890e-003 	3.2407718608764298e-002
1.1600000000000000e+001 	3.0179507615098612e-002 	2.2308933558794967e-003 	3.2410400970978102e-002
1.2000000000000000e+001 	3.0183005739875469e-002 	2.2300091975357671e-003 	3.2413014937411250e-002
1.2400000000000000e+001 	3.0186261251916216e-002 	2.2292654295659061e-003 	3.2415526681482121e-002
1.2800000000000001e+001 	3.0189251222362327e-002 	2.2286528936894226e-003 	3.2417904116051763e-002
1.3199999999999999e+001 	3.0191955114963021e-002 	2.2281622539129854e-003 	3.2420117368876011e-002
1.3600000000000000e+001 	3.0194354908317299e-002 	2.2277841748930120e-003 	3.2422139083210309e-002
1.4000000000000000e+001 	3.0196435114929608e-002 	2.2275094662365831e-003 	3.2423944581166174e-002
1.4400000000000000e+001 	3.0198182724519431e-002 	2.2273291958691903e-003 	3.2425511920388624e-002
1.4800000000000001e+001 	3.0199587096290770e-002 	2.2272347778428819e-003 	3.2426821874133649e-002
1.5199999999999999e+001 	3.0200639815078169e-002 	2.2272180372630108e-003 	3.2427857852341181e-002
1.5600000000000000e+001 	3.0201334529593248e-002 	2.2272712548926724e-003 	3.2428605784485927e-002
1.6000000000000000e+001 	3.0201666779328874e-002 	2.2274068954338173e-003 	3.2429073674762700e-002
1.6800000000000001e+001 	3.0214241106399881e-002 	2.2278355158583474e-003 	3.2442076622258224e-002
1.7600000000000001e+001 	3.0199344508872267e-002 	2.2283927942594898e-003 	3.2427737303131754e-002
1.8399999999999999e+001 	3.0196011849181425e-002 	2.2290808765500912e-003 	3.2425092725731512e-002
1.9199999999999999e+001 	3.0191265562987311e-002 	2.2298754552631281e-003 	3.2421141018250443e-002
2.0000000000000000e+001 	3.0185145683370357e-002 	2.2307479543007660e-003 	3.2415893637671125e-002
2.0800000000000001e+001 	3.0177700751170124e-002 	2.2316755440467627e-003 	3.2409376295216889e-002
2.1600000000000001e+001 	3.0168985426491081e-002 	2.2326417719848741e-003 	3.2401627198475953e-002
2.2399999999999999e+001 	3.0159058464280113e-002 	2.2336339128934146e-003 	3.2392692377173508e-002
2.3199999999999999e+001 	3.0147981061965239e-002 	2.2346412710935312e-003 	3.2382622333058775e-002
2.4000000000000000e+001 	3.0135815537618526e-002 	2.2356546517987349e-003 	3.2371470189417259e-002
2.4800000000000001e+001 	3.0122624287047362e-002 	2.2366662261403092e-003 	3.2359290513187679e-002
2.5600000000000001e+001 	3.0108468968046451e-002 	2.2376693518304483e-003 	3.2346138319876892e-002
2.6399999999999999e+001 	3.0093409869014275e-002 	2.2386582837751346e-003 	3.2332068152789419e-002
2.7199999999999999e+001 	3.0077505425372023e-002 	2.2396278475345088e-003 	3.2317133272906529e-002
2.8000000000000000e+001 	3.0060811853999909e-002 	2.2405731437096761e-003 	3.2301384997709598e-002
2.8800000000000001e+001 	3.0043382884169204e-002 	2.2414893145459684e-003 	3.2284872198715162e-002
2.9600000000000001e+001 	3.0025269564824014e-002 	2.2423713767262092e-003 	3.2267640941550227e-002
3.0399999999999999e+001 	3.0006520135484421e-002 	2.2432141103806581e-003 	3.2249734245865073e-002
3.1199999999999999e+001 	2.9987179948485931e-002 	2.2440119953167459e-003 	3.2231191943802681e-002
3.2000000000000000e+001 	2.9967291433087517e-002 	2.2447591856831301e-003 	3.2212050618770645e-002
3.2800000000000004e+001 	2.9946894095006969e-002 	2.2454495138121951e-003 	3.2192343608819167e-002
3.3600000000000001e+001 	2.9926024544284602e-002 	2.2460765171303807e-003 	3.2172101061414979e-002
3.4399999999999999e+001 	2.9904716546702580e-002 	2.2466008912152835e-003 	3.2151317437917853e-002
3.6000000000000000e+001 	2.9866168694846155e-002 	2.2473872786646851e-003 	3.2113555973510829e-002
3.7600000000000001e+001 	2.9815747889023865e-002 	2.2478558366442148e-003 	3.2063603725668077e-002
3.9199999999999996e+001 	2.9769304602585783e-002 	2.2479076567294750e-003 	3.2017212259315246e-002
4.0800000000000004e+001 	2.9721749921396444e-002 	2.2474881080746371e-003 	3.1969238029471089e-002
4.2399999999999999e+001 	2.9673194134052033e-002 	2.2465485404539872e-003 	3.1919742674506014e-002
4.4000000000000000e+001 	2.9623720647646814e-002 	2.2450463817254799e-003 	3.1868767029372295e-002
4.5600000000000001e+001 	2.9573389142717892e-002 	2.2429442099394128e-003 	3.1816333352657301e-002
4.7199999999999996e+001 	2.9522239009028461e-002 	2.2402105903737701e-003 	3.1762449599402234e-002
4.8800000000000004e+001 	2.9470292707121849e-002 	2.2368213156368231e-003 	3.1707114022758685e-002
5.0399999999999999e+001 	2.9417558908834532e-002 	2.2327599542896520e-003 	3.1650318863124194e-002
5.2000000000000000e+001 	2.9364035354091454e-002 	2.2280177401361326e-003 	3.1592053094227579e-002
5.3600000000000001e+001 	2.9309711400198713e-002 	2.2225931348242188e-003 	3.1532304535022926e-002
5.5199999999999996e+001 	2.9254570259804644e-002 	2.2164912647189110e-003 	3.1471061524523565e-002
5.6800000000000004e+001 	2.9198590936584109e-002 	2.2097232994125081e-003 	3.1408314235996625e-002
5.8399999999999999e+001 	2.9141749873799531e-002 	2.2023057893530628e-003 	3.1344055663152605e-002
6.0000000000000000e+001 	2.9084022337468637e-002 	2.1942599759062396e-003 	3.1278282313374886e-002
6.1600000000000001e+001 	2.9025383556547900e-002 	2.1856110935948077e-003 	3.1210994650142709e-002
6.3200000000000003e+001 	2.8965809645445980e-002 	2.1763876835464886e-003 	3.1142197328992462e-002
6.4799999999999997e+001 	2.8905278333056731e-002 	2.1666209331610061e-003 	3.1071899266217735e-002
6.6400000000000006e+001 	2.8843769522788734e-002 	2.1563440552510448e-003 	3.1000113578039768e-002
6.8000000000000000e+001 	2.8781265705881930e-002 	2.1455917155015283e-003 	3.0926857421383458e-002
6.9599999999999994e+001 	2.8717752249506477e-002 	2.1342580674200088e-003 	3.0852010316926488e-002
7.2799999999999997e+001 	2.8589479776189024e-002 	2.1104474248782529e-003 	3.0699927201067290e-002
7.6000000000000000e+001 	2.8453417523310060e-002 	2.0856426451290686e-003 	3.0539060168439124e-002
7.9200000000000003e+001 	2.8315065722877529e-002 	2.0598315621902434e-003 	3.0374897285067783e-002
8.2400000000000006e+001 	2.8172632398161316e-002 	2.0332333002394541e-003 	3.0205865698400777e-002
8.5599999999999994e+001 	2.8026198009318107e-002 	2.0060722359617109e-003 	3.0032270245279814e-002
8.8799999999999997e+001 	2.7875878071254821e-002 	1.9785590529411688e-003 	2.9854437124195988e-002
9.2000000000000000e+001 	2.7721817893617506e-002 	1.9508834485026322e-003 	2.9672701342120130e-002
9.5200000000000003e+001 	2.7564187055108130e-002 	1.9232117432562996e-003 	2.9487398798364414e-002
9.8400000000000006e+001 	2.7403174049014281e-002 	1.8956868227533073e-003 	2.9298860871767588e-002
1.0159999999999999e+002 	2.7238981336152348e-002 	1.8684292525318281e-003 	2.9107410588684168e-002
1.0480000000000001e+002 	2.7071820924872304e-002 	1.8415389560656385e-003 	2.8913359880937947e-002
1.0800000000000000e+002 	2.6901910524560872e-002 	1.8150971254555167e-003 	2.8717007650016384e-002
1.1119999999999999e+002 	2.6729470272268057e-002 	1.7891681950732822e-003 	2.8518638467341338e-002
1.1440000000000001e+002 	2.6554720004023903e-002 	1.7638017934878370e-003 	2.8318521797511730e-002
1.1759999999999999e+002 	2.6377877025417433e-002 	1.7390346225036784e-003 	2.8116911647921111e-002
1.2080000000000001e+002 	2.6199154328025161e-002 	1.7148922255761803e-003 	2.7914046553601354e-002
1.2400000000000000e+002 	2.6018759196032720e-002 	1.6913906226579862e-003 	2.7710149818690702e-002
1.2720000000000000e+002 	2.5836892148507214e-002 	1.6685377954020601e-003 	2.7505429943909268e-002
1.3039999999999998e+002 	2.5653746165972355e-002 	1.6463350165724160e-003 	2.7300081182544761e-002
1.3359999999999999e+002 	2.5469506154877246e-002 	1.6247780272154921e-003 	2.7094284182092733e-002
1.3680000000000001e+002 	2.5284348608815118e-002 	1.6038580697264888e-003 	2.6888206678541603e-002
1.4000000000000000e+002 	2.5098441429659366e-002 	1.5837925235807281e-003 	2.6682233953240080e-002
1.4640000000000001e+002 	2.4727380132643108e-002 	1.5454991060188277e-003 	2.6272879238661933e-002
1.5279999999999998e+002 	2.4350774036788123e-002 	1.5090152205932774e-003 	2.5859789257381405e-002
1.5920000000000002e+002 	2.3976163649468033e-002 	1.4745817580433323e-003 	2.5450745407511351e-002
1.6559999999999999e+002 	2.3602267288579053e-002 	1.4420820707630041e-003 	2.5044349359342060e-002
1.7200000000000000e+002 	2.3229887527484568e-002 	1.4113713647891833e-003 	2.4641258892273740e-002
1.7840000000000001e+002 	2.2859727536905922e-002 	1.3822973027262475e-003 	2.4242024839632177e-002
1.8479999999999998e+002 	2.2492397782549824e-002 	1.3547096274712314e-003 	2.3847107410021048e-002
1.9120000000000002e+002 	2.2128424427246222e-002 	1.3284658657382621e-003 	2.3456890292984488e-002
1.9759999999999999e+002 	2.1768257905356646e-002 	1.3034343018694353e-003 	2.3071692207226102e-002
2.0400000000000000e+002 	2.1412281085185957e-002 	1.2794950086671109e-003 	2.2691776093853075e-002
2.1040000000000001e+002 	2.1060816802953623e-002 	1.2565397923783802e-003 	2.2317356595331999e-002
2.1679999999999998e+002 	2.0714134704977186e-002 	1.2344716354783397e-003 	2.1948606340455531e-002
2.2320000000000002e+002 	2.0372457402879154e-002 	1.2132039359987706e-003 	2.1585661338877925e-002
2.2959999999999999e+002 	2.0035965978320899e-002 	1.1926596771822033e-003 	2.1228625655503104e-002
2.3600000000000000e+002 	1.9704804887645855e-002 	1.1727705835241253e-003 	2.0877575471169977e-002
2.4240000000000001e+002 	1.9379086321671072e-002 	1.1534762902377644e-003 	2.0532562611908826e-002
2.4879999999999998e+002 	1.9058894075930505e-002 	1.1347235461184868e-003 	2.0193617622048996e-002
2.5519999999999999e+002 	1.8744286984052148e-002 	1.1164654652035672e-003 	1.9860752449255711e-002
2.6160000000000002e+002 	1.8435301962903206e-002 	1.0986608334426994e-003 	1.9533962796345904e-002
2.6800000000000000e+002 	1.8131956713717718e-002 	1.0812734719148251e-003 	1.9213230185632549e-002
2.7439999999999998e+002 	1.7834252118759091e-002 	1.0644064360683478e-003 	1.8898658554827440e-002
2.8719999999999999e+002 	1.7259213673080951e-002 	1.0317237842850885e-003 	1.8290937457366041e-002
3.0000000000000000e+002 	1.6699221840520043e-002 	1.0000047209460688e-003 	1.7699226561466115e-002
3.1280000000000001e+002 	1.6164577112118158e-002 	9.6935814363178249e-004 	1.7133935255749942e-002
3.2560000000000002e+002 	1.5651204915595580e-002 	9.3971736657658502e-004 	1.6590922282172165e-002
3.3839999999999998e+002 	1.5158512953391105e-002 	9.1101409423950393e-004 	1.6069527047630608e-002
3.5119999999999999e+002 	1.4685848101903381e-002 	8.8318437616645385e-004 	1.5569032478069835e-002
3.6400000000000000e+002 	1.4232516214200859e-002 	8.5617423869079718e-004 	1.5088690452891655e-002
3.7680000000000001e+002 	1.3797798289420319e-002 	8.2994086269471041e-004 	1.4627739152115026e-002
3.8960000000000002e+002 	1.3380963369789977e-002 	8.0445075485753212e-004 	1.4185414124647510e-002
4.0239999999999998e+002 	1.2981278666242588e-002 	7.7967730380441955e-004 	1.3760955970047012e-002
4.1519999999999999e+002 	1.2598017402846369e-002 	7.5559872821794592e-004 	1.3353616131064318e-002
4.2800000000000000e+002 	1.2230464809299622e-002 	7.3219656557853329e-004 	1.2962661374878151e-002
4.4080000000000001e+002 	1.1877922620497108e-002 	7.0945459859071290e-004 	1.2587377219087818e-002
4.5360000000000002e+002 	1.1539712377611429e-002 	6.8735809453002075e-004 	1.2227070472141447e-002
4.6639999999999998e+002 	1.1215177770166562e-002 	6.6589326668919035e-004 	1.1881071036855755e-002
4.7919999999999999e+002 	1.0903686213560675e-002 	6.4504689681592494e-004 	1.1548733110376600e-002
4.9200000000000000e+002 	1.0604629819487624e-002 	6.2480607514357040e-004 	1.1229435894631195e-002
5.0480000000000001e+002 	1.0317425887079915e-002 	6.0515802714800721e-004 	1.0922583914227917e-002
5.1759999999999991e+002 	1.0041517018332191e-002 	5.8609000202705761e-004 	1.0627607020359248e-002
5.3039999999999998e+002 	9.7763709416694971e-003 	5.6758920771147244e-004 	1.0343960149380970e-002
5.4320000000000005e+002 	9.5214801117463142e-003 	5.4986645186650188e-004 	1.0071346563612815e-002
5.6879999999999995e+002 	9.0441271604584459e-003 	5.1607595510750357e-004 	9.5602031155659489e-003
5.9440000000000009e+002 	8.5938981451026842e-003 	4.8388163776712749e-004 	9.0777797828698083e-003
6.2000000000000000e+002 	8.1801721948828923e-003 	4.5355708133482391e-004 	8.6337292762177151e-003
6.4559999999999991e+002 	7.7959141573073132e-003 	4.2506752543261680e-004 	8.2209816827399328e-003
6.7120000000000005e+002 	7.4384963386086586e-003 	3.9833474183818433e-004 	7.8368310804468409e-003
6.9679999999999995e+002 	7.1055428288924003e-003 	3.7326234681821018e-004 	7.4788051757106091e-003
7.2240000000000009e+002 	6.7949125811102547e-003 	3.4975192155376351e-004 	7.1446645026640174e-003
7.4800000000000000e+002 	6.5046782455321743e-003 	3.2770865174863218e-004 	6.8323868972808063e-003
7.7359999999999991e+002 	6.2331048698363650e-003 	3.0704255017554221e-004 	6.5401474200119086e-003
7.9920000000000005e+002 	5.9786298840336111e-003 	2.8766847792122103e-004 	6.2662983619548324e-003
8.2479999999999995e+002 	5.7398448103523477e-003 	2.6950596806123302e-004 	6.0093507784135794e-003
8.5040000000000009e+002 	5.5154787699752909e-003 	2.5247907265879609e-004 	5.7679578426340890e-003
8.7600000000000000e+002 	5.3043837158925217e-003 	2.3651624039648604e-004 	5.5408999562890100e-003
9.0159999999999991e+002 	5.1055212662726099e-003 	2.2155018837448340e-004 	5.3270714546470909e-003
9.2720000000000005e+002 	4.9179509945869171e-003 	2.0751775570789874e-004 	5.1254687502948187e-003
9.5279999999999995e+002 	4.7408200310823344e-003 	1.9435973711655119e-004 	4.9351797681988869e-003
9.7840000000000009e+002 	4.5733538362460868e-003 	1.8202069671120448e-004 	4.7553745329572952e-003
1.0040000000000000e+003 	4.4148480167705666e-003 	1.7044877402565004e-004 	4.5852967907962141e-003
1.0296000000000001e+003 	4.2646610657072230e-003 	1.5959548439854919e-004 	4.4242565501057731e-003
1.0551999999999998e+003 	4.1222079202084894e-003 	1.4941551803614403e-004 	4.2716234382446346e-003
1.0808000000000000e+003 	3.9869542414523191e-003 	1.3986654499235977e-004 	4.1268207864446791e-003
1.1064000000000001e+003 	3.8584113320180697e-003 	1.3090902189727202e-004 	3.9893203539153408e-003
1.1320000000000000e+003 	3.7361316156756127e-003 	1.2271775513103978e-004 	3.8588493708066529e-003
1.1832000000000000e+003 	3.5104277596808391e-003 	1.0786538654173425e-004 	3.6182931462225725e-003
1.2343999999999999e+003 	3.3009697963558779e-003 	9.4378475400586488e-005 	3.3953482717564640e-003
1.2856000000000001e+003 	3.1118292992007067e-003 	8.2434369984268094e-005 	3.1942636691849745e-003
1.3368000000000000e+003 	2.9387888927082228e-003 	7.1913460206831127e-005 	3.0107023529150540e-003
1.3880000000000000e+003 	2.7800391026315033e-003 	6.2667902856672971e-005 	2.8427070054881753e-003
1.4392000000000000e+003 	2.6340154217882983e-003 	5.4550389217929484e-005 	2.6885658110062270e-003
1.4903999999999999e+003 	2.4993646820718864e-003 	4.7427118546909490e-005 	2.5467918006187962e-003
1.5416000000000001e+003 	2.3749131954541058e-003 	4.1180300240835065e-005 	2.4160934956949415e-003
1.5928000000000000e+003 	2.2596391388733619e-003 	3.5706839093086517e-005 	2.2953459779664481e-003
1.6440000000000000e+003 	2.1526493453327849e-003 	3.0916296931309781e-005 	2.1835656422640954e-003
1.6952000000000000e+003 	2.0531599913168209e-003 	2.6729073691802055e-005 	2.0798890650086227e-003
1.7463999999999999e+003 	1.9604805505940561e-003 	2.3074932759218225e-005 	1.9835554833532751e-003
1.7976000000000001e+003 	1.8740004350699488e-003 	1.9891797514875384e-005 	1.8938922325848235e-003
1.8488000000000000e+003 	1.7931778342004860e-003 	1.7124743031652571e-005 	1.8103025772321386e-003
1.9000000000000000e+003 	1.7175303537766244e-003 	1.4725135701080402e-005 	1.7322554894777051e-003
1.9512000000000000e+003 	1.6466271312891099e-003 	1.2649888590683597e-005 	1.6592770198797929e-003
2.0024000000000001e+003 	1.5800821674180018e-003 	1.0860814731902812e-005 	1.5909429821499052e-003
2.0535999999999999e+003 	1.5175486631444628e-003 	9.3240601479591917e-006 	1.5268727232924219e-003
2.1048000000000002e+003 	1.4587141918126359e-003 	8.0096041815273866e-006 	1.4667237959941630e-003
2.1560000000000000e+003 	1.4032965672413514e-003 	6.8908228831275482e-006 	1.4101873901244785e-003
2.2071999999999998e+003 	1.3510402943890218e-003 	5.9441051228793914e-006 	1.3569843995119009e-003
2.2584000000000001e+003 	1.3017135094566981e-003 	5.2111177374533424e-006 	1.3069246271941518e-003
2.3607999999999997e+003 	1.2116556509342924e-003 	4.1111852542664552e-006 	1.2157668361885594e-003
2.4632000000000003e+003 	1.1292757361266519e-003 	3.2665812455118576e-006 	1.1325423173721635e-003
2.5655999999999999e+003 	1.0559991365735673e-003 	2.7157697545256226e-006 	1.0587149063280927e-003
2.6680000000000000e+003 	9.8992538477723699e-004 	2.4120860815501432e-006 	9.9233747085878711e-004
2.7704000000000001e+003 	9.3016386076666109e-004 	2.2981121198145667e-006 	9.3246197288647569e-004
2.8727999999999997e+003 	8.7595163445345064e-004 	2.3221506564466156e-006 	8.7827378510989718e-004
2.9752000000000003e+003 	8.2663465653556878e-004 	2.4433648508952007e-006 	8.2907802138646423e-004
3.0775999999999999e+003 	7.8165045836843874e-004 	2.6307984346024559e-006 	7.8428125680304146e-004
3.1800000000000000e+003 	7.4051344761838999e-004 	2.8611442886300550e-006 	7.4337459190702002e-004
3.2824000000000001e+003 	7.0280273353312539e-004 	3.1168559888040077e-006 	7.0591958952192948e-004
3.3847999999999997e+003 	6.6815211351382885e-004 	3.3847688189063688e-006 	6.7153688233273544e-004
3.4872000000000003e+003 	6.3624182726918573e-004 	3.6550934586260896e-006 	6.3989692072781185e-004
3.5895999999999999e+003 	6.0679173719979695e-004 	3.9206586177321123e-006 	6.1071239581752927e-004
3.6920000000000000e+003 	5.7955565811244620e-004 	4.1763253877304541e-006 	5.8373198350017679e-004
3.7944000000000001e+003 	5.5431661661512204e-004 	4.4185283278171582e-006 	5.5873514494293925e-004
3.8967999999999997e+003 	5.3088286681569744e-004 	4.6449144098308413e-006 	5.3552778122552822e-004
3.9992000000000003e+003 	5.0908452511682907e-004 	4.8540592892284785e-006 	5.1393858440605764e-004
4.1016000000000004e+003 	4.8877071492523883e-004 	5.0452434081598210e-006 	4.9381595833339852e-004
4.2040000000000000e+003 	4.6980713379874854e-004 	5.2182759641343260e-006 	4.7502540976288282e-004
4.3063999999999996e+003 	4.5207397246971602e-004 	5.3733574419563690e-006 	4.5744732991167251e-004
4.4088000000000002e+003 	4.3546412844372060e-004 	5.5109720361462039e-006 	4.4097510047986680e-004
4.5111999999999998e+003 	4.1988166735135526e-004 	5.6355953456543866e-006 	4.2551726269700969e-004
4.7160000000000000e+003 	3.9167443814033185e-004 	5.8346726284553417e-006 	3.9750911076878725e-004
4.9208000000000002e+003 	3.6604260567031416e-004 	5.9637793026871352e-006 	3.7200638497300137e-004
5.1256000000000004e+003 	3.4344252251222024e-004 	6.0455627840958781e-006 	3.4948808529631619e-004
5.3303999999999996e+003 	3.2317686739242481e-004 	6.0924841309278750e-006 	3.2926935152335267e-004
5.5351999999999998e+003 	3.0491606439647721e-004 	6.1085334981983753e-006 	3.1102459789467547e-004
5.7400000000000000e+003 	2.8838539196684624e-004 	6.0971106405996935e-006 	2.9448250260744600e-004
5.9448000000000002e+003 	2.7335570528621731e-004 	6.0623819918534367e-006 	2.7941808727807081e-004
6.1496000000000004e+003 	2.5963518194048804e-004 	6.0086594364011950e-006 	2.6564384137688920e-004
6.3543999999999996e+003 	2.4706247119329981e-004 	5.9398924610625832e-006 	2.5300236365436243e-004
6.5591999999999998e+003 	2.3550114796829169e-004 	5.8594926811128981e-006 	2.4136064064940460e-004
6.7640000000000000e+003 	2.2483525671825164e-004 	5.7703297436599306e-006 	2.3060558646191166e-004
6.9688000000000002e+003 	2.1496573158323644e-004 	5.6747862354972833e-006 	2.2064051781873372e-004
7.1736000000000004e+003 	2.0580751191643932e-004 	5.5748246487008452e-006 	2.1138233656514021e-004
7.3783999999999996e+003 	1.9728720816588618e-004 	5.4720507190511465e-006 	2.0275925888493736e-004
7.5831999999999998e+003 	1.8934120418844438e-004 	5.3677695521318485e-006 	1.9470897374057619e-004
7.7880000000000000e+003 	1.8191410698948745e-004 	5.2630341154836359e-006 	1.8717714110497104e-004
7.9928000000000002e+003 	1.7495747430070323e-004 	5.1586875748189244e-006 	1.8011616187552212e-004
8.1976000000000004e+003 	1.6842876540210894e-004 	5.0553990227646014e-006 	1.7348416442487357e-004
8.4023999999999996e+003 	1.6229047216606454e-004 	4.9536931490314352e-006 	1.6724416531509596e-004
8.6072000000000007e+003 	1.5650939625394767e-004 	4.8539755367883037e-006 	1.6136337179073590e-004
8.8120000000000000e+003 	1.5105604535841139e-004 	4.7625513688802982e-006 	1.5581859672729172e-004
9.2216000000000004e+003 	1.4112822776532249e-004 	4.5844535337965504e-006 	1.4571268129911903e-004
9.6311999999999989e+003 	1.3197741633030454e-004 	4.4021188833832957e-006 	1.3637953521368783e-004
1.0040800000000001e+004 	1.2384449977644488e-004 	4.2331355208789596e-006 	1.2807763529732382e-004
1.0450400000000000e+004 	1.1648429266469045e-004 	4.0787175700006120e-006 	1.2056301023469104e-004
1.0860000000000000e+004 	1.0979681608456129e-004 	3.9365695529894728e-006 	1.1373338563755077e-004
1.1269600000000000e+004 	1.0369820937376475e-004 	3.8051364781427536e-006 	1.0750334585190754e-004
1.1679199999999999e+004 	9.8117877846462306e-005 	3.6835488369436435e-006 	1.0180142668340594e-004
1.2088800000000001e+004 	9.2996029910059024e-005 	3.5711459317814674e-006 	9.6567175841840450e-005
1.2498400000000000e+004 	8.8281681725512349e-005 	3.4672877144554796e-006 	9.1748969439967812e-005
1.2908000000000000e+004 	8.3931073203619144e-005 	3.3713265432171353e-006 	8.7302399746836271e-005
1.3317600000000000e+004 	7.9906414045584578e-005 	3.2826203801983183e-006 	8.3189034425782882e-005
1.3727200000000001e+004 	7.6174886339426488e-005 	3.2005483520322277e-006 	7.9375434691458696e-005
1.4136799999999999e+004 	7.2707845013957509e-005 	3.1245210415929666e-006 	7.5832366055550443e-005
1.4546400000000000e+004 	6.9480171276876165e-005 	3.0539855130193528e-006 	7.2534156789895527e-005
1.4956000000000000e+004 	6.6469745200700399e-005 	2.9884274593105844e-006 	6.9458172660010988e-005
1.5365600000000000e+004 	6.3657011948418699e-005 	2.9273717850557358e-006 	6.6584383733474410e-005
1.5775200000000001e+004 	6.1024622294163652e-005 	2.8703817585741301e-006 	6.3895004052737770e-005
1.6184799999999999e+004 	5.8557132637235696e-005 	2.8170574894895905e-006 	6.1374190126725275e-005
1.6594400000000001e+004 	5.6240753074058622e-005 	2.7670340319166657e-006 	5.9007787105975300e-005
1.7004000000000000e+004 	5.4063134603538033e-005 	2.7199793542900335e-006 	5.6783113957828086e-005
1.7413599999999999e+004 	5.2013188436039536e-005 	2.6755921745932014e-006 	5.4688780610632722e-005
1.7823200000000001e+004 	5.0080931816996856e-005 	2.6335996922210847e-006 	5.2714531509217942e-005
1.8232799999999999e+004 	4.8257355885847995e-005 	2.5937554666534995e-006 	5.0851111352501491e-005
1.8642399999999998e+004 	4.6534311951946898e-005 	2.5558373693477346e-006 	4.9090149321294640e-005
1.9052000000000000e+004 	4.4904413243629375e-005 	2.5196454678619762e-006 	4.7424058711491342e-005
1.9461600000000002e+004 	4.3360949720403589e-005 	2.4850001264177725e-006 	4.5845949846821360e-005
1.9871200000000001e+004 	4.1897813962728635e-005 	2.4517403722612882e-006 	4.4349554334989917e-005
2.0280799999999999e+004 	4.0509436494686785e-005 	2.4197220670038337e-006 	4.2929158561690601e-005
2.0690400000000001e+004 	3.9190729170382226e-005 	2.3888164435829953e-006 	4.1579545613965246e-005
2.1100000000000000e+004 	3.7937035478472305e-005 	2.3589086761883963e-006 	4.0295944154660690e-005
2.1509599999999999e+004 	3.6744086802400539e-005 	2.3298963937009916e-006 	3.9073983196101543e-005
2.1919200000000001e+004 	3.5607963824217641e-005 	2.3016887763910339e-006 	3.7909652600608670e-005
2.2328800000000003e+004 	3.4525062384110301e-005 	2.2742052503559808e-006 	3.6799267634466277e-005
2.2738399999999998e+004 	3.3492063211006569e-005 	2.2473742813465441e-006 	3.5739437492353100e-005
2.3148000000000000e+004 	3.2505905025391626e-005 	2.2211326744828155e-006 	3.4727037699874426e-005
2.3557600000000002e+004 	3.1563760587657650e-005 	2.1954247273327512e-006 	3.3759185314990390e-005
2.3967199999999997e+004 	3.0663015325475963e-005 	2.1702013912517175e-006 	3.2833216716727675e-005
2.4376799999999999e+004 	2.9801248224951757e-005 	2.1454195810988424e-006 	3.1946667806050593e-005
2.4786400000000001e+004 	2.8976214713224741e-005 	2.1210415811280397e-006 	3.1097256294352783e-005
2.5196000000000000e+004 	2.8185831296845751e-005 	2.0970344067411437e-006 	3.0282865703586896e-005
2.5605599999999999e+004 	2.7428161751506458e-005 	2.0732049542999313e-006 	2.9501366705806397e-005
