-1300 0
-1.3000000000000000e+003 0.0000000000000000e+000 0.0000000000000000e+000
1
1 1 1 1
1
         t, ms                         dVp, mV                         dVs, mV                         dV, mV
2.5000000000000000e-001 	1.3727670064347616e-001 	2.2295751493721618e-002 	1.5957245213719778e-001
2.9999999999999999e-001 	1.3748044546579011e-001 	2.2303378407468204e-002 	1.5978382387325837e-001
3.4999999999999998e-001 	1.3758344525214261e-001 	2.2310180111629555e-002 	1.5989362536377222e-001
4.0000000000000002e-001 	1.3766113056898868e-001 	2.2315377460717892e-002 	1.5997650802970664e-001
4.5000000000000001e-001 	1.3773030715585030e-001 	2.2319114480595387e-002 	1.6004942163644570e-001
5.0000000000000000e-001 	1.3779440275586216e-001 	2.2321599495027378e-002 	1.6011600225088948e-001
5.5000000000000004e-001 	1.3785411222990662e-001 	2.2323048661774453e-002 	1.6017716089168116e-001
5.9999999999999998e-001 	1.3790969973103837e-001 	2.2323663072690274e-002 	1.6023336280372869e-001
6.5000000000000002e-001 	1.3796142186271754e-001 	2.2323621495305139e-002 	1.6028504335802271e-001
6.9999999999999996e-001 	1.3800956668451847e-001 	2.2323079364220681e-002 	1.6033264604873915e-001
7.5000000000000000e-001 	1.3805443310600388e-001 	2.2322169911103175e-002 	1.6037660301710693e-001
8.0000000000000004e-001 	1.3809631195544300e-001 	2.2321005915819366e-002 	1.6041731787126240e-001
8.4999999999999998e-001 	1.3813547545891738e-001 	2.2319681612749071e-002 	1.6045515707166647e-001
9.0000000000000002e-001 	1.3817217281172470e-001 	2.2318274616246938e-002 	1.6049044742797164e-001
9.4999999999999996e-001 	1.3820662922602345e-001 	2.2316847802923583e-002 	1.6052347702894701e-001
1.0000000000000000e+000 	1.3823904680970864e-001 	2.2315451128848567e-002 	1.6055449793855722e-001
1.0500000000000000e+000 	1.3826960626460152e-001 	2.2314123343768200e-002 	1.6058372960836972e-001
1.1000000000000001e+000 	1.3829846891551342e-001 	2.2312893582374198e-002 	1.6061136249788763e-001
1.1499999999999999e+000 	1.3832577877624461e-001 	2.2311782816592424e-002 	1.6063756159283701e-001
1.2000000000000000e+000 	1.3835166450097322e-001 	2.2310861008843112e-002 	1.6066252550981638e-001
1.3000000000000000e+000 	1.3889334646071200e-001 	2.2309458321624221e-002 	1.6120280478233617e-001
1.3999999999999999e+000 	1.3844334292758292e-001 	2.2308510459399276e-002 	1.6075185338698225e-001
1.5000000000000000e+000 	1.3848309110214072e-001 	2.2308075392517234e-002 	1.6079116649465797e-001
1.6000000000000001e+000 	1.3851949962018620e-001 	2.2308107688424929e-002 	1.6082760730861106e-001
1.7000000000000000e+000 	1.3855300366825085e-001 	2.2308540424482572e-002 	1.6086154409273343e-001
1.8000000000000000e+000 	1.3858396645675244e-001 	2.2309296595133015e-002 	1.6089326305188545e-001
1.8999999999999999e+000 	1.3861269201901694e-001 	2.2310296535399482e-002 	1.6092298855441647e-001
2.0000000000000000e+000 	1.3863943634082765e-001 	2.2311462825551593e-002 	1.6095089916637934e-001
2.1000000000000001e+000 	1.3866441642129534e-001 	2.2312723408337062e-002 	1.6097713982963238e-001
2.2000000000000002e+000 	1.3868781747635503e-001 	2.2314013417651723e-002 	1.6100183089400663e-001
2.2999999999999998e+000 	1.3870979864625865e-001 	2.2315276092435988e-002 	1.6102507473869471e-001
2.3999999999999999e+000 	1.3873049752051822e-001 	2.2316463037776971e-002 	1.6104696055829523e-001
2.5000000000000000e+000 	1.3875003375160760e-001 	2.2317534049324066e-002 	1.6106756780093170e-001
2.6000000000000001e+000 	1.3876851196148179e-001 	2.2318456654041380e-002 	1.6108696861552321e-001
2.7000000000000002e+000 	1.3878602409130397e-001 	2.2319205479030588e-002 	1.6110522957033455e-001
2.7999999999999998e+000 	1.3880265131253280e-001 	2.2319761529590944e-002 	1.6112241284212378e-001
2.8999999999999999e+000 	1.3881846559838223e-001 	2.2320111428510946e-002 	1.6113857702689327e-001
3.0000000000000000e+000 	1.3883353101199172e-001 	2.2320246667631421e-002 	1.6115377767962316e-001
3.1000000000000001e+000 	1.3884790477772169e-001 	2.2320162890314840e-002 	1.6116806766803646e-001
3.2000000000000002e+000 	1.3886163817030436e-001 	2.2319859214816898e-002 	1.6118149738512128e-001
3.2999999999999998e+000 	1.3887477726953945e-001 	2.2319337629669582e-002 	1.6119411489920898e-001
3.3999999999999999e+000 	1.3888736359255338e-001 	2.2318526819134210e-002 	1.6120589041168762e-001
3.6000000000000001e+000 	1.3905595213546967e-001 	2.2316282267543956e-002 	1.6137223440301365e-001
3.7999999999999998e+000 	1.3893296384589715e-001 	2.2313438058022453e-002 	1.6124640190391953e-001
4.0000000000000000e+000 	1.3895326392812909e-001 	2.2309941282049852e-002 	1.6126320521017889e-001
4.2000000000000002e+000 	1.3897214692144255e-001 	2.2305851069311215e-002 	1.6127799799075371e-001
4.4000000000000004e+000 	1.3898977002634508e-001 	2.2301239027958990e-002 	1.6129100905430410e-001
4.5999999999999996e+000 	1.3900627049072431e-001 	2.2296181102013174e-002 	1.6130245159273751e-001
4.7999999999999998e+000 	1.3902176975200450e-001 	2.2290752182731081e-002 	1.6131252193473550e-001
5.0000000000000000e+000 	1.3903637690507026e-001 	2.2285023147887179e-002 	1.6132140005295745e-001
5.2000000000000002e+000 	1.3905019129940155e-001 	2.2279059586480434e-002 	1.6132925088588196e-001
5.4000000000000004e+000 	1.3906330431330638e-001 	2.2272921448893611e-002 	1.6133622576219997e-001
5.5999999999999996e+000 	1.3907580044933854e-001 	2.2266663130409297e-002 	1.6134246357974774e-001
5.7999999999999998e+000 	1.3908775791937628e-001 	2.2260333733454200e-002 	1.6134809165283043e-001
6.0000000000000000e+000 	1.3909924887834341e-001 	2.2253977387205071e-002 	1.6135322626554857e-001
6.2000000000000002e+000 	1.3911033943545401e-001 	2.2247633562501930e-002 	1.6135797299795596e-001
6.4000000000000004e+000 	1.3912108956881311e-001 	2.2241337362402889e-002 	1.6136242693121597e-001
6.5999999999999996e+000 	1.3913155300827662e-001 	2.2235119782227104e-002 	1.6136667279050365e-001
6.7999999999999998e+000 	1.3914177715460477e-001 	2.2229007924162884e-002 	1.6137078507876768e-001
7.0000000000000000e+000 	1.3915180306192274e-001 	2.2223025187750281e-002 	1.6137482824967300e-001
7.2000000000000002e+000 	1.3916166550533429e-001 	2.2217191442115775e-002 	1.6137885694745011e-001
7.4000000000000004e+000 	1.3917139313249033e-001 	2.2211523179838762e-002 	1.6138291631232907e-001
7.5999999999999996e+000 	1.3918100869412187e-001 	2.2206109501191236e-002 	1.6138711819531310e-001
8.0000000000000000e+000 	1.3927801044956653e-001 	2.2195883924212303e-002 	1.6147389437377874e-001
8.4000000000000004e+000 	1.3921861882583475e-001 	2.2186303088738792e-002 	1.6140492191457348e-001
8.8000000000000007e+000 	1.3923693830599493e-001 	2.2177481971359294e-002 	1.6141442027735425e-001
9.1999999999999993e+000 	1.3925488924108670e-001 	2.2169400144952573e-002 	1.6142428938603934e-001
9.5999999999999996e+000 	1.3927238501961209e-001 	2.2161997614698861e-002 	1.6143438263431092e-001
1.0000000000000000e+001 	1.3928930789250454e-001 	2.2155185042669730e-002 	1.6144449293517427e-001
1.0400000000000000e+001 	1.3930551862026974e-001 	2.2148850233139023e-002 	1.6145436885340889e-001
1.0800000000000001e+001 	1.3932086499627105e-001 	2.2142862988688884e-002 	1.6146372798496006e-001
1.1199999999999999e+001 	1.3933518890753643e-001 	2.2137079420121445e-002 	1.6147226832765779e-001
1.1600000000000000e+001 	1.3934833190606805e-001 	2.2131345978098287e-002 	1.6147967788416637e-001
1.2000000000000000e+001 	1.3936013940606337e-001 	2.2125503170758825e-002 	1.6148564257682227e-001
1.2400000000000000e+001 	1.3937046368688447e-001 	2.2119388901587794e-002 	1.6148985258847220e-001
1.2800000000000001e+001 	1.3937916590171037e-001 	2.2112841370993817e-002 	1.6149200727270421e-001
1.3199999999999999e+001 	1.3938611728622508e-001 	2.2105701540527746e-002 	1.6149181882675279e-001
1.3600000000000000e+001 	1.3939119974557068e-001 	2.2097815186361586e-002 	1.6148901493193227e-001
1.4000000000000000e+001 	1.3939430597268335e-001 	2.2089034573694016e-002 	1.6148334054637731e-001
1.4400000000000000e+001 	1.3939533922831093e-001 	2.2079219791308505e-002 	1.6147455901961946e-001
1.4800000000000001e+001 	1.3939421288668871e-001 	2.2068239776752492e-002 	1.6146245266344122e-001
1.5199999999999999e+001 	1.3939084982994074e-001 	2.2055973061941288e-002 	1.6144682289188206e-001
1.5600000000000000e+001 	1.3938518175735579e-001 	2.2042308294065321e-002 	1.6142749005142118e-001
1.6000000000000000e+001 	1.3937714845544810e-001 	2.2026495632747951e-002 	1.6140364408819596e-001
1.6800000000000001e+001 	1.3940724787973338e-001 	2.1989711545029593e-002 	1.6139695942476293e-001
1.7600000000000001e+001 	1.3932030122973249e-001 	2.1947148233810183e-002 	1.6126744946354260e-001
1.8399999999999999e+001 	1.3927662283738199e-001 	2.1897431823999249e-002 	1.6117405466138132e-001
1.9199999999999999e+001 	1.3922249999971081e-001 	2.1840208498302999e-002 	1.6106270849801377e-001
2.0000000000000000e+001 	1.3915779216131524e-001 	2.1775292134606081e-002 	1.6093308429592135e-001
2.0800000000000001e+001 	1.3908240392404950e-001 	2.1702637295251584e-002 	1.6078504121930107e-001
2.1600000000000001e+001 	1.3899627824982130e-001 	2.1622315553937080e-002 	1.6061859380375842e-001
2.2399999999999999e+001 	1.3889939081173128e-001 	2.1534491967831471e-002 	1.6043388277956275e-001
2.3199999999999999e+001 	1.3879174565466884e-001 	2.1439406728346114e-002 	1.6023115238301491e-001
2.4000000000000000e+001 	1.3867337197021043e-001 	2.1337361101838762e-002 	1.6001073307204919e-001
2.4800000000000001e+001 	1.3854432171272360e-001 	2.1228705443579261e-002 	1.5977302715630290e-001
2.5600000000000001e+001 	1.3840466779882379e-001 	2.1113828172002313e-002 	1.5951849597082607e-001
2.6399999999999999e+001 	1.3825450268157335e-001 	2.0993145551828109e-002 	1.5924764823340135e-001
2.7199999999999999e+001 	1.3809393714506341e-001 	2.0867092469113217e-002 	1.5896102961417660e-001
2.8000000000000000e+001 	1.3792309920748683e-001 	2.0736114336668315e-002 	1.5865921354415516e-001
2.8800000000000001e+001 	1.3774213306428140e-001 	2.0600660160837159e-002 	1.5834279322511852e-001
2.9600000000000001e+001 	1.3755119802564927e-001 	2.0461176717014452e-002 	1.5801237474266366e-001
3.0399999999999999e+001 	1.3735046742864718e-001 	2.0318103734289997e-002 	1.5766857116293714e-001
3.1199999999999999e+001 	1.3714012751627111e-001 	2.0171869983416975e-002 	1.5731199749968808e-001
3.2000000000000000e+001 	1.3692037628581816e-001 	2.0022890169796876e-002 	1.5694326645561507e-001
3.2800000000000004e+001 	1.3669142231531697e-001 	1.9871562531203233e-002 	1.5656298484652015e-001
3.3600000000000001e+001 	1.3645348357935333e-001 	1.9718267038825871e-002 	1.5617175061817926e-001
3.4399999999999999e+001 	1.3620678626655341e-001 	1.9563005956910202e-002 	1.5576979222346357e-001
3.6000000000000000e+001 	1.3570923633335369e-001 	1.9249482521234731e-002 	1.5495871885458842e-001
3.7600000000000001e+001 	1.3513793028281601e-001 	1.8934464165799032e-002 	1.5407239444861517e-001
3.9199999999999996e+001 	1.3455735067027108e-001 	1.8619009363262638e-002 	1.5317636003353377e-001
4.0800000000000004e+001 	1.3394862160077789e-001 	1.8304756765345358e-002 	1.5225337836612327e-001
4.2399999999999999e+001 	1.3331374193077758e-001 	1.7993184765831186e-002 	1.5130692669660878e-001
4.4000000000000000e+001 	1.3265469665327717e-001 	1.7685553218173073e-002 	1.5034024987145023e-001
4.5600000000000001e+001 	1.3197343492778904e-001 	1.7382895554037943e-002 	1.4935633048182698e-001
4.7199999999999996e+001 	1.3127185357805876e-001 	1.7086035145202461e-002 	1.4835788872326131e-001
4.8800000000000004e+001 	1.3055178457497946e-001 	1.6795609808362588e-002 	1.4734739438334202e-001
5.0399999999999999e+001 	1.2981498578209738e-001 	1.6512096648130952e-002 	1.4632708243022835e-001
5.2000000000000000e+001 	1.2906313446540724e-001 	1.6235835079445475e-002 	1.4529896954485275e-001
5.3600000000000001e+001 	1.2829782314451829e-001 	1.5967047797222411e-002 	1.4426487094174067e-001
5.5199999999999996e+001 	1.2752055739917068e-001 	1.5705859700249240e-002 	1.4322641709941986e-001
5.6800000000000004e+001 	1.2673275527805897e-001 	1.5452314742186611e-002 	1.4218507002024555e-001
5.8399999999999999e+001 	1.2593574799396021e-001 	1.5206390712544184e-002 	1.4114213870650441e-001
6.0000000000000000e+001 	1.2513078162619917e-001 	1.4968012030332144e-002 	1.4009879365653138e-001
6.1600000000000001e+001 	1.2431901959040945e-001 	1.4737060704769992e-002 	1.3905608029517946e-001
6.3200000000000003e+001 	1.2350154567162475e-001 	1.4513385641423843e-002 	1.3801493131304857e-001
6.4799999999999997e+001 	1.2267936745149834e-001 	1.4296810481916130e-002 	1.3697617793341452e-001
6.6400000000000006e+001 	1.2185341998982030e-001 	1.4087140161559717e-002 	1.3594056015138006e-001
6.8000000000000000e+001 	1.2102456964865436e-001 	1.3884166353900711e-002 	1.3490873600255510e-001
6.9599999999999994e+001 	1.2019361796905401e-001 	1.3690008101047542e-002 	1.3388362607010154e-001
7.2799999999999997e+001 	1.1853768145816018e-001 	1.3320450932514501e-002 	1.3185813239067468e-001
7.6000000000000000e+001 	1.1686449093901033e-001 	1.2969261610396998e-002 	1.2983375254940732e-001
7.9200000000000003e+001 	1.1520385689637959e-001 	1.2638877931243213e-002 	1.2784273482762273e-001
8.2400000000000006e+001 	1.1355097989930023e-001 	1.2328116231039880e-002 	1.2587909613034007e-001
8.5599999999999994e+001 	1.1190904807021275e-001 	1.2035566921723093e-002 	1.2394461499193583e-001
8.8799999999999997e+001 	1.1028074754606447e-001 	1.1759815526962902e-002 	1.2204056307302735e-001
9.2000000000000000e+001 	1.0866831984771172e-001 	1.1499518241327040e-002 	1.2016783808903873e-001
9.5200000000000003e+001 	1.0707362032879271e-001 	1.1253425981703456e-002 	1.1832704631049620e-001
9.8400000000000006e+001 	1.0549817170239800e-001 	1.1020389888503438e-002 	1.1651856159090149e-001
1.0159999999999999e+002 	1.0394321117030771e-001 	1.0799359504459091e-002 	1.1474257067476681e-001
1.0480000000000001e+002 	1.0240973124601734e-001 	1.0589377699831953e-002 	1.1299910894584929e-001
1.0800000000000000e+002 	1.0089851486519914e-001 	1.0389574130777108e-002 	1.1128808899597627e-001
1.1119999999999999e+002 	9.9410165493138705e-002 	1.0199158180772168e-002 	1.0960932367391091e-001
1.1440000000000001e+002 	9.7945132919025665e-002 	1.0017411918218307e-002 	1.0796254483724400e-001
1.1759999999999999e+002 	9.6503735359255563e-002 	9.8436833595322085e-003 	1.0634741871878775e-001
1.2080000000000001e+002 	9.5086178413834418e-002 	9.6773801821971213e-003 	1.0476355859603154e-001
1.2400000000000000e+002 	9.3692571343850561e-002 	9.5179639371834220e-003 	1.0321053528103402e-001
1.2720000000000000e+002 	9.2322941068742614e-002 	9.3649447703094968e-003 	1.0168788583905206e-001
1.3039999999999998e+002 	9.0977244221184334e-002 	9.2178766411937334e-003 	1.0019512086237814e-001
1.3359999999999999e+002 	8.9655377545445031e-002 	9.0763530089403716e-003 	9.8731730554385402e-002
1.3680000000000001e+002 	8.8357186880655678e-002 	8.9400029476526550e-003 	9.7297189828308345e-002
1.4000000000000000e+002 	8.7082474932296178e-002 	8.8101342869629420e-003 	9.5892609219259115e-002
1.4640000000000001e+002 	8.4615743930781917e-002 	8.5636639457042779e-003 	9.3179407876486167e-002
1.5279999999999998e+002 	8.2212322268087543e-002 	8.3296291190757907e-003 	9.0541951387163297e-002
1.5920000000000002e+002 	7.9910574012690569e-002 	8.1093012480679075e-003 	8.8019875260758523e-002
1.6559999999999999e+002 	7.7694185449722467e-002 	7.9014968907905984e-003 	8.5595682340513082e-002
1.7200000000000000e+002 	7.5560289943100753e-002 	7.7050126834451119e-003 	8.3265302626545884e-002
1.7840000000000001e+002 	7.3505933419429584e-002 	7.5187444825378950e-003 	8.1024677901967476e-002
1.8479999999999998e+002 	7.1528127707346623e-002 	7.3417127410487911e-003 	7.8869840448395429e-002
1.9120000000000002e+002 	6.9623890718329806e-002 	7.1730608787616930e-003 	7.6796951597091490e-002
1.9759999999999999e+002 	6.7790276413896927e-002 	7.0120436060785154e-003 	7.4802320019975457e-002
2.0400000000000000e+002 	6.6024396808760780e-002 	6.8580119482809171e-003 	7.2882408757041689e-002
2.1040000000000001e+002 	6.4323437784824231e-002 	6.7103986937178230e-003 	7.1033836478542056e-002
2.1679999999999998e+002 	6.2684670114994318e-002 	6.5687057332405275e-003 	6.9253375848234822e-002
2.2320000000000002e+002 	6.1105456792818334e-002 	6.4324934862735883e-003 	6.7537950279091943e-002
2.2959999999999999e+002 	5.9583257523790456e-002 	6.3013721605476155e-003 	6.5884629684338045e-002
2.3600000000000000e+002 	5.8115631044905615e-002 	6.1749945302428510e-003 	6.4290625575148461e-002
2.4240000000000001e+002 	5.6700235792128587e-002 	6.0530499437764784e-003 	6.2753285735905065e-002
2.4879999999999998e+002 	5.5334829321089483e-002 	5.9352593241336522e-003 	6.1270088645223111e-002
2.5519999999999999e+002 	5.4017266797224718e-002 	5.8213709787618183e-003 	5.9838637775986532e-002
2.6160000000000002e+002 	5.2745498802415233e-002 	5.7111570664073298e-003 	5.8456655868822573e-002
2.6800000000000000e+002 	5.1517568650666555e-002 	5.6044106053788033e-003 	5.7121979256045348e-002
2.7439999999999998e+002 	5.0331609363138193e-002 	5.5021056515976935e-003 	5.5833715014735892e-002
2.8719999999999999e+002 	4.8093924884142908e-002 	5.3067254591098022e-003 	5.3400650343252712e-002
3.0000000000000000e+002 	4.5968443707499904e-002 	5.1201255841789271e-003 	5.1088569291678834e-002
3.1280000000000001e+002 	4.3996226627925614e-002 	4.9433800091676231e-003 	4.8939606637093250e-002
3.2560000000000002e+002 	4.2148969185607787e-002 	4.7758784053644919e-003 	4.6924847590972249e-002
3.3839999999999998e+002 	4.0416747224916123e-002 	4.6169464140987460e-003 	4.5033693639014896e-002
3.5119999999999999e+002 	3.8790504487968676e-002 	4.4659281879551628e-003 	4.3256432675923842e-002
3.6400000000000000e+002 	3.7261997431092049e-002 	4.3222226898300600e-003 	4.1584220120922145e-002
3.7680000000000001e+002 	3.5823725609123135e-002 	4.1852922162263452e-003 	4.0009017825349470e-002
3.8960000000000002e+002 	3.4468861869021261e-002 	4.0546577216618342e-003 	3.8523519590683092e-002
4.0239999999999998e+002 	3.3191186991864685e-002 	3.9298909367532974e-003 	3.7121077928617983e-002
4.1519999999999999e+002 	3.1985030050206878e-002 	3.8106069873424138e-003 	3.5795637037549295e-002
4.2800000000000000e+002 	3.0845214560177855e-002 	3.6964582215674681e-003 	3.4541672781745331e-002
4.4080000000000001e+002 	2.9767010096896144e-002 	3.5871291418929957e-003 	3.3354139238789146e-002
4.5360000000000002e+002 	2.8746088913983454e-002 	3.4823322345859356e-003 	3.2228421148569372e-002
4.6639999999999998e+002 	2.7778487085591143e-002 	3.3818045104771662e-003 	3.1160291596068302e-002
4.7919999999999999e+002 	2.6860569708060094e-002 	3.2853046020943711e-003 	3.0145874310154478e-002
4.9200000000000000e+002 	2.5988999731515174e-002 	3.1926103071712639e-003 	2.9181610038686422e-002
5.0480000000000001e+002 	2.5160710030292358e-002 	3.1035164999915249e-003 	2.8264226530283886e-002
5.1759999999999991e+002 	2.4372878359664379e-002 	3.0178333414439132e-003 	2.7390711701108284e-002
5.3039999999999998e+002 	2.3622904883111147e-002 	2.9353847329169421e-003 	2.6558289616028085e-002
5.4320000000000005e+002 	2.2908391988747154e-002 	2.8571140459103298e-003 	2.5765506034657493e-002
5.6879999999999995e+002 	2.1587500325634484e-002 	2.7092544324225972e-003 	2.4296754758057069e-002
5.9440000000000009e+002 	2.0357881381148607e-002 	2.5696401274650929e-003 	2.2927521508613713e-002
6.2000000000000000e+002 	1.9245546609020638e-002 	2.4393159076301634e-003 	2.1684862516650794e-002
6.4559999999999991e+002 	1.8225976877999921e-002 	2.3177046521400489e-003 	2.0543681530139957e-002
6.7120000000000005e+002 	1.7289029880337953e-002 	2.2041414986652668e-003 	1.9493171379003221e-002
6.9679999999999995e+002 	1.6425862021649293e-002 	2.0979734845614916e-003 	1.8523835506210781e-002
7.2240000000000009e+002 	1.5628765643268337e-002 	1.9985973810171418e-003 	1.7627363024285476e-002
7.4800000000000000e+002 	1.4891010273518357e-002 	1.9054673142717034e-003 	1.6796477587790057e-002
7.7359999999999991e+002 	1.4206702332199721e-002 	1.8180917902695069e-003 	1.6024794122469224e-002
7.9920000000000005e+002 	1.3570665252635814e-002 	1.7360280490664461e-003 	1.5306693301702262e-002
8.2479999999999995e+002 	1.2978338189466358e-002 	1.6588762844186469e-003 	1.4637214473885007e-002
8.5040000000000009e+002 	1.2425690631015686e-002 	1.5862744550141814e-003 	1.4011965086029863e-002
8.7600000000000000e+002 	1.1909150328653976e-002 	1.5178938027764720e-003 	1.3427044131430449e-002
9.0159999999999991e+002 	1.1425542302148909e-002 	1.4534350200417902e-003 	1.2878977322190701e-002
9.2720000000000005e+002 	1.0972037052107954e-002 	1.3926249704045619e-003 	1.2364662022512522e-002
9.5279999999999995e+002 	1.0546106441363712e-002 	1.3352138612465864e-003 	1.1881320302610297e-002
9.7840000000000009e+002 	1.0145485983419605e-002 	1.2809727891424224e-003 	1.1426458772562025e-002
1.0040000000000000e+003 	9.7681425020056285e-003 	1.2296915985708513e-003 	1.0997834100576479e-002
1.0296000000000001e+003 	9.4122463088584657e-003 	1.1811770047130939e-003 	1.0593423313571559e-002
1.0551999999999998e+003 	9.0761471954909669e-003 	1.1352509451830887e-003 	1.0211398140674057e-002
1.0808000000000000e+003 	8.7583536551647211e-003 	1.0917491223560942e-003 	9.8501027775208128e-003
1.1064000000000001e+003 	8.4575148496337949e-003 	1.0505197097593277e-003 	9.5080345593931189e-003
1.1320000000000000e+003 	8.1724049154309458e-003 	1.0121754430309298e-003 	9.1845803584618777e-003
1.1832000000000000e+003 	7.6488865462272949e-003 	9.4137160229152100e-004 	8.5902581485188152e-003
1.2343999999999999e+003 	7.1658783152628858e-003 	8.7602869308903836e-004 	8.0419070083519225e-003
1.2856000000000001e+003 	6.7325246559175192e-003 	8.1674963840690023e-004 	7.5492742943244207e-003
1.3368000000000000e+003 	6.3382725265612441e-003 	7.6302623131920553e-004 	7.1012987578804535e-003
1.3880000000000000e+003 	5.9784429410206837e-003 	7.1430641341095505e-004 	6.6927493544316390e-003
1.4392000000000000e+003 	5.6490346071260376e-003 	6.7006467145202414e-004 	6.3190992785780616e-003
1.4903999999999999e+003 	5.3466222225024241e-003 	6.2982542584469889e-004 	5.9764476483471236e-003
1.5416000000000001e+003 	5.0682630218380478e-003 	5.9316635831259759e-004 	5.6614293801506453e-003
1.5928000000000000e+003 	4.8114174463919929e-003 	5.5971451534316907e-004 	5.3711319617351623e-003
1.6440000000000000e+003 	4.5738836167067949e-003 	5.2914054069223230e-004 	5.1030241573990272e-003
1.6952000000000000e+003 	4.3537436355526706e-003 	5.0115302279058415e-004 	4.8548966583432541e-003
1.7463999999999999e+003 	4.1493195850514806e-003 	4.7549352767603162e-004 	4.6248131127275124e-003
1.7976000000000001e+003 	3.9591373483480628e-003 	4.5193237029114404e-004 	4.4110697186392055e-003
1.8488000000000000e+003 	3.7818967273702915e-003 	4.3026502506865574e-004 	4.2121617524389478e-003
1.9000000000000000e+003 	3.6164466371021138e-003 	4.1030906031722358e-004 	4.0267556974193366e-003
1.9512000000000000e+003 	3.4617644099996896e-003 	3.9190150369620275e-004 	3.8536659136958924e-003
2.0024000000000001e+003 	3.3169384445683511e-003 	3.7489656564243794e-004 	3.6918350102107889e-003
2.0535999999999999e+003 	3.1811535887929033e-003 	3.5916366190835963e-004 	3.5403172507012626e-003
2.1048000000000002e+003 	3.0536787714418273e-003 	3.4458568721216500e-004 	3.3982644586539939e-003
2.1560000000000000e+003 	2.9338564900199030e-003 	3.3105750372848714e-004 	3.2649139937483895e-003
2.2071999999999998e+003 	2.8210938394312261e-003 	3.1848461658577518e-004 	3.1395784560170016e-003
2.2584000000000001e+003 	2.7148548249324822e-003 	3.0707943269277840e-004 	3.0219342576252605e-003
2.3607999999999997e+003 	2.5213894620967178e-003 	2.8654411456571202e-004 	2.8079335766624295e-003
2.4632000000000003e+003 	2.3449759253016834e-003 	2.6799938260049636e-004 	2.6129753079021795e-003
2.5655999999999999e+003 	2.1885696014998452e-003 	2.5160958559647975e-004 	2.4401791870963261e-003
2.6680000000000000e+003 	2.0479516247575817e-003 	2.3710970385169968e-004 	2.2850613286092823e-003
2.7704000000000001e+003 	1.9211148346053341e-003 	2.2423119385810527e-004 	2.1453460284634384e-003
2.8727999999999997e+003 	1.8063485961008381e-003 	2.1273316928534290e-004 	2.0190817653861809e-003
2.9752000000000003e+003 	1.7021935030583132e-003 	2.0241081764516881e-004 	1.9046043207034825e-003
3.0775999999999999e+003 	1.6074001925860358e-003 	1.9309344515209732e-004 	1.8004936377381329e-003
3.1800000000000000e+003 	1.5208946220323393e-003 	1.8463936175526865e-004 	1.7055339837876078e-003
3.2824000000000001e+003 	1.4417495188971236e-003 	1.7693066749045701e-004 	1.6186801863875800e-003
3.3847999999999997e+003 	1.3691610485335353e-003 	1.6986883403640962e-004 	1.5390298825699450e-003
3.4872000000000003e+003 	1.3024297148033445e-003 	1.6337115054316161e-004 	1.4658008653465071e-003
3.5895999999999999e+003 	1.2409446524131481e-003 	1.5736788629908664e-004 	1.3983125387122346e-003
3.6920000000000000e+003 	1.1841706349757766e-003 	1.5180001219312008e-004 	1.3359706471688965e-003
3.7944000000000001e+003 	1.1316372666662319e-003 	1.4661735809239421e-004 	1.2782546247586261e-003
3.8967999999999997e+003 	1.0829299402508377e-003 	1.4177711408730104e-004 	1.2247070543381390e-003
3.9992000000000003e+003 	1.0376822333521862e-003 	1.3724260612906918e-004 	1.1749248394812553e-003
4.1016000000000004e+003 	9.9556948334195757e-004 	1.3298229140969547e-004 	1.1285517747516532e-003
4.2040000000000000e+003 	9.5630333401355687e-004 	1.2896893214299403e-004 	1.0852722661565508e-003
4.3063999999999996e+003 	9.1962708805338295e-004 	1.2517891510966661e-004 	1.0448060031630500e-003
4.4088000000000002e+003 	8.8531173119531757e-004 	1.2159168830375534e-004 	1.0069034194990728e-003
4.5111999999999998e+003 	8.5315251898737579e-004 	1.1825855327535028e-004 	9.7141107226272579e-004
4.7160000000000000e+003 	7.9502242825411819e-004 	1.1207741215604565e-004 	9.0709984041016439e-004
4.9208000000000002e+003 	7.4228459848134788e-004 	1.0631329373307528e-004 	8.4859789221442320e-004
5.1256000000000004e+003 	6.9586893598413187e-004 	1.0102501665340057e-004 	7.9689395263753246e-004
5.3303999999999996e+003 	6.5431241926375446e-004 	9.6168682126996372e-005 	7.5048110139075072e-004
5.5351999999999998e+003 	6.1692029453684931e-004 	9.1692981448641625e-005 	7.0861327598549105e-004
5.7400000000000000e+003 	5.8311488696093387e-004 	8.7551174569713640e-005 	6.7066606153064754e-004
5.9448000000000002e+003 	5.5241550419610110e-004 	8.3704175388082459e-005 	6.3611967958418351e-004
6.1496000000000004e+003 	5.2442064560775145e-004 	8.0119707314091259e-005 	6.0454035292184310e-004
6.3543999999999996e+003 	4.9879329276319626e-004 	7.6770769735034120e-005 	5.7556406249823031e-004
6.5591999999999998e+003 	4.7524904109521151e-004 	7.3634405261825773e-005 	5.4888344635703728e-004
6.7640000000000000e+003 	4.5354659309420611e-004 	7.0690835145312961e-005 	5.2423742823951892e-004
6.9688000000000002e+003 	4.3348014262031907e-004 	6.7922847496468977e-005 	5.0140299011678800e-004
7.1736000000000004e+003 	4.1487325459546131e-004 	6.5315344456057543e-005 	4.8018859905151888e-004
7.3783999999999996e+003 	3.9757392443188480e-004 	6.2854993092500004e-005 	4.6042891752438479e-004
7.5831999999999998e+003 	3.8145057023216929e-004 	6.0529950195200364e-005 	4.4198052042736962e-004
7.7880000000000000e+003 	3.6638876551380679e-004 	5.8329642579987148e-005 	4.2471840809379387e-004
7.9928000000000002e+003 	3.5228856265093504e-004 	5.6244588624608012e-005 	4.0853315127554302e-004
8.1976000000000004e+003 	3.3906228986277240e-004 	5.4266252120725730e-005 	3.9332854198349798e-004
8.4023999999999996e+003 	3.2663272966929784e-004 	5.2386921645668532e-005 	3.7901965131496645e-004
8.6072000000000007e+003 	3.1493160608713410e-004 	5.0599609941573670e-005 	3.6553121602870761e-004
8.8120000000000000e+003 	3.0389832283684584e-004 	4.8931606866382447e-005 	3.5282992970322817e-004
9.2216000000000004e+003 	2.8382436953355324e-004 	4.5825863858827308e-005 	3.2965023339238047e-004
9.6311999999999989e+003 	2.6533086712006502e-004 	4.2924328361317918e-005 	3.0825519548138288e-004
1.0040800000000001e+004 	2.4890638081920507e-004 	4.0263204297278588e-005 	2.8916958511648373e-004
1.0450400000000000e+004 	2.3405077201546953e-004 	3.7822532165932318e-005 	2.7187330418140191e-004
1.0860000000000000e+004 	2.2055985006141354e-004 	3.5577711367049144e-005 	2.5613756142846267e-004
1.1269600000000000e+004 	2.0826254338978989e-004 	3.3506696621650197e-005 	2.4176924001144005e-004
1.1679199999999999e+004 	1.9701499963244547e-004 	3.1590908452803124e-005 	2.2860590808524865e-004
1.2088800000000001e+004 	1.8669550243793554e-004 	2.9814556951627283e-005 	2.1651005938956287e-004
1.2498400000000000e+004 	1.7720036025795506e-004 	2.8164018317882421e-005 	2.0536437857583746e-004
1.2908000000000000e+004 	1.6844064754901602e-004 	2.6627429908839730e-005 	1.9506807745785584e-004
1.3317600000000000e+004 	1.6033962852920341e-004 	2.5194407883899338e-005 	1.8553403641310281e-004
1.3727200000000001e+004 	1.5283071062928828e-004 	2.3855824734151833e-005 	1.7668653536344011e-004
1.4136799999999999e+004 	1.4585580584598168e-004 	2.2603624741908183e-005 	1.6845943058788984e-004
1.4546400000000000e+004 	1.3936400706346269e-004 	2.1430668376440301e-005 	1.6079467543990295e-004
1.4956000000000000e+004 	1.3331050937696206e-004 	2.0330601454878825e-005 	1.5364111083184084e-004
1.5365600000000000e+004 	1.2765572374752072e-004 	1.9297745610374228e-005 	1.4695346935789496e-004
1.5775200000000001e+004 	1.2236454309348113e-004 	1.8327006036421453e-005 	1.4069154912990255e-004
1.6184799999999999e+004 	1.1740573033030343e-004 	1.7413794312284076e-005 	1.3481952464258754e-004
1.6594400000000001e+004 	1.1275140482803139e-004 	1.6553963156628836e-005 	1.2930536798466021e-004
1.7004000000000000e+004 	1.0837660894224551e-004 	1.5743751334339018e-005 	1.2412036027658455e-004
1.7413599999999999e+004 	1.0425894018101899e-004 	1.4979737014996491e-005 	1.1923867719601546e-004
1.7823200000000001e+004 	1.0037823754091068e-004 	1.4258797704137215e-005 	1.1463703524504789e-004
1.8232799999999999e+004 	9.6716312828330474e-005 	1.3578076221732913e-005 	1.1029438905006338e-004
1.8642399999999998e+004 	9.3256719554083638e-005 	1.2934951773324211e-005 	1.0619167132740781e-004
1.9052000000000000e+004 	8.9984553375290901e-005 	1.2327014469023760e-005 	1.0231156784431461e-004
1.9461600000000002e+004 	8.6886279154684145e-005 	1.1752043379028131e-005 	9.8638322533712303e-005
1.9871200000000001e+004 	8.3949580578542360e-005 	1.1207987830064083e-005 	9.5157568408606421e-005
2.0280799999999999e+004 	8.1163228973618300e-005 	1.0692950706446377e-005 	9.1856179680064646e-005
2.0690400000000001e+004 	7.8516968527564361e-005 	1.0205173958876399e-005 	8.8722142486440786e-005
2.1100000000000000e+004 	7.6001415575664003e-005 	9.7430258171295263e-006 	8.5744441392793542e-005
2.1509599999999999e+004 	7.3607969991145120e-005 	9.3049894764520600e-006 	8.2912959467597178e-005
2.1919200000000001e+004 	7.1328737023923925e-005 	8.8896532159758074e-006 	8.0218390239899745e-005
2.2328800000000003e+004 	6.9156458186631227e-005 	8.4957013491413990e-006 	7.7652159535772635e-005
2.2738399999999998e+004 	6.7084449997487471e-005 	8.1219061700911232e-006 	7.5206356167578609e-005
2.3148000000000000e+004 	6.5106549564855791e-005 	7.7671209244353011e-006 	7.2873670489291101e-005
2.3557600000000002e+004 	6.3217066145549624e-005 	7.4302734337971515e-006 	7.0647339579346782e-005
2.3967199999999997e+004 	6.1410737931735272e-005 	7.1103603065780580e-006 	6.8521098238313334e-005
2.4376799999999999e+004 	5.9682693425651523e-005 	6.8064416815324471e-006 	6.6489135107183965e-005
2.4786400000000001e+004 	5.8028416848924099e-005 	6.5176364779274089e-006 	6.4546053326851495e-005
2.5196000000000000e+004 	5.6443717107924103e-005 	6.2431180908550846e-006 	6.2686835198779212e-005
2.5605599999999999e+004 	5.4924699900088459e-005 	5.9755430072694086e-006 	6.0900242907357873e-005
-1600 0
-1.6000000000000000e+003 0.0000000000000000e+000 0.0000000000000000e+000
1
1 1 1 1
1
         t, ms                         dVp, mV                         dVs, mV                         dV, mV
2.5000000000000000e-001 	1.1004494949582976e-001 	1.7527037170692528e-002 	1.2757198666652236e-001
2.9999999999999999e-001 	1.1020298178009244e-001 	1.7519199556232459e-002 	1.2772218133632496e-001
3.4999999999999998e-001 	1.1028287382587065e-001 	1.7511389799239847e-002 	1.2779426362511057e-001
4.0000000000000002e-001 	1.1034313081141260e-001 	1.7503571809815502e-002 	1.2784670262122808e-001
4.5000000000000001e-001 	1.1039678770066771e-001 	1.7495673399397383e-002 	1.2789246110006511e-001
5.0000000000000000e-001 	1.1044650325142871e-001 	1.7487704324183721e-002 	1.2793420757561244e-001
5.5000000000000004e-001 	1.1049281651776521e-001 	1.7479710861634114e-002 	1.2797252737939929e-001
5.9999999999999998e-001 	1.1053593245829568e-001 	1.7471752260927828e-002 	1.2800768471922350e-001
6.5000000000000002e-001 	1.1057605015345727e-001 	1.7463889642964692e-002 	1.2803993979642192e-001
6.9999999999999996e-001 	1.1061339306777082e-001 	1.7456180780776924e-002 	1.2806957384854778e-001
7.5000000000000000e-001 	1.1064819307215291e-001 	1.7448677491855087e-002 	1.2809687056400801e-001
8.0000000000000004e-001 	1.1068067575849636e-001 	1.7441424295142408e-002 	1.2812210005363875e-001
8.4999999999999998e-001 	1.1071105228929556e-001 	1.7434457823174314e-002 	1.2814551011246986e-001
9.0000000000000002e-001 	1.1073951595781938e-001 	1.7427806758224570e-002 	1.2816732271604403e-001
9.4999999999999996e-001 	1.1076624145421950e-001 	1.7421492131664950e-002 	1.2818773358588442e-001
1.0000000000000000e+000 	1.1079138554456394e-001 	1.7415527880655077e-002 	1.2820691342521898e-001
1.0500000000000000e+000 	1.1081508839246217e-001 	1.7409921555756266e-002 	1.2822500994821842e-001
1.1000000000000001e+000 	1.1083747512983447e-001 	1.7404675105165718e-002 	1.2824215023500024e-001
1.1499999999999999e+000 	1.1085865746125563e-001 	1.7399785677298531e-002 	1.2825844313855417e-001
1.2000000000000000e+000 	1.1087873517767668e-001 	1.7395372650676175e-002 	1.2827410782835286e-001
1.3000000000000000e+000 	1.1129886981118904e-001 	1.7387558048568615e-002 	1.2868642785975762e-001
1.3999999999999999e+000 	1.1094984351384211e-001 	1.7380714747978757e-002 	1.2833055826182083e-001
1.5000000000000000e+000 	1.1098067325207654e-001 	1.7374939879555202e-002 	1.2835561313163180e-001
1.6000000000000001e+000 	1.1100891263639429e-001 	1.7370122358291756e-002 	1.2837903499468614e-001
1.7000000000000000e+000 	1.1103489921510201e-001 	1.7366131965323411e-002 	1.2840103118042545e-001
1.8000000000000000e+000 	1.1105891470851179e-001 	1.7362836156739374e-002 	1.2842175086525112e-001
1.8999999999999999e+000 	1.1108119493597540e-001 	1.7360108035554257e-002 	1.2844130297152964e-001
2.0000000000000000e+000 	1.1110193845045296e-001 	1.7357830388834934e-002 	1.2845976883928789e-001
2.1000000000000001e+000 	1.1112131356377894e-001 	1.7355897666072907e-002 	1.2847721122985187e-001
2.2000000000000002e+000 	1.1113946393615144e-001 	1.7354216745946793e-002 	1.2849368068209824e-001
2.2999999999999998e+000 	1.1115651300222412e-001 	1.7352706946828368e-002 	1.2850921994905251e-001
2.3999999999999999e+000 	1.1117256748161192e-001 	1.7351299540945643e-002 	1.2852386702255750e-001
2.5000000000000000e+000 	1.1118772017987934e-001 	1.7349936965854979e-002 	1.2853765714573431e-001
2.6000000000000001e+000 	1.1120205224663431e-001 	1.7348571862713137e-002 	1.2855062410934742e-001
2.7000000000000002e+000 	1.1121563499344218e-001 	1.7347166032075274e-002 	1.2856280102551743e-001
2.7999999999999998e+000 	1.1122853138003305e-001 	1.7345689371625693e-002 	1.2857422075165881e-001
2.8999999999999999e+000 	1.1124079723087724e-001 	1.7344118834918994e-002 	1.2858491606579620e-001
3.0000000000000000e+000 	1.1125248223581873e-001 	1.7342437450935295e-002 	1.2859491968675404e-001
3.1000000000000001e+000 	1.1126363077893617e-001 	1.7340633415143900e-002 	1.2860426419408003e-001
3.2000000000000002e+000 	1.1127428263127344e-001 	1.7338699254054318e-002 	1.2861298188532777e-001
3.2999999999999998e+000 	1.1128447353337829e-001 	1.7336631089290053e-002 	1.2862110462266835e-001
3.3999999999999999e+000 	1.1129423568708112e-001 	1.7334379375486136e-002 	1.2862861506256729e-001
3.6000000000000001e+000 	1.1142499472016210e-001 	1.7329470521685531e-002 	1.2875446524184764e-001
3.7999999999999998e+000 	1.1132960392538239e-001 	1.7324168273485256e-002 	1.2865377219886770e-001
4.0000000000000000e+000 	1.1134534894919136e-001 	1.7318443292764423e-002 	1.2866379224195576e-001
4.2000000000000002e+000 	1.1135999484964396e-001 	1.7312337127475045e-002 	1.2867233197711903e-001
4.4000000000000004e+000 	1.1137366355979859e-001 	1.7305902861285194e-002 	1.2867956642108380e-001
4.5999999999999996e+000 	1.1138646153588248e-001 	1.7299199166852276e-002 	1.2868566070273477e-001
4.7999999999999998e+000 	1.1139848296566424e-001 	1.7292285348138238e-002 	1.2869076831380247e-001
5.0000000000000000e+000 	1.1140981245706891e-001 	1.7285218293125050e-002 	1.2869503075019398e-001
5.2000000000000002e+000 	1.1142052704615937e-001 	1.7278050998764543e-002 	1.2869857804492393e-001
5.4000000000000004e+000 	1.1143069756843348e-001 	1.7270832024407014e-002 	1.2870152959284048e-001
5.5999999999999996e+000 	1.1144038950162415e-001 	1.7263605408055441e-002 	1.2870399490967957e-001
5.7999999999999998e+000 	1.1144966341384813e-001 	1.7256410791621886e-002 	1.2870607420546998e-001
6.0000000000000000e+000 	1.1145857513557234e-001 	1.7249283628438156e-002 	1.2870785876401050e-001
6.2000000000000002e+000 	1.1146717576345441e-001 	1.7242255405934000e-002 	1.2870943116938841e-001
6.4000000000000004e+000 	1.1147551158574313e-001 	1.7235353859224159e-002 	1.2871086544496732e-001
6.5999999999999996e+000 	1.1148362398565417e-001 	1.7228603166159102e-002 	1.2871222715181324e-001
6.7999999999999998e+000 	1.1149154937268965e-001 	1.7222024106290684e-002 	1.2871357347898035e-001
7.0000000000000000e+000 	1.1149931916533326e-001 	1.7215634203543238e-002 	1.2871495336887651e-001
7.2000000000000002e+000 	1.1150695983837554e-001 	1.7209447856843710e-002 	1.2871640769521922e-001
7.4000000000000004e+000 	1.1151449303896532e-001 	1.7203476458043661e-002 	1.2871796949700895e-001
7.5999999999999996e+000 	1.1152193576393908e-001 	1.7197818247256764e-002 	1.2871975401119581e-001
8.0000000000000000e+000 	1.1159712403261603e-001 	1.7187216452728069e-002 	1.2878434048534410e-001
8.4000000000000004e+000 	1.1155099143000306e-001 	1.7177355742335691e-002 	1.2872834717233878e-001
8.8000000000000007e+000 	1.1156509793918450e-001 	1.7168351825655629e-002 	1.2873344976484016e-001
9.1999999999999993e+000 	1.1157887743265672e-001 	1.7160163180544724e-002 	1.2873904061320146e-001
9.5999999999999996e+000 	1.1159225299750283e-001 	1.7152709002368066e-002 	1.2874496199987087e-001
1.0000000000000000e+001 	1.1160512278668820e-001 	1.7145880905083500e-002 	1.2875100369177167e-001
1.0400000000000000e+001 	1.1161736763997933e-001 	1.7139549751279584e-002 	1.2875691739125888e-001
1.0800000000000001e+001 	1.1162885782152450e-001 	1.7133570475676731e-002 	1.2876242829720125e-001
1.1199999999999999e+001 	1.1163945861151603e-001 	1.7127786251813378e-002 	1.2876724486332938e-001
1.1600000000000000e+001 	1.1164903472491623e-001 	1.7122032357272186e-002 	1.2877106708218847e-001
1.2000000000000000e+001 	1.1165745364810645e-001 	1.7116139728949174e-002 	1.2877359337705566e-001
1.2400000000000000e+001 	1.1166458803289490e-001 	1.7109938149855636e-002 	1.2877452618275048e-001
1.2800000000000001e+001 	1.1167031730380861e-001 	1.7103259011190489e-002 	1.2877357631499911e-001
1.3199999999999999e+001 	1.1167452863251742e-001 	1.7095937649117394e-002 	1.2877046628163485e-001
1.3600000000000000e+001 	1.1167711742058227e-001 	1.7087815281990420e-002 	1.2876493270257267e-001
1.4000000000000000e+001 	1.1167798741101069e-001 	1.7078740578761190e-002 	1.2875672798977189e-001
1.4400000000000000e+001 	1.1167705053361665e-001 	1.7068570897287604e-002 	1.2874562143090421e-001
1.4800000000000001e+001 	1.1167422656511992e-001 	1.7057173222035281e-002 	1.2873139978715523e-001
1.5199999999999999e+001 	1.1166944267332428e-001 	1.7044424830369314e-002 	1.2871386750369357e-001
1.5600000000000000e+001 	1.1166263289400605e-001 	1.7030213741931356e-002 	1.2869284663593741e-001
1.6000000000000000e+001 	1.1165373758034376e-001 	1.7013765580836469e-002 	1.2866750316118025e-001
1.6800000000000001e+001 	1.1167084228695411e-001 	1.6975514801663139e-002 	1.2864635708861727e-001
1.7600000000000001e+001 	1.1159618264225594e-001 	1.6931288149830460e-002 	1.2852747079208643e-001
1.8399999999999999e+001 	1.1155373450242287e-001 	1.6879684794596839e-002 	1.2843341929701968e-001
1.9199999999999999e+001 	1.1150183298029494e-001 	1.6820365326510732e-002 	1.2832219830680566e-001
2.0000000000000000e+001 	1.1144027734280011e-001 	1.6753163949137131e-002 	1.2819344129193724e-001
2.0800000000000001e+001 	1.1136890647979382e-001 	1.6678059536206782e-002 	1.2804696601600057e-001
2.1600000000000001e+001 	1.1128759468392650e-001 	1.6595150732999900e-002 	1.2788274541692640e-001
2.2399999999999999e+001 	1.1119624811310114e-001 	1.6504631474551862e-002 	1.2770087958765303e-001
2.3199999999999999e+001 	1.1109480211381516e-001 	1.6406771981791055e-002 	1.2750157409560622e-001
2.4000000000000000e+001 	1.1098321926337909e-001 	1.6301904255504613e-002 	1.2728512351888369e-001
2.4800000000000001e+001 	1.1086148791842049e-001 	1.6190409745318483e-002 	1.2705189766373892e-001
2.5600000000000001e+001 	1.1072962107258541e-001 	1.6072708024004814e-002 	1.2680232909659017e-001
2.6399999999999999e+001 	1.1058765536721162e-001 	1.5949246298600891e-002 	1.2653690166581252e-001
2.7199999999999999e+001 	1.1043565014663619e-001 	1.5820489940611557e-002 	1.2625614008724773e-001
2.8000000000000000e+001 	1.1027368648525483e-001 	1.5686914175205471e-002 	1.2596060066046033e-001
2.8800000000000001e+001 	1.1010186614765406e-001 	1.5548996959805245e-002 	1.2565086310745932e-001
2.9600000000000001e+001 	1.0992031046350251e-001 	1.5407212997835323e-002 	1.2532752346133780e-001
3.0399999999999999e+001 	1.0972915911617090e-001 	1.5262028785843000e-002 	1.2499118790201387e-001
3.1199999999999999e+001 	1.0952856885468260e-001 	1.5113898586089237e-002 	1.2464246744077183e-001
3.2000000000000000e+001 	1.0931871214444956e-001 	1.4963261224624843e-002 	1.2428197336907443e-001
3.2800000000000004e+001 	1.0909977577483417e-001 	1.4810537612885264e-002 	1.2391031338771943e-001
3.3600000000000001e+001 	1.0887195944375891e-001 	1.4656128889879296e-002 	1.2352808833363819e-001
3.4399999999999999e+001 	1.0863547433759613e-001 	1.4500188328799022e-002 	1.2313566266639514e-001
3.6000000000000000e+001 	1.0815367010844303e-001 	1.4186349447802584e-002 	1.2234001955624560e-001
3.7600000000000001e+001 	1.0760815687770668e-001 	1.3872188779268014e-002 	1.2148034565697471e-001
3.9199999999999996e+001 	1.0704871166064014e-001 	1.3559055138808505e-002 	1.2060776679944864e-001
4.0800000000000004e+001 	1.0646135590737779e-001 	1.3248678062353438e-002 	1.1971003396973125e-001
4.2399999999999999e+001 	1.0584811485907900e-001 	1.2942594101155804e-002 	1.1879070896023480e-001
4.4000000000000000e+001 	1.0521101894285555e-001 	1.2642096854035959e-002 	1.1785311579689153e-001
4.5600000000000001e+001 	1.0455207745349843e-001 	1.2348232809819313e-002 	1.1690031026331779e-001
4.7199999999999996e+001 	1.0387325804193523e-001 	1.2061820251996947e-002 	1.1593507829393217e-001
4.8800000000000004e+001 	1.0317647067752554e-001 	1.1783475990367434e-002 	1.1495994666789296e-001
5.0399999999999999e+001 	1.0246355538514390e-001 	1.1513642294530300e-002 	1.1397719767967426e-001
5.2000000000000000e+001 	1.0173627323421462e-001 	1.1252611913486988e-002 	1.1298888514770164e-001
5.3600000000000001e+001 	1.0099630011428402e-001 	1.1000550954593945e-002 	1.1199685106887800e-001
5.5199999999999996e+001 	1.0024522286372901e-001 	1.0757519615011993e-002 	1.1100274247874098e-001
5.6800000000000004e+001 	9.9484537350225319e-002 	1.0523490719357719e-002 	1.1000802806958300e-001
5.8399999999999999e+001 	9.8715648142395668e-002 	1.0298366050414226e-002 	1.0901401419280989e-001
6.0000000000000000e+001 	9.7939869450409570e-002 	1.0081990546003713e-002 	1.0802185999641332e-001
6.1600000000000001e+001 	9.7158427057919730e-002 	9.8741645132055193e-003 	1.0703259157112524e-001
6.3200000000000003e+001 	9.6372461005889698e-002 	9.6746540394203988e-003 	1.0604711504531007e-001
6.4799999999999997e+001 	9.5583028828533922e-002 	9.4831997932516669e-003 	1.0506622862178558e-001
6.6400000000000006e+001 	9.4791109173608279e-002 	9.2995244068091870e-003 	1.0409063358041744e-001
6.8000000000000000e+001 	9.3997605671707979e-002 	9.1233386171249691e-003 	1.0312094428883295e-001
6.9599999999999994e+001 	9.3203350943216884e-002 	8.9568991003118759e-003 	1.0216025004352873e-001
7.2799999999999997e+001 	9.1623360217898270e-002 	8.6445394720126717e-003 	1.0026789968991094e-001
7.6000000000000000e+001 	9.0034948304779802e-002 	8.3519946561264810e-003 	9.8386942960906207e-002
7.9200000000000003e+001 	8.8463134344352101e-002 	8.0816481639218399e-003 	9.6544782508273932e-002
8.2400000000000006e+001 	8.6904711968334311e-002 	7.8319155828681774e-003 	9.4736627551202476e-002
8.5599999999999994e+001 	8.5362793686548769e-002 	7.6009974219320370e-003 	9.2963791108480812e-002
8.8799999999999997e+001 	8.3839940444536604e-002 	7.3871272480347753e-003 	9.1227067692571384e-002
9.2000000000000000e+001 	8.2338227617268805e-002 	7.1886547214855667e-003 	8.9526882338754360e-002
9.5200000000000003e+001 	8.0859311828041958e-002 	7.0040697411649653e-003 	8.7863381569206922e-002
9.8400000000000006e+001 	7.9404492119749925e-002 	6.8320052044381135e-003 	8.6236497324188033e-002
1.0159999999999999e+002 	7.7974763832715829e-002 	6.6712313447462503e-003 	8.4645995177462088e-002
1.0480000000000001e+002 	7.6570865247491390e-002 	6.5206464505800869e-003 	8.3091511698071441e-002
1.0800000000000000e+002 	7.5193317621239084e-002 	6.3792661112645468e-003 	8.1572583732503631e-002
1.1119999999999999e+002 	7.3842459396185930e-002 	6.2462121308599237e-003 	8.0088671527045838e-002
1.1440000000000001e+002 	7.2518475353712850e-002 	6.1207017456315523e-003 	7.8639177099344384e-002
1.1759999999999999e+002 	7.1221421425258113e-002 	6.0020374840541110e-003 	7.7223458909312190e-002
1.2080000000000001e+002 	6.9951245791587929e-002 	5.8895978308328651e-003 	7.5840843622420800e-002
1.2400000000000000e+002 	6.8707806820516276e-002 	5.7828287407993301e-003 	7.4490635561315618e-002
1.2720000000000000e+002 	6.7490888316918157e-002 	5.6812359962920703e-003 	7.3172124313210213e-002
1.3039999999999998e+002 	6.6300212490149987e-002 	5.5843783735488994e-003 	7.1884590863698875e-002
1.3359999999999999e+002 	6.5135450983572124e-002 	5.4918615603293582e-003 	7.0627312543901477e-002
1.3680000000000001e+002 	6.3996234258417772e-002 	5.4033327592631145e-003 	6.9399567017680894e-002
1.4000000000000000e+002 	6.2882159579721139e-002 	5.3196936666348804e-003 	6.8201853246356026e-002
1.4640000000000001e+002 	6.0738840090629707e-002 	5.1622440703525743e-003 	6.5901084160982268e-002
1.5279999999999998e+002 	5.8666931110898636e-002 	5.0138072419085482e-003 	6.3680738352807215e-002
1.5920000000000002e+002 	5.6698026451145668e-002 	4.8751579058781778e-003 	6.1573184357023830e-002
1.6559999999999999e+002 	5.4816528907226332e-002 	4.7452855238353745e-003 	5.9561814431061705e-002
1.7200000000000000e+002 	5.3018556979765569e-002 	4.6232120508748449e-003 	5.7641769030640423e-002
1.7840000000000001e+002 	5.1300257831398917e-002 	4.5080685239022910e-003 	5.5808326355301238e-002
1.8479999999999998e+002 	4.9657853277475184e-002 	4.3991042447049187e-003 	5.4056957522180107e-002
1.9120000000000002e+002 	4.8087670502217503e-002 	4.2956788729852716e-003 	5.2383349375202774e-002
1.9759999999999999e+002 	4.6586162286937488e-002 	4.1972483627784390e-003 	5.0783410649715914e-002
2.0400000000000000e+002 	4.5149919699899337e-002 	4.1033493043914340e-003 	4.9253269004290792e-002
2.1040000000000001e+002 	4.3775679283544082e-002 	4.0135845640511900e-003 	4.7789263847595277e-002
2.1679999999999998e+002 	4.2460326217877944e-002 	3.9276113023380098e-003 	4.6387937520215965e-002
2.2320000000000002e+002 	4.1200894555929658e-002 	3.8451313440880782e-003 	4.5046025900017765e-002
2.2959999999999999e+002 	3.9994565349941016e-002 	3.7658835060292726e-003 	4.3760448855970302e-002
2.3600000000000000e+002 	3.8838663281198366e-002 	3.6896374777292654e-003 	4.2528300758927606e-002
2.4240000000000001e+002 	3.7730652253377760e-002 	3.6161889118313229e-003 	4.1346841165209078e-002
2.4879999999999998e+002 	3.6668130294297496e-002 	3.5453554538746575e-003 	4.0213485748172163e-002
2.5519999999999999e+002 	3.5648824024352647e-002 	3.4769735111486550e-003 	3.9125797535501293e-002
2.6160000000000002e+002 	3.4670582884868635e-002 	3.4108955999002468e-003 	3.8081478484768887e-002
2.6800000000000000e+002 	3.3731373269750134e-002 	3.3469881536920573e-003 	3.7078361423442202e-002
2.7439999999999998e+002 	3.2829272666523274e-002 	3.2858622098149775e-003 	3.6115134876338252e-002
2.8719999999999999e+002 	3.1141283154599960e-002 	3.1693718130900868e-003 	3.4310654967690049e-002
3.0000000000000000e+002 	2.9552468220635321e-002 	3.0583170354989333e-003 	3.2610785256134249e-002
3.1280000000000001e+002 	2.8094097399509448e-002 	2.9533504013523728e-003 	3.1047447800861827e-002
3.2560000000000002e+002 	2.6741409886964041e-002 	2.8540919125899468e-003 	2.9595501799553982e-002
3.3839999999999998e+002 	2.5484843043454167e-002 	2.7601181317244562e-003 	2.8244961175178624e-002
3.5119999999999999e+002 	2.4315792876684249e-002 	2.6710093429365592e-003 	2.6986802219620808e-002
3.6400000000000000e+002 	2.3226535348467688e-002 	2.5863779933228974e-003 	2.5812913341790575e-002
3.7680000000000001e+002 	2.2210136954684444e-002 	2.5058776324448453e-003 	2.4716014587129291e-002
3.8960000000000002e+002 	2.1260368795629273e-002 	2.4292006739211566e-003 	2.3689569469550427e-002
4.0239999999999998e+002 	2.0371628325483167e-002 	2.3560731591146149e-003 	2.2727701484597771e-002
4.1519999999999999e+002 	1.9538869519873606e-002 	2.2862497611940646e-003 	2.1825119281067677e-002
4.2800000000000000e+002 	1.8757541053080404e-002 	2.2195096500882226e-003 	2.0977050703168607e-002
4.4080000000000001e+002 	1.8023531736978755e-002 	2.1556531342582824e-003 	2.0179184871237037e-002
4.5360000000000002e+002 	1.7333122417810216e-002 	2.0944989156001037e-003 	1.9427621333410323e-002
4.6639999999999998e+002 	1.6682943567494203e-002 	2.0358818174032347e-003 	1.8718825384897442e-002
4.7919999999999999e+002 	1.6069937877171762e-002 	1.9796508725123448e-003 	1.8049588749684105e-002
4.9200000000000000e+002 	1.5491327236992956e-002 	1.9256676979713442e-003 	1.7416994934964302e-002
5.0480000000000001e+002 	1.4944583559427280e-002 	1.8738051079228550e-003 	1.6818388667350137e-002
5.1759999999999991e+002 	1.4427402970328110e-002 	1.8239459201627891e-003 	1.6251348890490902e-002
5.3039999999999998e+002 	1.3937682951823425e-002 	1.7759819210517039e-003 	1.5713664872875129e-002
5.4320000000000005e+002 	1.3473502073991764e-002 	1.7304706741834827e-003 	1.5203972748175242e-002
5.6879999999999995e+002 	1.2621810741024144e-002 	1.6445116919301345e-003 	1.4266322432954276e-002
5.9440000000000009e+002 	1.1835091454755768e-002 	1.5633032350866700e-003 	1.3398394689842436e-002
6.2000000000000000e+002 	1.1130138640863402e-002 	1.4874557040804872e-003 	1.2617594344943892e-002
6.4559999999999991e+002 	1.0489234516867630e-002 	1.4166428546315028e-003 	1.1905877371499136e-002
6.7120000000000005e+002 	9.9047554714598619e-003 	1.3504773377350848e-003 	1.1255232809194942e-002
6.9679999999999995e+002 	9.3701427667005847e-003 	1.2885732896062083e-003 	1.0658716056306791e-002
7.2240000000000009e+002 	8.8797537008462549e-003 	1.2305747254329545e-003 	1.0110328426279205e-002
7.4800000000000000e+002 	8.4287213612394239e-003 	1.1761617467848456e-003 	9.6048831080242734e-003
7.7359999999999991e+002 	8.0128334099898967e-003 	1.1250484432040941e-003 	9.1378818531939899e-003
7.9920000000000005e+002 	7.6284304188488647e-003 	1.0769788346230201e-003 	8.7054092534718866e-003
8.2479999999999995e+002 	7.2723214139413274e-003 	1.0317228731806457e-003 	8.3040442871219703e-003
8.5040000000000009e+002 	6.9417138096002761e-003 	9.8907300181933205e-004 	7.9307868114196056e-003
8.7600000000000000e+002 	6.6341551568976243e-003 	9.4884127996056479e-004 	7.5829964368581909e-003
9.0159999999999991e+002 	6.3474845452381615e-003 	9.1085698475835476e-004 	7.2583415299965152e-003
9.2720000000000005e+002 	6.0797918955136547e-003 	8.7496459634795300e-004 	6.9547564918616099e-003
9.5279999999999995e+002 	5.8293837236241689e-003 	8.4102208244241517e-004 	6.6704058060665841e-003
9.7840000000000009e+002 	5.5947542295679683e-003 	8.0889942357713839e-004 	6.4036536531451044e-003
1.0040000000000000e+003 	5.3745607881429949e-003 	7.7847733783784317e-004 	6.1530381259808364e-003
1.0296000000000001e+003 	5.1676030928679917e-003 	7.4964617152717709e-004 	5.9172492643951675e-003
1.0551999999999998e+003 	4.9728053445236642e-003 	7.2230493365534824e-004 	5.6951102781790126e-003
1.0808000000000000e+003 	4.7892009871839877e-003 	6.9636044657116582e-004 	5.4855614337551541e-003
1.1064000000000001e+003 	4.6159195840207307e-003 	6.7172659555575043e-004 	5.2876461795764839e-003
1.1320000000000000e+003 	4.4521754970362664e-003 	6.4876903339281260e-004 	5.1009445304290787e-003
1.1832000000000000e+003 	4.1527345571058015e-003 	6.0626111153304330e-004 	4.7589956686388459e-003
1.2343999999999999e+003 	3.8777375377276545e-003 	5.6689356817221355e-004 	4.4446311058998662e-003
1.2856000000000001e+003 	3.6322799007654709e-003 	5.3103839414404808e-004 	4.1633182949095213e-003
1.3368000000000000e+003 	3.4099786570593858e-003 	4.9841970987397183e-004 	3.9083983669333574e-003
1.3880000000000000e+003 	3.2079406290931888e-003 	4.6872507869264059e-004 	3.6766657077858295e-003
1.4392000000000000e+003 	3.0237095378180755e-003 	4.4165232712752706e-004 	3.4653618649456018e-003
1.4903999999999999e+003 	2.8551971645263317e-003 	4.1692724223272128e-004 	3.2721244067590522e-003
1.5416000000000001e+003 	2.7006210986054630e-003 	3.9430656055699067e-004 	3.0949276591624533e-003
1.5928000000000000e+003 	2.5584524878687095e-003 	3.7357561682844299e-004 	2.9320281046971513e-003
1.6440000000000000e+003 	2.4273732961031611e-003 	3.5454477371760581e-004 	2.7819180698207685e-003
1.6952000000000000e+003 	2.3062415838040157e-003 	3.3704604144670487e-004 	2.6432876252507191e-003
1.7463999999999999e+003 	2.1940632866714136e-003 	3.2093019884712061e-004 	2.5149934855185343e-003
1.7976000000000001e+003 	2.0899691858899199e-003 	3.0606438848895063e-004 	2.3960335743788701e-003
1.8488000000000000e+003 	1.9931960180431404e-003 	2.9233009157917999e-004 	2.2855261096223199e-003
1.9000000000000000e+003 	1.9030708949682787e-003 	2.7962140043787641e-004 	2.1826922954061544e-003
1.9512000000000000e+003 	1.8189983828749935e-003 	2.6784353234878797e-004 	2.0868419152237812e-003
2.0024000000000001e+003 	1.7404497297752492e-003 	2.5691154329720380e-004 	1.9973612730724523e-003
2.0535999999999999e+003 	1.6669538382465439e-003 	2.4674920868731655e-004 	1.9137030469338605e-003
2.1048000000000002e+003 	1.5980896639907775e-003 	2.3728804376148038e-004 	1.8353777077522576e-003
2.1560000000000000e+003 	1.5334797853458165e-003 	2.2846644412765089e-004 	1.7619462294734670e-003
2.2071999999999998e+003 	1.4727849393323487e-003 	2.2022893221133294e-004 	1.6930138715436818e-003
2.2584000000000001e+003 	1.4156993593701544e-003 	2.1271419915380949e-004 	1.6284135585239636e-003
2.3607999999999997e+003 	1.3119866133449933e-003 	1.9908982792920100e-004 	1.5110764412741939e-003
2.4632000000000003e+003 	1.2176863710069790e-003 	1.8669112508901405e-004 	1.4043774960959938e-003
2.5655999999999999e+003 	1.1343310629781541e-003 	1.7563966135261626e-004 	1.3099707243307700e-003
2.6680000000000000e+003 	1.0595927911830135e-003 	1.6578303188207624e-004 	1.2253758230650897e-003
2.7704000000000001e+003 	9.9234988157419386e-004 	1.5695950898014110e-004 	1.1493093905543346e-003
2.8727999999999997e+003 	9.3165042715076670e-004 	1.4902227184964361e-004 	1.0806726990004105e-003
2.9752000000000003e+003 	8.7668562717945061e-004 	1.4184628304146716e-004 	1.0185319102209178e-003
3.0775999999999999e+003 	8.2676575320953785e-004 	1.3532711096168364e-004 	9.6209286417122156e-004
3.1800000000000000e+003 	7.8130001027370904e-004 	1.2937763355937355e-004 	9.1067764383308259e-004
3.2824000000000001e+003 	7.3978006651229859e-004 	1.2392484205654076e-004 	8.6370490856883949e-004
3.3847999999999997e+003 	7.0176665946565292e-004 	1.1890722783647815e-004 	8.2067388730213135e-004
3.4872000000000003e+003 	6.6687868348440848e-004 	1.1427271395054419e-004 	7.8115139743495268e-004
3.5895999999999999e+003 	6.3478425476991079e-004 	1.0997700875144375e-004 	7.4476126352135484e-004
3.6920000000000000e+003 	6.0519335223898935e-004 	1.0598227986842138e-004 	7.1117563210741066e-004
3.7944000000000001e+003 	5.7785171963910308e-004 	1.0225607701084237e-004 	6.8010779664994545e-004
3.8967999999999997e+003 	5.5253578347997962e-004 	9.8770451718186691e-005 	6.5130623519816632e-004
3.9992000000000003e+003 	5.2904839463849827e-004 	9.5501235030670293e-005 	6.2454962966916833e-004
4.1016000000000004e+003 	5.0721524227882113e-004 	9.2427441870601403e-005 	5.9964268414942239e-004
4.2040000000000000e+003 	4.8688181999492471e-004 	8.9530778825404740e-005 	5.7641259882032969e-004
4.3063999999999996e+003 	4.6791084819301890e-004 	8.6795237023251664e-005 	5.5470608521627064e-004
4.4088000000000002e+003 	4.5018007545763434e-004 	8.4206753066754951e-005 	5.3438682852438905e-004
4.5111999999999998e+003 	4.3358039630287412e-004 	8.1804773575016806e-005 	5.1538516987789077e-004
4.7160000000000000e+003 	4.0361795994699244e-004 	7.7355576527669484e-005 	4.8097353647466178e-004
4.9208000000000002e+003 	3.7647794592018323e-004 	7.3211137110320670e-005 	4.4968908303050383e-004
5.1256000000000004e+003 	3.5263430649355856e-004 	6.9419357318497674e-005 	4.2205366381205630e-004
5.3303999999999996e+003 	3.3131976892330524e-004 	6.5948246268114028e-005 	3.9726801519141935e-004
5.5351999999999998e+003 	3.1216833664423520e-004 	6.2759348283847211e-005 	3.7492768492808256e-004
5.7400000000000000e+003 	2.9487640684445728e-004 	5.9817898709224912e-005 	3.5469430555368214e-004
5.9448000000000002e+003 	2.7919191634191026e-004 	5.7094863958886589e-005 	3.3628678030079689e-004
6.1496000000000004e+003 	2.6490477573461017e-004 	5.4566113985150649e-005 	3.1947088971976073e-004
6.3543999999999996e+003 	2.5183898750095920e-004 	5.2211307077969449e-005 	3.0405029457892868e-004
6.5591999999999998e+003 	2.3984630586457363e-004 	5.0013055020132341e-005 	2.8985936088470597e-004
6.7640000000000000e+003 	2.2880117246466071e-004 	4.7956338454345740e-005 	2.7675751091900646e-004
6.9688000000000002e+003 	2.1859667003331604e-004 	4.6028080732541190e-005 	2.6462475076585728e-004
7.1736000000000004e+003 	2.0914127848534612e-004 	4.4216822033597081e-005 	2.5335810051894302e-004
7.3783999999999996e+003 	2.0035626220245355e-004 	4.2512461661647749e-005 	2.4286872386410134e-004
7.5831999999999998e+003 	1.9217355503215459e-004 	4.0906051100037488e-005 	2.3307960613219212e-004
7.7880000000000000e+003 	1.8453403943490467e-004 	3.9389626541967923e-005 	2.2392366597687256e-004
7.9928000000000002e+003 	1.7738613931561921e-004 	3.7956071130386670e-005 	2.1534221044600593e-004
8.1976000000000004e+003 	1.7068466377983328e-004 	3.6599001113335383e-005 	2.0728366489316863e-004
8.4023999999999996e+003 	1.6438985261870050e-004 	3.5312671285295095e-005 	1.9970252390399552e-004
8.6072000000000007e+003 	1.5846658475968537e-004 	3.4091895590383378e-005 	1.9255848035006870e-004
8.8120000000000000e+003 	1.5288371898050483e-004 	3.2956261734553750e-005 	1.8583998071505868e-004
9.2216000000000004e+003 	1.4273252307187695e-004 	3.0847274119381807e-005 	1.7357979719125879e-004
9.6311999999999989e+003 	1.3338538406929283e-004 	2.8880848766437601e-005 	1.6226623283573037e-004
1.0040800000000001e+004 	1.2509013573741280e-004 	2.7083732405633278e-005 	1.5217386814304613e-004
1.0450400000000000e+004 	1.1759159885690098e-004 	2.5440905903080043e-005 	1.4303250475998104e-004
1.0860000000000000e+004 	1.1078546373775542e-004 	2.3934386358053862e-005 	1.3471985009580931e-004
1.1269600000000000e+004 	1.0458444192644866e-004 	2.2548382147808184e-005 	1.2713282407425682e-004
1.1679199999999999e+004 	9.8915214085018848e-005 	2.1269644475008990e-005 	1.2018485856002785e-004
1.2088800000000001e+004 	9.3715806054894089e-005 	2.0086916442156775e-005 	1.1380272249705084e-004
1.2498400000000000e+004 	8.8933470197292448e-005 	1.8990499846686959e-005 	1.0792397004397939e-004
1.2908000000000000e+004 	8.4523008499692436e-005 	1.7971973452703985e-005 	1.0249498195239639e-004
1.3317600000000000e+004 	8.0445448712063267e-005 	1.7023988739391437e-005 	9.7469437451454737e-005
1.3727200000000001e+004 	7.6666994004774244e-005 	1.6140105887735982e-005 	9.2807099892510233e-005
1.4136799999999999e+004 	7.3158182952741125e-005 	1.5314657876981691e-005 	8.8472840829722854e-005
1.4546400000000000e+004 	6.9893211711808474e-005 	1.4542636628476191e-005 	8.4435848340284672e-005
1.4956000000000000e+004 	6.6849382204421727e-005 	1.3819597833147534e-005 	8.0668980037569281e-005
1.5365600000000000e+004 	6.4006649113599863e-005 	1.3141581606795263e-005 	7.7148230720395114e-005
1.5775200000000001e+004 	6.1347245107611840e-005 	1.2505045809833645e-005 	7.3852290917445499e-005
1.6184799999999999e+004 	5.8855368588151325e-005 	1.1906810405124862e-005 	7.0762178993276158e-005
1.6594400000000001e+004 	5.6516921851501329e-005 	1.1344010398417455e-005 	6.7860932249918772e-005
1.7004000000000000e+004 	5.4319290231598425e-005 	1.0814056102181650e-005 	6.5133346333780083e-005
1.7413599999999999e+004 	5.2251154808564607e-005 	1.0314599530614345e-005 	6.2565754339178939e-005
1.7823200000000001e+004 	5.0302332798022579e-005 	9.8435054743617000e-006 	6.0145838272384295e-005
1.8232799999999999e+004 	4.8463640911650859e-005 	9.3988269344379162e-006 	5.7862467846088763e-005
1.8642399999999998e+004 	4.6726777891054061e-005 	8.9787842642179323e-006 	5.5705562155271988e-005
1.9052000000000000e+004 	4.5084223129782084e-005 	8.5817467402100194e-006 	5.3665969869992093e-005
1.9461600000000002e+004 	4.3529148860974447e-005 	8.2062167070705206e-006 	5.1735365568044943e-005
1.9871200000000001e+004 	4.2055343835405300e-005 	7.8508160829384913e-006 	4.9906159918343771e-005
2.0280799999999999e+004 	4.0657146773348250e-005 	7.5142742744297530e-006 	4.8171421047778013e-005
2.0690400000000001e+004 	3.9329388162607216e-005 	7.1954177438930593e-006 	4.6524805906500270e-005
2.1100000000000000e+004 	3.8067339210054258e-005 	6.8931607741068495e-006 	4.4960499984161112e-005
2.1509599999999999e+004 	3.6866666945500823e-005 	6.6064973077696961e-006 	4.3473164253270519e-005
2.1919200000000001e+004 	3.5723394634149723e-005 	6.3344938875460072e-006 	4.2057888521695720e-005
2.2328800000000003e+004 	3.4633866783771981e-005 	6.0762831509453750e-006 	4.0710149934717346e-005
2.2738399999999998e+004 	3.3594718140312256e-005 	5.8310580349416846e-006 	3.9425776175253941e-005
2.3148000000000000e+004 	3.2602846155220622e-005 	5.5980667708797066e-006 	3.8200912926100330e-005
2.3557600000000002e+004 	3.1655386482920307e-005 	5.3766083478874764e-006 	3.7031994830807785e-005
2.3967199999999997e+004 	3.0749691129483104e-005 	5.1660284106433144e-006 	3.5915719540126420e-005
2.4376799999999999e+004 	2.9883308926738027e-005 	4.9657155308594208e-006 	3.4849024457597451e-005
2.4786400000000001e+004 	2.9053968050727234e-005 	4.7750978520208180e-006 	3.3829065902748052e-005
2.5196000000000000e+004 	2.8259560341464036e-005 	4.5936400736783204e-006 	3.2853200415142373e-005
2.5605599999999999e+004 	2.7498127213182086e-005 	4.4166328040498430e-006 	3.1914760017231929e-005
-1000 0
-1.0000000000000000e+003 0.0000000000000000e+000 0.0000000000000000e+000
1
1 1 1 1
1
         t, ms                         dVp, mV                         dVs, mV                         dV, mV
2.5000000000000000e-001 	2.9676737069452765e-002 	5.0150620286869823e-003 	3.4691799098139756e-002
2.9999999999999999e-001 	2.9725946723065829e-002 	5.0286889992553737e-003 	3.4754635722321202e-002
3.4999999999999998e-001 	2.9750822533308827e-002 	5.0415619245625246e-003 	3.4792384457871361e-002
4.0000000000000002e-001 	2.9769584408345148e-002 	5.0530244073554035e-003 	3.4822608815700554e-002
4.5000000000000001e-001 	2.9786291557748673e-002 	5.0632681874343182e-003 	3.4849559745182987e-002
5.0000000000000000e-001 	2.9801771809673094e-002 	5.0724691131905841e-003 	3.4874240922863682e-002
5.5000000000000004e-001 	2.9816192908333115e-002 	5.0807775189386038e-003 	3.4896970427271738e-002
5.9999999999999998e-001 	2.9829618590508124e-002 	5.0883188716198905e-003 	3.4917937462128033e-002
6.5000000000000002e-001 	2.9842110789219122e-002 	5.0951971984975562e-003 	3.4937307987716694e-002
6.9999999999999996e-001 	2.9853739047921851e-002 	5.1014988218786974e-003 	3.4955237869800537e-002
7.5000000000000000e-001 	2.9864575538489587e-002 	5.1072956681526057e-003 	3.4971871206642184e-002
8.0000000000000004e-001 	2.9874690491078486e-002 	5.1126480069125530e-003 	3.4987338497991030e-002
8.4999999999999998e-001 	2.9884149643200662e-002 	5.1176066604821675e-003 	3.5001756303682824e-002
9.0000000000000002e-001 	2.9893013175068674e-002 	5.1222147684518767e-003 	3.5015227943520542e-002
9.4999999999999996e-001 	2.9901335475064884e-002 	5.1265091932605703e-003 	3.5027844668325439e-002
1.0000000000000000e+000 	2.9909165354523481e-002 	5.1305216404426302e-003 	3.5039686994966075e-002
1.0500000000000000e+000 	2.9916546453623731e-002 	5.1342795538088064e-003 	3.5050826007432527e-002
1.1000000000000001e+000 	2.9923517734663407e-002 	5.1378068328134970e-003 	3.5061324567476911e-002
1.1499999999999999e+000 	2.9930113978901482e-002 	5.1411244101125997e-003 	3.5071238389014082e-002
1.2000000000000000e+000 	2.9936366258022869e-002 	5.1441886307699051e-003 	3.5080554888792775e-002
1.3000000000000000e+000 	3.0067209450391222e-002 	5.1498139611991529e-003 	3.5217023411590366e-002
1.3999999999999999e+000 	2.9958509789765744e-002 	5.1549835421007576e-003 	3.5113493331866502e-002
1.5000000000000000e+000 	2.9968110401055129e-002 	5.1596625741393573e-003 	3.5127772975194496e-002
1.6000000000000001e+000 	2.9976904388962382e-002 	5.1639087289466071e-003 	3.5140813117908988e-002
1.7000000000000000e+000 	2.9984996861436533e-002 	5.1677776896515539e-003 	3.5152774551088097e-002
1.8000000000000000e+000 	2.9992475542811169e-002 	5.1713183914811273e-003 	3.5163793934292281e-002
1.8999999999999999e+000 	2.9999413865539171e-002 	5.1745725318167041e-003 	3.5173986397355882e-002
2.0000000000000000e+000 	3.0005873656204669e-002 	5.1775753239842190e-003 	3.5183448980188881e-002
2.1000000000000001e+000 	3.0011907326613237e-002 	5.1803564876391501e-003 	3.5192263814252389e-002
2.2000000000000002e+000 	3.0017559611522061e-002 	5.1829411701742887e-003 	3.5200500781696335e-002
2.2999999999999998e+000 	3.0022868947985989e-002 	5.1853507286150433e-003 	3.5208219676601024e-002
2.3999999999999999e+000 	3.0027868567404081e-002 	5.1876033742649643e-003 	3.5215471941669033e-002
2.5000000000000000e+000 	3.0032587370394513e-002 	5.1897147004889505e-003 	3.5222302070883456e-002
2.6000000000000001e+000 	3.0037050624990333e-002 	5.1916981153669398e-003 	3.5228748740357280e-002
2.7000000000000002e+000 	3.0041280538786110e-002 	5.1935651975929496e-003 	3.5234845736379077e-002
2.7999999999999998e+000 	3.0045296716724786e-002 	5.1953259901678182e-003 	3.5240622706892599e-002
2.8999999999999999e+000 	3.0049116542856857e-002 	5.1969892437125648e-003 	3.5246105786569421e-002
3.0000000000000000e+000 	3.0052755489958446e-002 	5.1985626185886901e-003 	3.5251318108547119e-002
3.1000000000000001e+000 	3.0056227380482442e-002 	5.2000528530065536e-003 	3.5256280233488986e-002
3.2000000000000002e+000 	3.0059544598191507e-002 	5.2014659032447366e-003 	3.5261010501436235e-002
3.2999999999999998e+000 	3.0062718273164212e-002 	5.2028070607992262e-003 	3.5265525333963439e-002
3.3999999999999999e+000 	3.0065758433262309e-002 	5.2040581578153026e-003 	3.5269816591077606e-002
3.6000000000000001e+000 	3.0106481077542567e-002 	5.2063756050022003e-003 	3.5312856682544774e-002
3.7999999999999998e+000 	3.0076772975237333e-002 	5.2085187599950102e-003 	3.5285291735232358e-002
4.0000000000000000e+000 	3.0081676391004338e-002 	5.2104686270164624e-003 	3.5292145018020804e-002
4.2000000000000002e+000 	3.0086237521595522e-002 	5.2122407531498280e-003 	3.5298478274745367e-002
4.4000000000000004e+000 	3.0090494332926699e-002 	5.2138513394755044e-003 	3.5304345672402204e-002
4.5999999999999996e+000 	3.0094479972488600e-002 	5.2153154256814951e-003 	3.5309795398170085e-002
4.7999999999999998e+000 	3.0098223773927381e-002 	5.2166465250359784e-003 	3.5314870298963366e-002
5.0000000000000000e+000 	3.0101752095487766e-002 	5.2178566985991793e-003 	3.5319608794086951e-002
5.2000000000000002e+000 	3.0105088953169677e-002 	5.2189567317399363e-003 	3.5324045684909607e-002
5.4000000000000004e+000 	3.0108256453532829e-002 	5.2199563091302210e-003 	3.5328212762663055e-002
5.5999999999999996e+000 	3.0111275064285521e-002 	5.2208641625736147e-003 	3.5332139226859127e-002
5.7999999999999998e+000 	3.0114163760569565e-002 	5.2216881903982444e-003 	3.5335851950967806e-002
6.0000000000000000e+000 	3.0116940089799423e-002 	5.2224355534843938e-003 	3.5339375643283821e-002
6.2000000000000002e+000 	3.0119620178517527e-002 	5.2231127535444649e-003 	3.5342732932061999e-002
6.4000000000000004e+000 	3.0122218719271340e-002 	5.2237256983187798e-003 	3.5345944417590133e-002
6.5999999999999996e+000 	3.0124748947316253e-002 	5.2242797571482400e-003 	3.5349028704464498e-002
6.7999999999999998e+000 	3.0127222626448659e-002 	5.2247798093462651e-003 	3.5352002435794928e-002
7.0000000000000000e+000 	3.0129650047846099e-002 	5.2252302871452494e-003 	3.5354880334991352e-002
7.2000000000000002e+000 	3.0132040051060335e-002 	5.2256352143783052e-003 	3.5357675265438648e-002
7.4000000000000004e+000 	3.0134400061702191e-002 	5.2259982416371390e-003 	3.5360398303339327e-002
7.5999999999999996e+000 	3.0136736148448504e-002 	5.2263099568409625e-003 	3.5363046105289467e-002
8.0000000000000000e+000 	3.0160208801341945e-002 	5.2268304457995483e-003 	3.5387039247141497e-002
8.4000000000000004e+000 	3.0145922668065261e-002 	5.2272566090274027e-003 	3.5373179277092666e-002
8.8000000000000007e+000 	3.0150438084741917e-002 	5.2275804067480188e-003 	3.5378018491489936e-002
9.1999999999999993e+000 	3.0154900755557809e-002 	5.2278127449123845e-003 	3.5382713500470189e-002
9.5999999999999996e+000 	3.0159298266954758e-002 	5.2279642015606916e-003 	3.5387262468515451e-002
1.0000000000000000e+001 	3.0163611328112412e-002 	5.2280440117766442e-003 	3.5391655339889062e-002
1.0400000000000000e+001 	3.0167815966348658e-002 	5.2280599455103143e-003 	3.5395875911858964e-002
1.0800000000000001e+001 	3.0171885461532474e-002 	5.2280184619325140e-003 	3.5399903923464988e-002
1.1199999999999999e+001 	3.0175791938167492e-002 	5.2279249269509458e-003 	3.5403716865118430e-002
1.1600000000000000e+001 	3.0179507615098598e-002 	5.2277838231739619e-003 	3.5407291438272565e-002
1.2000000000000000e+001 	3.0183005739875451e-002 	5.2275989317987302e-003 	3.5410604671674173e-002
1.2400000000000000e+001 	3.0186261251916209e-002 	5.2273734830614038e-003 	3.5413634734977620e-002
1.2800000000000001e+001 	3.0189251222362323e-002 	5.2271102776325429e-003 	3.5416361499994872e-002
1.3199999999999999e+001 	3.0191955114963021e-002 	5.2268117828484185e-003 	3.5418766897811434e-002
1.3600000000000000e+001 	3.0194354908317282e-002 	5.2264802076804721e-003 	3.5420835115997758e-002
1.4000000000000000e+001 	3.0196435114929587e-002 	5.2261175601370303e-003 	3.5422552675066596e-002
1.4400000000000000e+001 	3.0198182724519417e-002 	5.2257256902616808e-003 	3.5423908414781102e-002
1.4800000000000001e+001 	3.0199587096290757e-002 	5.2253063213987460e-003 	3.5424893417689493e-002
1.5199999999999999e+001 	3.0200639815078159e-002 	5.2248610720704042e-003 	3.5425500887148555e-002
1.5600000000000000e+001 	3.0201334529593237e-002 	5.2243914703671889e-003 	3.5425725999960411e-002
1.6000000000000000e+001 	3.0201666779328864e-002 	5.2238911256723792e-003 	3.5425557905001223e-002
1.6800000000000001e+001 	3.0214241106399857e-002 	5.2228272418927083e-003 	3.5437068348292571e-002
1.7600000000000001e+001 	3.0199344508872267e-002 	5.2217038338998531e-003 	3.5421048342772099e-002
1.8399999999999999e+001 	3.0196011849181404e-002 	5.2205145132338459e-003 	3.5416526362415254e-002
1.9199999999999999e+001 	3.0191265562987308e-002 	5.2192644249521658e-003 	3.5410529987939462e-002
2.0000000000000000e+001 	3.0185145683370350e-002 	5.2179583336267373e-003 	3.5403104016997082e-002
2.0800000000000001e+001 	3.0177700751170114e-002 	5.2165996826864045e-003 	3.5394300433856510e-002
2.1600000000000001e+001 	3.0168985426491057e-002 	5.2151902184346555e-003 	3.5384175644925714e-002
2.2399999999999999e+001 	3.0159058464280093e-002 	5.2137298484345998e-003 	3.5372788312714683e-002
2.3199999999999999e+001 	3.0147981061965215e-002 	5.2122166087247377e-003 	3.5360197670689965e-002
2.4000000000000000e+001 	3.0135815537618509e-002 	5.2106466934552734e-003 	3.5346462231073780e-002
2.4800000000000001e+001 	3.0122624287047359e-002 	5.2090145304193557e-003 	3.5331638817466697e-002
2.5600000000000001e+001 	3.0108468968046427e-002 	5.2073128947058914e-003 	3.5315781862752332e-002
2.6399999999999999e+001 	3.0093409869014251e-002 	5.2055330537142327e-003 	3.5298942922728505e-002
2.7199999999999999e+001 	3.0077505425372002e-002 	5.2036649363628494e-003 	3.5281170361734858e-002
2.8000000000000000e+001 	3.0060811853999891e-002 	5.2016973192571536e-003 	3.5262509173257038e-002
2.8800000000000001e+001 	3.0043382884169186e-002 	5.1996180230312493e-003 	3.5243000907200429e-002
2.9600000000000001e+001 	3.0025269564824004e-002 	5.1974141129462938e-003 	3.5222683677770296e-002
3.0399999999999999e+001 	3.0006520135484396e-002 	5.1950720986379279e-003 	3.5201592234122329e-002
3.1199999999999999e+001 	2.9987179948485921e-002 	5.1925781287829797e-003 	3.5179758077268898e-002
3.2000000000000000e+001 	2.9967291433087490e-002 	5.1899181772978526e-003 	3.5157209610385348e-002
3.2800000000000004e+001 	2.9946894095006952e-002 	5.1870782183841219e-003 	3.5133972313391069e-002
3.3600000000000001e+001 	2.9926024544284585e-002 	5.1840443884670620e-003 	3.5110068932751648e-002
3.4399999999999999e+001 	2.9904716546702560e-002 	5.1807120842868662e-003 	3.5085428630989429e-002
3.6000000000000000e+001 	2.9866168694846137e-002 	5.1733239816007031e-003 	3.5039492676446848e-002
3.7600000000000001e+001 	2.9815747889023851e-002 	5.1651123953882069e-003 	3.4980860284412052e-002
3.9199999999999996e+001 	2.9769304602585762e-002 	5.1558618483205807e-003 	3.4925166450906334e-002
4.0800000000000004e+001 	2.9721749921396430e-002 	5.1454914743214071e-003 	3.4867241395717834e-002
4.2399999999999999e+001 	2.9673194134052023e-002 	5.1339416740955081e-003 	3.4807135808147538e-002
4.4000000000000000e+001 	2.9623720647646803e-002 	5.1211698024282142e-003 	3.4744890450074999e-002
4.5600000000000001e+001 	2.9573389142717881e-002 	5.1071486608375996e-003 	3.4680537803555476e-002
4.7199999999999996e+001 	2.9522239009028461e-002 	5.0918655800875441e-003 	3.4614104589116006e-002
4.8800000000000004e+001 	2.9470292707121835e-002 	5.0753214687844729e-003 	3.4545614175906320e-002
5.0399999999999999e+001 	2.9417558908834525e-002 	5.0575297021147915e-003 	3.4475088610949313e-002
5.2000000000000000e+001 	2.9364035354091433e-002 	5.0385148677579584e-003 	3.4402550221849411e-002
5.3600000000000001e+001 	2.9309711400198699e-002 	5.0183114199223462e-003 	3.4328022820121047e-002
5.5199999999999996e+001 	2.9254570259804637e-002 	4.9969622947181186e-003 	3.4251532554522755e-002
5.6800000000000004e+001 	2.9198590936584098e-002 	4.9745175332091898e-003 	3.4173108469793281e-002
5.8399999999999999e+001 	2.9141749873799520e-002 	4.9510329490833381e-003 	3.4092782822882861e-002
6.0000000000000000e+001 	2.9084022337468624e-002 	4.9265688685163345e-003 	3.4010591205984958e-002
6.1600000000000001e+001 	2.9025383556547886e-002 	4.9011889614044889e-003 	3.3926572517952377e-002
6.3200000000000003e+001 	2.8965809645445959e-002 	4.8749591760427480e-003 	3.3840768821488697e-002
6.4799999999999997e+001 	2.8905278333056714e-002 	4.8479467835894135e-003 	3.3753225116646135e-002
6.6400000000000006e+001 	2.8843769522788720e-002 	4.8202195340967605e-003 	3.3663989056885474e-002
6.8000000000000000e+001 	2.8781265705881916e-002 	4.7918449224361084e-003 	3.3573110628318012e-002
6.9599999999999994e+001 	2.8717752249506463e-002 	4.7627160408983196e-003 	3.3480468290404783e-002
7.2799999999999997e+001 	2.8589479776189017e-002 	4.7030474922362796e-003 	3.3292527268425312e-002
7.6000000000000000e+001 	2.8453417523310046e-002 	4.6422451086311264e-003 	3.3095662631941178e-002
7.9200000000000003e+001 	2.8315065722877526e-002 	4.5803826383302862e-003 	3.2895448361207807e-002
8.2400000000000006e+001 	2.8172632398161302e-002 	4.5178154207216534e-003 	3.2690447818882966e-002
8.5599999999999994e+001 	2.8026198009318083e-002 	4.4548895759792487e-003 	3.2481087585297344e-002
8.8799999999999997e+001 	2.7875878071254811e-002 	4.3919185605094712e-003 	3.2267796631764281e-002
9.2000000000000000e+001 	2.7721817893617492e-002 	4.3291761216022124e-003 	3.2050994015219693e-002
9.5200000000000003e+001 	2.7564187055108109e-002 	4.2668956716765951e-003 	3.1831082726784699e-002
9.8400000000000006e+001 	2.7403174049014274e-002 	4.2052723107291459e-003 	3.1608446359743428e-002
1.0159999999999999e+002 	2.7238981336152331e-002 	4.1444659741275477e-003 	3.1383447310279887e-002
1.0480000000000001e+002 	2.7071820924872286e-002 	4.0846050217653029e-003 	3.1156425946637596e-002
1.0800000000000000e+002 	2.6901910524560858e-002 	4.0257899210476887e-003 	3.0927700445608539e-002
1.1119999999999999e+002 	2.6729470272268043e-002 	3.9680968299941480e-003 	3.0697567102262194e-002
1.1440000000000001e+002 	2.6554720004023879e-002 	3.9115809693271034e-003 	3.0466300973350999e-002
1.1759999999999999e+002 	2.6377877025417430e-002 	3.8562797227494872e-003 	3.0234156748166902e-002
1.2080000000000001e+002 	2.6199154328025158e-002 	3.8022154373322484e-003 	3.0001369765357399e-002
1.2400000000000000e+002 	2.6018759196032703e-002 	3.7493979175438480e-003 	2.9768157113576547e-002
1.2720000000000000e+002 	2.5836892148507207e-002 	3.6978266205356263e-003 	2.9534718769042831e-002
1.3039999999999998e+002 	2.5653746165972335e-002 	3.6474925691270177e-003 	2.9301238735099346e-002
1.3359999999999999e+002 	2.5469506154877232e-002 	3.5983800040579575e-003 	2.9067886158935196e-002
1.3680000000000001e+002 	2.5284348608815094e-002 	3.5504677996350729e-003 	2.8834816408450176e-002
1.4000000000000000e+002 	2.5098441429659359e-002 	3.5041628990641590e-003 	2.8602604328723500e-002
1.4640000000000001e+002 	2.4727380132643088e-002 	3.4150184442237543e-003 	2.8142398576866852e-002
1.5279999999999998e+002 	2.4350774036788120e-002 	3.3293159469529069e-003 	2.7680089983741017e-002
1.5920000000000002e+002 	2.3976163649468012e-002 	3.2475496007022138e-003 	2.7223713250170235e-002
1.6559999999999999e+002 	2.3602267288579035e-002 	3.1695405736350247e-003 	2.6771807862214066e-002
1.7200000000000000e+002 	2.3229887527484554e-002 	3.0950591672938518e-003 	2.6324946694778407e-002
1.7840000000000001e+002 	2.2859727536905912e-002 	3.0238668886892806e-003 	2.5883594425595201e-002
1.8479999999999998e+002 	2.2492397782549814e-002 	2.9557323871834164e-003 	2.5448130169733234e-002
1.9120000000000002e+002 	2.2128424427246225e-002 	2.8904376542609176e-003 	2.5018862081507130e-002
1.9759999999999999e+002 	2.1768257905356650e-002 	2.8277803103646539e-003 	2.4596038215721306e-002
2.0400000000000000e+002 	2.1412281085185950e-002 	2.7675741436311431e-003 	2.4179855228817101e-002
2.1040000000000001e+002 	2.1060816802953620e-002 	2.7096487790564680e-003 	2.3770465582010077e-002
2.1679999999999998e+002 	2.0714134704977179e-002 	2.6538488890899530e-003 	2.3367983594067141e-002
2.2320000000000002e+002 	2.0372457402879143e-002 	2.6000331693243630e-003 	2.2972490572203508e-002
2.2959999999999999e+002 	2.0035965978320892e-002 	2.5480732133832725e-003 	2.2584039191704177e-002
2.3600000000000000e+002 	1.9704804887645849e-002 	2.4978523698699052e-003 	2.2202657257515742e-002
2.4240000000000001e+002 	1.9379086321671068e-002 	2.4492646317733767e-003 	2.1828350953444441e-002
2.4879999999999998e+002 	1.9058894075930498e-002 	2.4022135874172310e-003 	2.1461107663347734e-002
2.5519999999999999e+002 	1.8744286984052141e-002 	2.3566114481244340e-003 	2.1100898432176576e-002
2.6160000000000002e+002 	1.8435301962903199e-002 	2.3123781588030717e-003 	2.0747680121706281e-002
2.6800000000000000e+002 	1.8131956713717721e-002 	2.2694405919882333e-003 	2.0401397305705952e-002
2.7439999999999998e+002 	1.7834252118759088e-002 	2.2281623156094397e-003 	2.0062414434368521e-002
2.8719999999999999e+002 	1.7259213673080958e-002 	2.1490729418265062e-003 	1.9408286614907455e-002
3.0000000000000000e+002 	1.6699221840520039e-002 	2.0733265003588632e-003 	1.8772548340878902e-002
3.1280000000000001e+002 	1.6164577112118154e-002 	2.0013451561961336e-003 	1.8165922268314282e-002
3.2560000000000002e+002 	1.5651204915595573e-002 	1.9329005349798523e-003 	1.7584105450575427e-002
3.3839999999999998e+002 	1.5158512953391106e-002 	1.8677431827230334e-003 	1.7026256136114137e-002
3.5119999999999999e+002 	1.4685848101903376e-002 	1.8056377072796182e-003 	1.6491485809182995e-002
3.6400000000000000e+002 	1.4232516214200861e-002 	1.7463710065851329e-003 	1.5978887220785994e-002
3.7680000000000001e+002 	1.3797798289420312e-002 	1.6897520852504927e-003 	1.5487550374670802e-002
3.8960000000000002e+002 	1.3380963369789979e-002 	1.6356096784491869e-003 	1.5016573048239170e-002
4.0239999999999998e+002 	1.2981278666242588e-002 	1.5837896124037850e-003 	1.4565068278646374e-002
4.1519999999999999e+002 	1.2598017402846370e-002 	1.5341524216693104e-003 	1.4132169824515678e-002
4.2800000000000000e+002 	1.2230464809299627e-002 	1.4865713175116891e-003 	1.3717036126811315e-002
4.4080000000000001e+002 	1.1877922620497104e-002 	1.4409304864705173e-003 	1.3318853106967621e-002
4.5360000000000002e+002 	1.1539712377611422e-002 	1.3971236733784707e-003 	1.2936836050989891e-002
4.6639999999999998e+002 	1.1215177770166559e-002 	1.3550530018423613e-003 	1.2570230772008927e-002
4.7919999999999999e+002 	1.0903686213560679e-002 	1.3146279897056109e-003 	1.2218314203266288e-002
4.9200000000000000e+002 	1.0604629819487621e-002 	1.2757647231552019e-003 	1.1880394542642822e-002
5.0480000000000001e+002 	1.0317425887079915e-002 	1.2383851593385292e-003 	1.1555811046418446e-002
5.1759999999999991e+002 	1.0041517018332193e-002 	1.2024165331100908e-003 	1.1243933551442284e-002
5.3039999999999998e+002 	9.7763709416694936e-003 	1.1677908485597580e-003 	1.0944161790229253e-002
5.4320000000000005e+002 	9.5214801117463124e-003 	1.1348956421265524e-003 	1.0656375753872864e-002
5.6879999999999995e+002 	9.0441271604584459e-003 	1.0727339600988765e-003 	1.0116861120557322e-002
5.9440000000000009e+002 	8.5938981451026842e-003 	1.0140755236538166e-003 	9.6079736687564987e-003
6.2000000000000000e+002 	8.1801721948828940e-003 	9.5935678926200153e-004 	9.1395289841448950e-003
6.4559999999999991e+002 	7.7959141573073123e-003 	9.0832727822218521e-004 	8.7042414355294976e-003
6.7120000000000005e+002 	7.4384963386086578e-003 	8.6070918296889478e-004 	8.2992055215775542e-003
6.9679999999999995e+002 	7.1055428288923986e-003 	8.1623474666629107e-004 	7.9217775755586906e-003
7.2240000000000009e+002 	6.7949125811102556e-003 	7.7465603298156212e-004 	7.5695686140918152e-003
7.4800000000000000e+002 	6.5046782455321743e-003 	7.3574644804129342e-004 	7.2404246935734674e-003
7.7359999999999991e+002 	6.2331048698363641e-003 	6.9929987146140587e-004 	6.9324047412977711e-003
7.9920000000000005e+002 	5.9786298840336111e-003 	6.6512905225336253e-004 	6.6437589362869738e-003
8.2479999999999995e+002 	5.7398448103523486e-003 	6.3306381055143349e-004 	6.3729086209037807e-003
8.5040000000000009e+002 	5.5154787699752917e-003 	6.0294927902351336e-004 	6.1184280489988063e-003
8.7600000000000000e+002 	5.3043837158925225e-003 	5.7464428815429559e-004 	5.8790280040468173e-003
9.0159999999999991e+002 	5.1055212662726073e-003 	5.4801992725411590e-004 	5.6535411935267257e-003
9.2720000000000005e+002 	4.9179509945869188e-003 	5.2295827663497937e-004 	5.4409092712218981e-003
9.5279999999999995e+002 	4.7408200310823361e-003 	4.9935129287994174e-004 	5.2401713239622755e-003
9.7840000000000009e+002 	4.5733538362460885e-003 	4.7709982679490720e-004 	5.0504536630409970e-003
1.0040000000000000e+003 	4.4148480167705666e-003 	4.5611275554158952e-004 	4.8709607723121549e-003
1.0296000000000001e+003 	4.2646610657072221e-003 	4.3630621323202982e-004 	4.7009672789392540e-003
1.0551999999999998e+003 	4.1222079202084903e-003 	4.1760290691473292e-004 	4.5398108271232241e-003
1.0808000000000000e+003 	3.9869542414523182e-003 	3.9993150712929127e-004 	4.3868857485816109e-003
1.1064000000000001e+003 	3.8584113320180692e-003 	3.8322610368409524e-004 	4.2416374357021648e-003
1.1320000000000000e+003 	3.7361316156756135e-003 	3.6773541149645611e-004 	4.1038670271720690e-003
1.1832000000000000e+003 	3.5104277596808373e-003 	3.3924311825980785e-004 	3.8496708779406472e-003
1.2343999999999999e+003 	3.3009697963558788e-003 	3.1308143967783661e-004 	3.6140512360337148e-003
1.2856000000000001e+003 	3.1118292992007076e-003 	2.8948336520906665e-004 	3.4013126644097725e-003
1.3368000000000000e+003 	2.9387888927082219e-003 	2.6821628448329716e-004 	3.2070051771915203e-003
1.3880000000000000e+003 	2.7800391026315020e-003 	2.4903979388921451e-004 	3.0290788965207181e-003
1.4392000000000000e+003 	2.6340154217882983e-003 	2.3172961633268575e-004 	2.8657450381209841e-003
1.4903999999999999e+003 	2.4993646820718873e-003 	2.1608349138934173e-004 	2.7154481734612294e-003
1.5416000000000001e+003 	2.3749131954541054e-003 	2.0192156719252483e-004 	2.5768347626466312e-003
1.5928000000000000e+003 	2.2596391388733624e-003 	1.8908485014955203e-004 	2.4487239890229147e-003
1.6440000000000000e+003 	2.1526493453327853e-003 	1.7743299123324072e-004 	2.3300823365660257e-003
1.6952000000000000e+003 	2.0531599913168213e-003 	1.6684200040596769e-004 	2.2200019917227882e-003
1.7463999999999999e+003 	1.9604805505940566e-003 	1.5720214954660123e-004 	2.1176827001406573e-003
1.7976000000000001e+003 	1.8740004350699477e-003 	1.4841614251467444e-004 	2.0224165775846229e-003
1.8488000000000000e+003 	1.7931778342004860e-003 	1.4039754613458683e-004 	1.9335753803350730e-003
1.9000000000000000e+003 	1.7175303537766248e-003 	1.3306944810310159e-004 	1.8505998018797255e-003
1.9512000000000000e+003 	1.6466271312891106e-003 	1.2636330507316982e-004 	1.7729904363622800e-003
2.0024000000000001e+003 	1.5800821674180020e-003 	1.2021794911205726e-004 	1.7003001165300593e-003
2.0535999999999999e+003 	1.5175486631444626e-003 	1.1457872658439461e-004 	1.6321273897288576e-003
2.1048000000000002e+003 	1.4587141918126353e-003 	1.0939674871059199e-004 	1.5681109405232276e-003
2.1560000000000000e+003 	1.4032965672413516e-003 	1.0462823707629915e-004 	1.5079248043176504e-003
2.2071999999999998e+003 	1.3510402943890214e-003 	1.0023395047487873e-004 	1.4512742448639009e-003
2.2584000000000001e+003 	1.3017135094566983e-003 	9.6288581001708939e-005 	1.3980020904584072e-003
2.3607999999999997e+003 	1.2116556509342929e-003 	8.9275442949025469e-005 	1.3009310938833180e-003
2.4632000000000003e+003 	1.1292757361266517e-003 	8.3033730493102385e-005 	1.2123094666197543e-003
2.5655999999999999e+003 	1.0559991365735671e-003 	7.7607456355610599e-005 	1.1336065929291779e-003
2.6680000000000000e+003 	9.8992538477723699e-004 	7.2883512458436282e-005 	1.0628088972356735e-003
2.7704000000000001e+003 	9.3016386076666142e-004 	6.8754325879847236e-005 	9.9891818664650848e-004
2.8727999999999997e+003 	8.7595163445345053e-004 	6.5125085108734321e-005 	9.4107671956218501e-004
2.9752000000000003e+003 	8.2663465653556878e-004 	6.1915373615952757e-005 	8.8855003015152147e-004
3.0775999999999999e+003 	7.8165045836843896e-004 	5.9058389823662949e-005 	8.4070884819210207e-004
3.1800000000000000e+003 	7.4051344761838999e-004 	5.6499106187106026e-005 	7.9701255380549608e-004
3.2824000000000001e+003 	7.0280273353312550e-004 	5.4192233878414464e-005 	7.5699496741153964e-004
3.3847999999999997e+003 	6.6815211351382885e-004 	5.2100405622181147e-005 	7.2025251913601001e-004
3.4872000000000003e+003 	6.3624182726918573e-004 	5.0192681831573687e-005 	6.8643450910075947e-004
3.5895999999999999e+003 	6.0679173719979727e-004 	4.8443353395153666e-005 	6.5523509059495081e-004
3.6920000000000000e+003 	5.7955565811244620e-004 	4.6830984104119657e-005 	6.2638664221656621e-004
3.7944000000000001e+003 	5.5431661661512193e-004 	4.5337641015527974e-005 	5.9965425763065002e-004
3.8967999999999997e+003 	5.3088286681569744e-004 	4.3948272391782659e-005 	5.7483113920748000e-004
3.9992000000000003e+003 	5.0908452511682929e-004 	4.2650202669555861e-005 	5.5173472778638488e-004
4.1016000000000004e+003 	4.8877071492523872e-004 	4.1432720924359780e-005 	5.3020343584959852e-004
4.2040000000000000e+003 	4.6980713379874838e-004 	4.0286744718072617e-005 	5.1009387851682123e-004
4.3063999999999996e+003 	4.5207397246971597e-004 	3.9204544941153420e-005 	4.9127851741086941e-004
4.4088000000000002e+003 	4.3546412844372066e-004 	3.8179519958805756e-005 	4.7364364840252654e-004
4.5111999999999998e+003 	4.1988166735135542e-004 	3.7223980310220287e-005 	4.5710564766157554e-004
4.7160000000000000e+003 	3.9167443814033185e-004 	3.5446850532645364e-005 	4.2712128867297732e-004
4.9208000000000002e+003 	3.6604260567031416e-004 	3.3785057313644745e-005 	3.9982766298395892e-004
5.1256000000000004e+003 	3.4344252251222035e-004 	3.2250145378549061e-005 	3.7569266789076934e-004
5.3303999999999996e+003 	3.2317686739242486e-004 	3.0829910031751601e-005 	3.5400677742417649e-004
5.5351999999999998e+003 	3.0491606439647710e-004 	2.9511097891785765e-005 	3.3442716228826306e-004
5.7400000000000000e+003 	2.8838539196684619e-004 	2.8281372624634140e-005 	3.1666676459148036e-004
5.9448000000000002e+003 	2.7335570528621742e-004 	2.7130380213553841e-005 	3.0048608549977120e-004
6.1496000000000004e+003 	2.5963518194048810e-004 	2.6049719425456570e-005 	2.8568490136594469e-004
6.3543999999999996e+003 	2.4706247119329981e-004 	2.5032512196704660e-005 	2.7209498339000437e-004
6.5591999999999998e+003 	2.3550114796829177e-004 	2.4072998904434479e-005 	2.5957414687272621e-004
6.7640000000000000e+003 	2.2483525671825169e-004 	2.3166253850212367e-005 	2.4800151056846411e-004
6.9688000000000002e+003 	2.1496573158323647e-004 	2.2307996070361770e-005 	2.3727372765359829e-004
7.1736000000000004e+003 	2.0580751191643938e-004 	2.1494459423373095e-005 	2.2730197133981244e-004
7.3783999999999996e+003 	1.9728720816588626e-004 	2.0722298684538324e-005 	2.1800950685042455e-004
7.5831999999999998e+003 	1.8934120418844433e-004 	1.9988519172461091e-005 	2.0932972336090540e-004
7.7880000000000000e+003 	1.8191410698948743e-004 	1.9290422751035228e-005 	2.0120452974052268e-004
7.9928000000000002e+003 	1.7495747430070318e-004 	1.8625565624291574e-005 	1.9358303992499473e-004
8.1976000000000004e+003 	1.6842876540210892e-004 	1.7991724758354786e-005 	1.8642049016046373e-004
8.4023999999999996e+003 	1.6229047216606454e-004 	1.7386870731168143e-005 	1.7967734289723274e-004
8.6072000000000007e+003 	1.5650939625394761e-004 	1.6809145592627172e-005 	1.7331854184657474e-004
8.8120000000000000e+003 	1.5105604535841142e-004 	1.6266455547926973e-005 	1.6732250090633835e-004
9.2216000000000004e+003 	1.4112822776532252e-004 	1.5250664564475164e-005 	1.5637889232979763e-004
9.6311999999999989e+003 	1.3197741633030454e-004 	1.4297895823157213e-005 	1.4627531215346168e-004
1.0040800000000001e+004 	1.2384449977644485e-004 	1.3417904988090272e-005 	1.3726240476453515e-004
1.0450400000000000e+004 	1.1648429266469043e-004 	1.2605582604316411e-005 	1.2908987526900686e-004
1.0860000000000000e+004 	1.0979681608456135e-004 	1.1854117104968235e-005 	1.2165093318952956e-004
1.1269600000000000e+004 	1.0369820937376478e-004 	1.1157091940109621e-005 	1.1485530131387437e-004
1.1679199999999999e+004 	9.8117877846462306e-005 	1.0509041443449620e-005 	1.0862691928991196e-004
1.2088800000000001e+004 	9.2996029910058996e-005 	9.9053179947361315e-006 	1.0290134790479518e-004
1.2498400000000000e+004 	8.8281681725512295e-005 	9.3418975121536956e-006 	9.7623579237666035e-005
1.2908000000000000e+004 	8.3931073203619131e-005 	8.8152535463235742e-006 	9.2746326749942705e-005
1.3317600000000000e+004 	7.9906414045584592e-005 	8.3222770608264764e-006 	8.8228691106411055e-005
1.3727200000000001e+004 	7.6174886339426475e-005 	7.8602162004706014e-006 	8.4035102539897096e-005
1.4136799999999999e+004 	7.2707845013957509e-005 	7.4266261806413275e-006 	8.0134471194598844e-005
1.4546400000000000e+004 	6.9480171276876165e-005 	7.0193263159424297e-006 	7.6499497592818607e-005
1.4956000000000000e+004 	6.6469745200700372e-005 	6.6363633424760544e-006 	7.3106108543176442e-005
1.5365600000000000e+004 	6.3657011948418712e-005 	6.2759803936977765e-006 	6.9932992342116432e-005
1.5775200000000001e+004 	6.1024622294163618e-005 	5.9365907253436194e-006 	6.6961213019507237e-005
1.6184799999999999e+004 	5.8557132637235683e-005 	5.6167556017657351e-006 	6.4173888239001445e-005
1.6594400000000001e+004 	5.6240753074058615e-005 	5.3151656152019444e-006 	6.1555918689260586e-005
1.7004000000000000e+004 	5.4063134603538040e-005 	5.0306249134607485e-006 	5.9093759516998805e-005
1.7413599999999999e+004 	5.2013188436039536e-005 	4.7620378126385416e-006 	5.6775226248678068e-005
1.7823200000000001e+004 	5.0080931816996856e-005 	4.5083973486292024e-006 	5.4589329165626039e-005
1.8232799999999999e+004 	4.8257355885847988e-005 	4.2687755637691966e-006 	5.2526131449617181e-005
1.8642399999999998e+004 	4.6534311951946925e-005 	4.0423152180355425e-006 	5.0576627169982450e-005
1.9052000000000000e+004 	4.4904413243629388e-005 	3.8282225418702641e-006 	4.8732635785499647e-005
1.9461600000000002e+004 	4.3360949720403576e-005 	3.6257609800413437e-006 	4.6986710700444933e-005
1.9871200000000001e+004 	4.1897813962728621e-005 	3.4342458408719843e-006 	4.5332059803600615e-005
2.0280799999999999e+004 	4.0509436494686757e-005 	3.2530395540374424e-006 	4.3762476048724223e-005
2.0690400000000001e+004 	3.9190729170382233e-005 	3.0815475040052461e-006 	4.2272276674387493e-005
2.1100000000000000e+004 	3.7937035478472292e-005 	2.9192143800148536e-006 	4.0856249858487155e-005
2.1509599999999999e+004 	3.6744086802400553e-005 	2.7655209370865956e-006 	3.9509607739487144e-005
2.1919200000000001e+004 	3.5607963824217641e-005 	2.6199811020294125e-006 	3.8227944926247069e-005
2.2328800000000003e+004 	3.4525062384110301e-005 	2.4821393611963434e-006 	3.7007201745306645e-005
2.2738399999999998e+004 	3.3492063211006549e-005 	2.3515684416866890e-006 	3.5843631652693220e-005
2.3148000000000000e+004 	3.2505905025391619e-005 	2.2278672361278982e-006 	3.4733772261519525e-005
2.3557600000000002e+004 	3.1563760587657637e-005 	2.1106589174259707e-006 	3.3674419505083628e-005
2.3967199999999997e+004 	3.0663015325475963e-005 	1.9995892103170888e-006 	3.2662604535793048e-005
2.4376799999999999e+004 	2.9801248224951747e-005 	1.8943248259533406e-006 	3.1695573050905096e-005
2.4786400000000001e+004 	2.8976214713224754e-005 	1.7945520335185153e-006 	3.0770766746743258e-005
2.5196000000000000e+004 	2.8185831296845748e-005 	1.6999753417311136e-006 	2.9885806638576862e-005
2.5605599999999999e+004 	2.7428161751506451e-005 	1.6079250284621135e-006 	2.9036086779968575e-005
