-2050 0
-2.0500000000000000e+003 0.0000000000000000e+000 0.0000000000000000e+000
1
1 1 1 1
1
         t, ms                         dVp, mV                         dVs, mV                         dV, mV
2.5000000000000000e-001 	1.3727670064342626e-001 	1.1410046524905747e-002 	1.4868674716833202e-001
2.9999999999999999e-001 	1.3748044546551058e-001 	1.1370009118689392e-002 	1.4885045458419999e-001
3.4999999999999998e-001 	1.3758344525194577e-001 	1.1331873066091288e-002 	1.4891531831803706e-001
4.0000000000000002e-001 	1.3766113056912668e-001 	1.1297232397203139e-002 	1.4895836296632975e-001
4.5000000000000001e-001 	1.3773030715613693e-001 	1.1265532763757894e-002 	1.4899583991989487e-001
5.0000000000000000e-001 	1.3779440275585841e-001 	1.1236336118142478e-002 	1.4903073887400084e-001
5.5000000000000004e-001 	1.3785411222943614e-001 	1.1209303942144696e-002 	1.4906341617158084e-001
5.9999999999999998e-001 	1.3790969973155964e-001 	1.1184173869391993e-002 	1.4909387360095161e-001
6.5000000000000002e-001 	1.3796142186266000e-001 	1.1160740480890559e-002 	1.4912216234355052e-001
6.9999999999999996e-001 	1.3800956668449765e-001 	1.1138840750496391e-002 	1.4914840743499400e-001
7.5000000000000000e-001 	1.3805443310635140e-001 	1.1118343054375103e-002 	1.4917277616072647e-001
8.0000000000000004e-001 	1.3809631195489422e-001 	1.1099138869904327e-002 	1.4919545082479854e-001
8.4999999999999998e-001 	1.3813547545901775e-001 	1.1081136555273763e-002 	1.4921661201429154e-001
9.0000000000000002e-001 	1.3817217281156097e-001 	1.1064256750893973e-002 	1.4923642956245492e-001
9.4999999999999996e-001 	1.3820662922613161e-001 	1.1048429034669818e-002 	1.4925505826080149e-001
1.0000000000000000e+000 	1.3823904680957835e-001 	1.1033589542886192e-002 	1.4927263635246457e-001
1.0500000000000000e+000 	1.3826960626460488e-001 	1.1019679308654499e-002 	1.4928928557325932e-001
1.1000000000000001e+000 	1.3829846891576403e-001 	1.1006643124803062e-002 	1.4930511204056707e-001
1.1499999999999999e+000 	1.3832577877621122e-001 	1.0994428791595880e-002 	1.4932020756780717e-001
1.2000000000000000e+000 	1.3835166450064884e-001 	1.0983249159314359e-002 	1.4933491365996318e-001
1.3000000000000000e+000 	1.3889334646093385e-001 	1.0963006604793666e-002 	1.4985635306572756e-001
1.3999999999999999e+000 	1.3844334292766414e-001 	1.0944735664793492e-002 	1.4938807859245759e-001
1.5000000000000000e+000 	1.3848309110192120e-001 	1.0928612097425711e-002 	1.4941170319934691e-001
1.6000000000000001e+000 	1.3851949962016230e-001 	1.0914402630498893e-002 	1.4943390225066128e-001
1.7000000000000000e+000 	1.3855300366816325e-001 	1.0901860794195823e-002 	1.4945486446235903e-001
1.8000000000000000e+000 	1.3858396645665452e-001 	1.0890753226560541e-002 	1.4947471968321510e-001
1.8999999999999999e+000 	1.3861269201891960e-001 	1.0880867957784032e-002 	1.4949355997670369e-001
2.0000000000000000e+000 	1.3863943634105433e-001 	1.0872016270347762e-002 	1.4951145261140200e-001
2.1000000000000001e+000 	1.3866441642135133e-001 	1.0864032210478377e-002 	1.4952844863182974e-001
2.2000000000000002e+000 	1.3868781747624828e-001 	1.0856771200478977e-002 	1.4954458867672729e-001
2.2999999999999998e+000 	1.3870979864646407e-001 	1.0850108304214916e-002 	1.4955990695067897e-001
2.3999999999999999e+000 	1.3873049752063057e-001 	1.0843936392602050e-002 	1.4957443391323250e-001
2.5000000000000000e+000 	1.3875003375163383e-001 	1.0838164298535086e-002 	1.4958819805016890e-001
2.6000000000000001e+000 	1.3876851196165949e-001 	1.0832715020423260e-002 	1.4960122698208275e-001
2.7000000000000002e+000 	1.3878602409120119e-001 	1.0827524028136946e-002 	1.4961354811933819e-001
2.7999999999999998e+000 	1.3880265131251893e-001 	1.0822537671316220e-002 	1.4962518898383517e-001
2.8999999999999999e+000 	1.3881846559858124e-001 	1.0817711718420655e-002 	1.4963617731700185e-001
3.0000000000000000e+000 	1.3883353101197990e-001 	1.0813010036808015e-002 	1.4964654104878791e-001
3.1000000000000001e+000 	1.3884790477760259e-001 	1.0808403393839334e-002 	1.4965630817144182e-001
3.2000000000000002e+000 	1.3886163817045355e-001 	1.0803868403279534e-002 	1.4966550657373315e-001
3.2999999999999998e+000 	1.3887477726969566e-001 	1.0799386601402044e-002 	1.4967416387109775e-001
3.3999999999999999e+000 	1.3888736359220241e-001 	1.0794953929373449e-002 	1.4968231752157585e-001
3.6000000000000001e+000 	1.3905595213568264e-001 	1.0786148543219553e-002 	1.4984210067890216e-001
3.7999999999999998e+000 	1.3893296384577286e-001 	1.0777378707699528e-002 	1.4971034255347232e-001
4.0000000000000000e+000 	1.3895326392822793e-001 	1.0768657264458966e-002 	1.4972192119268690e-001
4.2000000000000002e+000 	1.3897214692143248e-001 	1.0759970274243353e-002 	1.4973211719567586e-001
4.4000000000000004e+000 	1.3898977002627808e-001 	1.0751314740250567e-002 	1.4974108476652870e-001
4.5999999999999996e+000 	1.3900627049077841e-001 	1.0742698664745760e-002 	1.4974896915552421e-001
4.7999999999999998e+000 	1.3902176975198163e-001 	1.0734136600010108e-002 	1.4975590635199174e-001
5.0000000000000000e+000 	1.3903637690510043e-001 	1.0725645927231502e-002 	1.4976202283233192e-001
5.2000000000000002e+000 	1.3905019129939794e-001 	1.0717244733775725e-002 	1.4976743603317352e-001
5.4000000000000004e+000 	1.3906330431330000e-001 	1.0708950764361069e-002 	1.4977225507766109e-001
5.5999999999999996e+000 	1.3907580044930332e-001 	1.0700780933681164e-002 	1.4977658138298447e-001
5.7999999999999998e+000 	1.3908775791945990e-001 	1.0692751132651172e-002 	1.4978050905211096e-001
6.0000000000000000e+000 	1.3909924887835179e-001 	1.0684876156950017e-002 	1.4978412503530186e-001
6.2000000000000002e+000 	1.3911033943542442e-001 	1.0677169687736904e-002 	1.4978750912316124e-001
6.4000000000000004e+000 	1.3912108956878289e-001 	1.0669644289967610e-002 	1.4979073385875055e-001
6.5999999999999996e+000 	1.3913155300824162e-001 	1.0662311403960560e-002 	1.4979386441220210e-001
6.7999999999999998e+000 	1.3914177715460391e-001 	1.0655181335737137e-002 	1.4979695849034103e-001
7.0000000000000000e+000 	1.3915180306186717e-001 	1.0648263235192582e-002 	1.4980006629705969e-001
7.2000000000000002e+000 	1.3916166550536793e-001 	1.0641565065498968e-002 	1.4980323057086695e-001
7.4000000000000004e+000 	1.3917139313251103e-001 	1.0635093568343707e-002 	1.4980648670085481e-001
7.5999999999999996e+000 	1.3918100869416289e-001 	1.0628946970895293e-002 	1.4980995566505817e-001
8.0000000000000000e+000 	1.3927801044957500e-001 	1.0617394701398967e-002 	1.4989540515097385e-001
8.4000000000000004e+000 	1.3921861882581565e-001 	1.0606620294806293e-002 	1.4982523912062198e-001
8.8000000000000007e+000 	1.3923693830602393e-001 	1.0596765947138903e-002 	1.4983370425316284e-001
9.1999999999999993e+000 	1.3925488924109813e-001 	1.0587824454884175e-002 	1.4984271369598232e-001
9.5999999999999996e+000 	1.3927238501962780e-001 	1.0579757387236930e-002 	1.4985214240686473e-001
1.0000000000000000e+001 	1.3928930789252172e-001 	1.0572505764381877e-002 	1.4986181365690360e-001
1.0400000000000000e+001 	1.3930551862023546e-001 	1.0565994908202359e-002 	1.4987151352843783e-001
1.0800000000000001e+001 	1.3932086499630847e-001 	1.0560137163265437e-002 	1.4988100215957390e-001
1.1199999999999999e+001 	1.3933518890750296e-001 	1.0554834246889456e-002 	1.4989002315439245e-001
1.1600000000000000e+001 	1.3934833190606127e-001 	1.0549979706725141e-002 	1.4989831161278641e-001
1.2000000000000000e+001 	1.3936013940601830e-001 	1.0545461421234307e-002 	1.4990560082725257e-001
1.2400000000000000e+001 	1.3937046368686515e-001 	1.0541163998590572e-002 	1.4991162768545577e-001
1.2800000000000001e+001 	1.3937916590172794e-001 	1.0536970978317576e-002 	1.4991613688004557e-001
1.3199999999999999e+001 	1.3938611728625791e-001 	1.0532766782966173e-002 	1.4991888406922407e-001
1.3600000000000000e+001 	1.3939119974556849e-001 	1.0528438409784130e-002 	1.4991963815535253e-001
1.4000000000000000e+001 	1.3939430597266861e-001 	1.0523876850507553e-002 	1.4991818282317612e-001
1.4400000000000000e+001 	1.3939533922832006e-001 	1.0518978258153098e-002 	1.4991431748647316e-001
1.4800000000000001e+001 	1.3939421288663340e-001 	1.0513644870779791e-002 	1.4990785775741317e-001
1.5199999999999999e+001 	1.3939084983001837e-001 	1.0507785721327118e-002 	1.4989863555134550e-001
1.5600000000000000e+001 	1.3938518175729589e-001 	1.0501317141149748e-002 	1.4988649889844563e-001
1.6000000000000000e+001 	1.3937714845547811e-001 	1.0493847688500446e-002 	1.4987099614397850e-001
1.6800000000000001e+001 	1.3940724787970413e-001 	1.0476403858084925e-002 	1.4988365173778889e-001
1.7600000000000001e+001 	1.3932030122971251e-001 	1.0456040206520511e-002 	1.4977634143623300e-001
1.8399999999999999e+001 	1.3927662283740871e-001 	1.0432003605029319e-002 	1.4970862644243810e-001
1.9199999999999999e+001 	1.3922249999969755e-001 	1.0404056097708692e-002 	1.4962655609740633e-001
2.0000000000000000e+001 	1.3915779216132010e-001 	1.0372048885303750e-002 	1.4952984104662378e-001
2.0800000000000001e+001 	1.3908240392405305e-001 	1.0335932118408331e-002 	1.4941833604246135e-001
2.1600000000000001e+001 	1.3899627824981586e-001 	1.0295741617467474e-002 	1.4929201986728335e-001
2.2399999999999999e+001 	1.3889939081175373e-001 	1.0251577036139674e-002 	1.4915096784789347e-001
2.3199999999999999e+001 	1.3879174565467473e-001 	1.0203585625906415e-002 	1.4899533128058104e-001
2.4000000000000000e+001 	1.3867337197021790e-001 	1.0151951736013125e-002 	1.4882532370623103e-001
2.4800000000000001e+001 	1.3854432171271386e-001 	1.0096888754223592e-002 	1.4864121046693746e-001
2.5600000000000001e+001 	1.3840466779879768e-001 	1.0038631708608808e-002 	1.4844329950740642e-001
2.6399999999999999e+001 	1.3825450268159994e-001 	9.9774302702131980e-003 	1.4823193295181308e-001
2.7199999999999999e+001 	1.3809393714504234e-001 	9.9135424192661782e-003 	1.4800747956430860e-001
2.8000000000000000e+001 	1.3792309920749318e-001 	9.8472290073540365e-003 	1.4777032821484729e-001
2.8800000000000001e+001 	1.3774213306426558e-001 	9.7787492818888697e-003 	1.4752088234615446e-001
2.9600000000000001e+001 	1.3755119802568769e-001 	9.7083573128744650e-003 	1.4725955533856219e-001
3.0399999999999999e+001 	1.3735046742861806e-001 	9.6362992139168973e-003 	1.4698676664253493e-001
3.1199999999999999e+001 	1.3714012751627774e-001 	9.5628110484043335e-003 	1.4670293856468211e-001
3.2000000000000000e+001 	1.3692037628582632e-001 	9.4881173162512517e-003 	1.4640849360207756e-001
3.2800000000000004e+001 	1.3669142231531795e-001 	9.4124299218451696e-003 	1.4610385223716318e-001
3.3600000000000001e+001 	1.3645348357934362e-001 	9.3359475444838545e-003 	1.4578943112382745e-001
3.4399999999999999e+001 	1.3620678626656638e-001 	9.2587521317775770e-003 	1.4546553839834386e-001
3.6000000000000000e+001 	1.3570923633334558e-001 	9.1034546001950017e-003 	1.4481269093354063e-001
3.7600000000000001e+001 	1.3513793028281917e-001 	8.9479965414250053e-003 	1.4408592682424412e-001
3.9199999999999996e+001 	1.3455735067026775e-001 	8.7929799516350098e-003 	1.4335033062190278e-001
4.0800000000000004e+001 	1.3394862160078386e-001 	8.6391659921381432e-003 	1.4258778759292198e-001
4.2399999999999999e+001 	1.3331374193078055e-001 	8.4872140366666540e-003 	1.4180095596744718e-001
4.4000000000000000e+001 	1.3265469665329430e-001 	8.3376654014007609e-003 	1.4099236205469504e-001
4.5600000000000001e+001 	1.3197343492776842e-001 	8.1909429498515738e-003 	1.4016437787761998e-001
4.7199999999999996e+001 	1.3127185357806509e-001 	8.0473651467706867e-003 	1.3931921872483580e-001
4.8800000000000004e+001 	1.3055178457496683e-001 	7.9071641556095213e-003 	1.3845894873057638e-001
5.0399999999999999e+001 	1.2981498578209083e-001 	7.7705016373165563e-003 	1.3758548741940743e-001
5.2000000000000000e+001 	1.2906313446541209e-001 	7.6374815000625536e-003 	1.3670061596547470e-001
5.3600000000000001e+001 	1.2829782314451815e-001 	7.5081605133221780e-003 	1.3580598365784027e-001
5.5199999999999996e+001 	1.2752055739918047e-001 	7.3825574020186533e-003 	1.3490311480119915e-001
5.6800000000000004e+001 	1.2673275527805206e-001 	7.2606606239507491e-003 	1.3399341590200284e-001
5.8399999999999999e+001 	1.2593574799397120e-001 	7.1424349136565424e-003 	1.3307818290762774e-001
6.0000000000000000e+001 	1.2513078162620256e-001 	7.0278266922657283e-003 	1.3215860831846815e-001
6.1600000000000001e+001 	1.2431901959040564e-001 	6.9167684828726015e-003 	1.3123578807327826e-001
6.3200000000000003e+001 	1.2350154567163089e-001 	6.8091824788802623e-003 	1.3031072815051117e-001
6.4799999999999997e+001 	1.2267936745150308e-001 	6.7049834038105461e-003 	1.2938435085531361e-001
6.6400000000000006e+001 	1.2185341998980834e-001 	6.6040807916644840e-003 	1.2845750078147283e-001
6.8000000000000000e+001 	1.2102456964864845e-001 	6.5063807943580689e-003 	1.2753095044300652e-001
6.9599999999999994e+001 	1.2019361796906612e-001 	6.4129164577738105e-003 	1.2660653442683997e-001
7.2799999999999997e+001 	1.1853768145815673e-001 	6.2350495683567405e-003 	1.2477273102651341e-001
7.6000000000000000e+001 	1.1686449093900859e-001 	6.0661241035079401e-003 	1.2293061504251654e-001
7.9200000000000003e+001 	1.1520385689637604e-001 	5.9073932409336432e-003 	1.2111125013730972e-001
8.2400000000000006e+001 	1.1355097989930543e-001 	5.7583667262494529e-003 	1.1930934662555492e-001
8.5599999999999994e+001 	1.1190904807020592e-001 	5.6184389918305690e-003 	1.1752748706203654e-001
8.8799999999999997e+001 	1.1028074754606762e-001 	5.4869906655595395e-003 	1.1576773821162720e-001
9.2000000000000000e+001 	1.0866831984771426e-001 	5.3634216863202204e-003 	1.1403174153403446e-001
9.5200000000000003e+001 	1.0707362032879138e-001 	5.2471617470135025e-003 	1.1232078207580486e-001
9.8400000000000006e+001 	1.0549817170240146e-001 	5.1376737497885331e-003 	1.1063584545218998e-001
1.0159999999999999e+002 	1.0394321117030142e-001 	5.0344547841907382e-003 	1.0897766595449219e-001
1.0480000000000001e+002 	1.0240973124602690e-001 	4.9370358312032731e-003 	1.0734676707723020e-001
1.0800000000000000e+002 	1.0089851486519295e-001 	4.8449806816035649e-003 	1.0574349554679645e-001
1.1119999999999999e+002 	9.9410165493136443e-002 	4.7578844159493414e-003 	1.0416804990908578e-001
1.1440000000000001e+002 	9.7945132919026415e-002 	4.6753716928274519e-003 	1.0262050461185381e-001
1.1759999999999999e+002 	9.6503735359256951e-002 	4.5970949924126585e-003 	1.0110083035166965e-001
1.2080000000000001e+002 	9.5086178413833711e-002 	4.5227328927384333e-003 	9.9608911306572179e-002
1.2400000000000000e+002 	9.3692571343850020e-002 	4.4519884015747418e-003 	9.8144559745424756e-002
1.2720000000000000e+002 	9.2322941068744099e-002 	4.3845873533055876e-003 	9.6707528422049646e-002
1.3039999999999998e+002 	9.0977244221183057e-002 	4.3202768722218335e-003 	9.5297521093404891e-002
1.3359999999999999e+002 	8.9655377545449305e-002 	4.2588239001011248e-003 	9.3914201445550446e-002
1.3680000000000001e+002 	8.8357186880656483e-002 	4.2000137966914123e-003 	9.2557200677347864e-002
1.4000000000000000e+002 	8.7082474932293957e-002 	4.1444657401599810e-003 	9.1226940672453918e-002
1.4640000000000001e+002 	8.4615743930781598e-002 	4.0399425236536824e-003 	8.8655686454435279e-002
1.5279999999999998e+002 	8.2212322268084365e-002 	3.9414277788553456e-003 	8.6153750046939717e-002
1.5920000000000002e+002 	7.9910574012693802e-002 	3.8493996507913044e-003 	8.3759973663485143e-002
1.6559999999999999e+002 	7.7694185449720399e-002 	3.7631423296718186e-003 	8.1457327779392241e-002
1.7200000000000000e+002 	7.5560289943100475e-002 	3.6819588860640380e-003 	7.9242248829164502e-002
1.7840000000000001e+002 	7.3505933419429584e-002 	3.6052181518701010e-003 	7.7111151571299691e-002
1.8479999999999998e+002 	7.1528127707346290e-002 	3.5323645676700621e-003 	7.5060492275016349e-002
1.9120000000000002e+002 	6.9623890718328307e-002 	3.4629196846354244e-003 	7.3086810402963748e-002
1.9759999999999999e+002 	6.7790276413899314e-002 	3.3964773168914538e-003 	7.1186753730790781e-002
2.0400000000000000e+002 	6.6024396808759434e-002 	3.3326946420204231e-003 	6.9357091450779867e-002
2.1040000000000001e+002 	6.4323437784825799e-002 	3.2712824241287529e-003 	6.7594720208954531e-002
2.1679999999999998e+002 	6.2684670114994859e-002 	3.2119961421686149e-003 	6.5896666257163464e-002
2.2320000000000002e+002 	6.1105456792816419e-002 	3.1546285101129385e-003 	6.4260085302929343e-002
2.2959999999999999e+002 	5.9583257523789686e-002 	3.0990033065890045e-003 	6.2682260830378714e-002
2.3600000000000000e+002 	5.8115631044908168e-002 	3.0449702958346495e-003 	6.1160601340742818e-002
2.4240000000000001e+002 	5.6700235792130634e-002 	2.9924010326159269e-003 	5.9692636824746549e-002
2.4879999999999998e+002 	5.5334829321085709e-002 	2.9411853809959880e-003 	5.8276014702081713e-002
2.5519999999999999e+002 	5.4017266797227272e-002 	2.8912286103535785e-003 	5.6908495407580847e-002
2.6160000000000002e+002 	5.2745498802415323e-002 	2.8424489739990949e-003 	5.5587947776414411e-002
2.6800000000000000e+002 	5.1517568650668311e-002 	2.7947756832798747e-003 	5.4312344333948166e-002
2.7439999999999998e+002 	5.0331609363137561e-002 	2.7485433284898022e-003 	5.3080152691627337e-002
2.8719999999999999e+002 	4.8093924884142346e-002 	2.6590683327154937e-003 	5.0752993216857813e-002
3.0000000000000000e+002 	4.5968443707500528e-002 	2.5723829237624023e-003 	4.8540826631262933e-002
3.1280000000000001e+002 	4.3996226627926079e-002 	2.4888754642904470e-003 	4.6485102092216526e-002
3.2560000000000002e+002 	4.2148969185606767e-002 	2.4084548805714439e-003 	4.4557424066178214e-002
3.3839999999999998e+002 	4.0416747224916998e-002 	2.3309964104423534e-003 	4.2747743635359353e-002
3.5119999999999999e+002 	3.8790504487967982e-002 	2.2563520440447779e-003 	4.1046856532012760e-002
3.6400000000000000e+002 	3.7261997431092833e-002 	2.1843778777495314e-003 	3.9446375308842381e-002
3.7680000000000001e+002 	3.5823725609123051e-002 	2.1149465710683436e-003 	3.7938672180191403e-002
3.8960000000000002e+002 	3.4468861869021122e-002 	2.0479470512954276e-003 	3.6516808920316557e-002
4.0239999999999998e+002 	3.3191186991864352e-002 	1.9832806075266276e-003 	3.5174467599390975e-002
4.1519999999999999e+002 	3.1985030050207731e-002 	1.9208573761123416e-003 	3.3905887426320079e-002
4.2800000000000000e+002 	3.0845214560177071e-002 	1.8605939042475163e-003 	3.2705808464424592e-002
4.4080000000000001e+002 	2.9767010096897521e-002 	1.8024115718081517e-003 	3.1569421668705674e-002
4.5360000000000002e+002 	2.8746088913982368e-002 	1.7462355837635705e-003 	3.0492324497745943e-002
4.6639999999999998e+002 	2.7778487085590942e-002 	1.6919943203066944e-003 	2.9470481405897645e-002
4.7919999999999999e+002 	2.6860569708061045e-002 	1.6396189041228834e-003 	2.8500188612183921e-002
4.9200000000000000e+002 	2.5988999731513918e-002 	1.5890429100444156e-003 	2.7578042641558342e-002
5.0480000000000001e+002 	2.5160710030292837e-002 	1.5402021689097936e-003 	2.6700912199202623e-002
5.1759999999999991e+002 	2.4372878359664354e-002 	1.4930346351405485e-003 	2.5865912994804903e-002
5.3039999999999998e+002 	2.3622904883111313e-002 	1.4474802937677394e-003 	2.5070385176879057e-002
5.4320000000000005e+002 	2.2908391988746304e-002 	1.4040991997382049e-003 	2.4312491188484501e-002
5.6879999999999995e+002 	2.1587500325634661e-002 	1.3218723690540657e-003 	2.2909372694688724e-002
5.9440000000000009e+002 	2.0357881381148687e-002 	1.2439066135362927e-003 	2.1601787994684971e-002
6.2000000000000000e+002 	1.9245546609020361e-002 	1.1708716041084280e-003 	2.0416418213128784e-002
6.4559999999999991e+002 	1.8225976877999910e-002 	1.1026013937067496e-003 	1.9328578271706649e-002
6.7120000000000005e+002 	1.7289029880338324e-002 	1.0388212739041761e-003 	1.8327851154242507e-002
6.9679999999999995e+002 	1.6425862021648800e-002 	9.7921891694391469e-004 	1.7405080938592714e-002
7.2240000000000009e+002 	1.5628765643268670e-002 	9.2348997563761659e-004 	1.6552255618906282e-002
7.4800000000000000e+002 	1.4891010273518466e-002 	8.7135250928173770e-004 	1.5762362782800198e-002
7.7359999999999991e+002 	1.4206702332199537e-002 	8.2254822419858330e-004 	1.5029250556398126e-002
7.9920000000000005e+002 	1.3570665252636022e-002 	7.7684034992542598e-004 	1.4347505602561454e-002
8.2479999999999995e+002 	1.2978338189466322e-002 	7.3401127301717280e-004 	1.3712349462483488e-002
8.5040000000000009e+002 	1.2425690631015682e-002 	6.9386057628108527e-004 	1.3119551207296765e-002
8.7600000000000000e+002 	1.1909150328653887e-002 	6.5620345672633888e-004 	1.2565353785380233e-002
9.0159999999999991e+002 	1.1425542302148905e-002 	6.2086938321834911e-004 	1.2046411685367258e-002
9.2720000000000005e+002 	1.0972037052107980e-002 	5.8770089855642537e-004 	1.1559737950664398e-002
9.5279999999999995e+002 	1.0546106441363666e-002 	5.5655253575066777e-004 	1.1102658977114332e-002
9.7840000000000009e+002 	1.0145485983419534e-002 	5.2728982947954810e-004 	1.0672775812899084e-002
1.0040000000000000e+003 	9.7681425020057170e-003 	4.9978839928491712e-004 	1.0267930901290636e-002
1.0296000000000001e+003 	9.4122463088583980e-003 	4.7393310823801491e-004 	9.8861794170964131e-003
1.0551999999999998e+003 	9.0761471954911247e-003 	4.4961729777969562e-004 	9.5257644932708278e-003
1.0808000000000000e+003 	8.7583536551644834e-003 	4.2674208140085158e-004 	9.1850957365653355e-003
1.1064000000000001e+003 	8.4575148496338574e-003 	4.0521570069921371e-004 	8.8627305503330717e-003
1.1320000000000000e+003 	8.1724049154311487e-003 	3.8543632288568565e-004 	8.5578412383168333e-003
1.1832000000000000e+003 	7.6488865462271084e-003 	3.4936331849444636e-004 	7.9982498647215572e-003
1.2343999999999999e+003 	7.1658783152629803e-003 	3.1639816097381524e-004 	7.4822764762367960e-003
1.2856000000000001e+003 	6.7325246559175999e-003 	2.8694910996519547e-004 	7.0194737658827947e-003
1.3368000000000000e+003 	6.3382725265611010e-003 	2.6074916334082666e-004 	6.5990216899019264e-003
1.3880000000000000e+003 	5.9784429410207939e-003 	2.3746663347048389e-004 	6.2159095744912804e-003
1.4392000000000000e+003 	5.6490346071260784e-003 	2.1677076467898636e-004 	5.8658053718050667e-003
1.4903999999999999e+003 	5.3466222225025161e-003 	1.9836143758615327e-004 	5.5449836600886711e-003
1.5416000000000001e+003 	5.0682630218378847e-003 	1.8197477318047895e-004 	5.2502377950183633e-003
1.5928000000000000e+003 	4.8114174463920727e-003 	1.6737998373232720e-004 	4.9787974301244006e-003
1.6440000000000000e+003 	4.5738836167067099e-003 	1.5437463111575214e-004 	4.7282582478224630e-003
1.6952000000000000e+003 	4.3537436355528310e-003 	1.4278045097681808e-004 	4.4965240865296480e-003
1.7463999999999999e+003 	4.1493195850514086e-003 	1.3243999483767468e-004 	4.2817595798890842e-003
1.7976000000000001e+003 	3.9591373483480498e-003 	1.2321391762432261e-004 	4.0823512659723723e-003
1.8488000000000000e+003 	3.7818967273703240e-003 	1.1497872242429294e-004 	3.8968754497946166e-003
1.9000000000000000e+003 	3.6164466371021915e-003 	1.0762484395107896e-004 	3.7240714810532721e-003
1.9512000000000000e+003 	3.4617644099996583e-003 	1.0105500076869929e-004 	3.5628194107683569e-003
2.0024000000000001e+003 	3.3169384445683563e-003 	9.5182761614252199e-005 	3.4121212061826089e-003
2.0535999999999999e+003 	3.1811535887929479e-003 	8.9931294684977771e-005 	3.2710848834779254e-003
2.1048000000000002e+003 	3.0536787714416421e-003 	8.5232271686287481e-005 	3.1389110431279291e-003
2.1560000000000000e+003 	2.9338564900199984e-003 	8.1024904823399015e-005 	3.0148813948433981e-003
2.2071999999999998e+003 	2.8210938394312478e-003 	7.7255096454667432e-005 	2.8983489358859154e-003
2.2584000000000001e+003 	2.7148548249324956e-003 	7.4030888347190819e-005 	2.7888857132796862e-003
2.3607999999999997e+003 	2.5213894620966576e-003 	6.8552715426310713e-005 	2.5899421775229677e-003
2.4632000000000003e+003 	2.3449759253017072e-003 	6.3803592254249141e-005 	2.4087795175559558e-003
2.5655999999999999e+003 	2.1885696014998491e-003 	5.9885605336517803e-005 	2.2484552068363665e-003
2.6680000000000000e+003 	2.0479516247575969e-003 	5.6684851910125073e-005 	2.1046364766677222e-003
2.7704000000000001e+003 	1.9211148346053506e-003 	5.4063927541103332e-005 	1.9751787621464542e-003
2.8727999999999997e+003 	1.8063485961008585e-003 	5.1898245203562468e-005 	1.8582468413044213e-003
2.9752000000000003e+003 	1.7021935030583088e-003 	5.0087376979010599e-005 	1.7522808800373201e-003
3.0775999999999999e+003 	1.6074001925860122e-003 	4.8553114087888233e-005 	1.6559533066739008e-003
3.1800000000000000e+003 	1.5208946220322823e-003 	4.7234696990574118e-005 	1.5681293190228564e-003
3.2824000000000001e+003 	1.4417495188971904e-003 	4.6084695837256130e-005 	1.4878342147344467e-003
3.3847999999999997e+003 	1.3691610485335166e-003 	4.5065963468166464e-005 	1.4142270120016832e-003
3.4872000000000003e+003 	1.3024297148033998e-003 	4.4149390332367265e-005 	1.3465791051357669e-003
3.5895999999999999e+003 	1.2409446524131052e-003 	4.3312196456491382e-005 	1.2842568488695967e-003
3.6920000000000000e+003 	1.1841706349757625e-003 	4.2536604550179009e-005 	1.2267072395259410e-003
3.7944000000000001e+003 	1.1316372666662334e-003 	4.1808794218712806e-005 	1.1734460608849463e-003
3.8967999999999997e+003 	1.0829299402508219e-003 	4.1118070890289781e-005 	1.1240480111411118e-003
3.9992000000000003e+003 	1.0376822333522308e-003 	4.0456208499435287e-005 	1.0781384418516661e-003
4.1016000000000004e+003 	9.9556948334193762e-004 	3.9816924681878931e-005 	1.0353864080238165e-003
4.2040000000000000e+003 	9.5630333401357855e-004 	3.9195464266250566e-005 	9.9549879827982900e-004
4.3063999999999996e+003 	9.1962708805335856e-004 	3.8588268033199108e-005 	9.5821535608655781e-004
4.4088000000000002e+003 	8.8531173119528754e-004 	3.7992709116123071e-005 	9.2330444031141028e-004
4.5111999999999998e+003 	8.5315251898738370e-004 	3.7428977879042777e-005 	8.9058149686642625e-004
4.7160000000000000e+003 	7.9502242825414649e-004 	3.6318868059664643e-005 	8.3134129631381114e-004
4.9208000000000002e+003 	7.4228459848132554e-004 	3.5178194474762331e-005 	7.7746279295608787e-004
5.1256000000000004e+003 	6.9586893598412363e-004 	3.4062356209732758e-005 	7.2993129219385620e-004
5.3303999999999996e+003 	6.5431241926378091e-004 	3.2984911102201112e-005 	6.8729733036598242e-004
5.5351999999999998e+003 	6.1692029453684779e-004 	3.1942234927173005e-005 	6.4886252946402074e-004
5.7400000000000000e+003 	5.8311488696091674e-004 	3.0930430732991243e-005 	6.1404531769390831e-004
5.9448000000000002e+003 	5.5241550419610837e-004 	2.9948393976775264e-005 	5.8236389817288342e-004
6.1496000000000004e+003 	5.2442064560776055e-004 	2.8996547446074968e-005 	5.5341719305383556e-004
6.3543999999999996e+003 	4.9879329276317740e-004 	2.8075677186182802e-005 	5.2686896994935998e-004
6.5591999999999998e+003 	4.7524904109521118e-004 	2.7186418906144982e-005 	5.0243546000135609e-004
6.7640000000000000e+003 	4.5354659309420925e-004 	2.6329109248027571e-005 	4.7987570234223672e-004
6.9688000000000002e+003 	4.3348014262031408e-004 	2.5503778190910592e-005 	4.5898392081122457e-004
7.1736000000000004e+003 	4.1487325459546272e-004 	2.4710184345612006e-005 	4.3958343894107463e-004
7.3783999999999996e+003 	3.9757392443187412e-004 	2.3947860584543151e-005 	4.2152178501641738e-004
7.5831999999999998e+003 	3.8145057023217786e-004 	2.3216159205144398e-005 	4.0466672943732248e-004
7.7880000000000000e+003 	3.6638876551379530e-004 	2.2514292166752636e-005 	3.8890305768054785e-004
7.9928000000000002e+003 	3.5228856265094030e-004 	2.1841366494807985e-005 	3.7412992914574852e-004
8.1976000000000004e+003 	3.3906228986276845e-004 	2.1196415276104223e-005 	3.6025870513887255e-004
8.4023999999999996e+003 	3.2663272966929768e-004 	2.0578422981898830e-005 	3.4721115265119642e-004
8.6072000000000007e+003 	3.1493160608712570e-004 	1.9986345861052354e-005 	3.3491795194817806e-004
8.8120000000000000e+003 	3.0389832283685109e-004 	1.9437637247312671e-005 	3.2333596008416398e-004
9.2216000000000004e+003 	2.8382436953355443e-004 	1.8404377207446758e-005 	3.0222874674100126e-004
9.6311999999999989e+003 	2.6533086712006513e-004 	1.7413406691947576e-005 	2.8274427381201281e-004
1.0040800000000001e+004 	2.4890638081920811e-004 	1.6503665487817235e-005 	2.6541004630702537e-004
1.0450400000000000e+004 	2.3405077201546707e-004 	1.5672069207659567e-005 	2.4972284122312660e-004
1.0860000000000000e+004 	2.2055985006141701e-004 	1.4908564450207025e-005 	2.3546841451162407e-004
1.1269600000000000e+004 	2.0826254338978612e-004 	1.4205075368028098e-005 	2.2246761875781428e-004
1.1679199999999999e+004 	1.9701499963244713e-004 	1.3555544252050833e-005 	2.1057054388449792e-004
1.2088800000000001e+004 	1.8669550243793939e-004 	1.2954946504978080e-005 	1.9965044894291743e-004
1.2498400000000000e+004 	1.7720036025795750e-004 	1.2398828661200269e-005 	1.8959918891915781e-004
1.2908000000000000e+004 	1.6844064754901198e-004 	1.1883165536597272e-005 	1.8032381308560929e-004
1.3317600000000000e+004 	1.6033962852920035e-004 	1.1404313494810675e-005 	1.7174394202401107e-004
1.3727200000000001e+004 	1.5283071062928769e-004 	1.0958980193161747e-005 	1.6378969082244942e-004
1.4136799999999999e+004 	1.4585580584598133e-004 	1.0544194769953064e-005 	1.5640000061593439e-004
1.4546400000000000e+004 	1.3936400706346256e-004 	1.0157277549476514e-005 	1.4952128461293905e-004
1.4956000000000000e+004 	1.3331050937696011e-004 	9.7958107586591396e-006 	1.4310632013561929e-004
1.5365600000000000e+004 	1.2765572374752235e-004 	9.4576117890524502e-006 	1.3711333553657480e-004
1.5775200000000001e+004 	1.2236454309348080e-004 	9.1407083800494827e-006 	1.3150525147353028e-004
1.6184799999999999e+004 	1.1740573033030251e-004 	8.8433168237293202e-006 	1.2624904715403184e-004
1.6594400000000001e+004 	1.1275140482803129e-004 	8.5638224097337698e-006 	1.2131522723776504e-004
1.7004000000000000e+004 	1.0837660894224826e-004 	8.3007621166243577e-006 	1.1667737105887261e-004
1.7413599999999999e+004 	1.0425894018101925e-004 	8.0528091654416264e-006 	1.1231174934646085e-004
1.7823200000000001e+004 	1.0037823754090847e-004 	7.8187590626910090e-006 	1.0819699660359950e-004
1.8232799999999999e+004 	9.6716312828331843e-005 	7.5975174948813418e-006 	1.0431383032321320e-004
1.8642399999999998e+004 	9.3256719554085318e-005 	7.3880896460783255e-006 	1.0064480920016363e-004
1.9052000000000000e+004 	8.9984553375292120e-005 	7.1895701543052339e-006 	9.7174123529597306e-005
1.9461600000000002e+004 	8.6886279154679930e-005 	7.0011343229695583e-006 	9.3887413477649476e-005
1.9871200000000001e+004 	8.3949580578543105e-005 	6.8220306768236870e-006 	9.0771611255366827e-005
2.0280799999999999e+004 	8.1163228973620048e-005 	6.6515736677634124e-006 	8.7814802641383407e-005
2.0690400000000001e+004 	7.8516968527564157e-005 	6.4891375136579450e-006 	8.5006106041222101e-005
2.1100000000000000e+004 	7.6001415575665480e-005 	6.3341505062484213e-006 	8.2335566081913932e-005
2.1509599999999999e+004 	7.3607969991142572e-005 	6.1860898128632331e-006 	7.9794059804005757e-005
2.1919200000000001e+004 	7.1328737023927869e-005 	6.0444773576401030e-006 	7.7373214381567937e-005
2.2328800000000003e+004 	6.9156458186631349e-005 	5.9088754070670356e-006 	7.5065333593698401e-005
2.2738399999999998e+004 	6.7084449997484760e-005 	5.7788825824664606e-006 	7.2863332579951233e-005
2.3148000000000000e+004 	6.5106549564856469e-005 	5.6541307451737254e-006 	7.0760680310030200e-005
2.3557600000000002e+004 	6.3217066145551087e-005 	5.5342820912282195e-006 	6.8751348236779331e-005
2.3967199999999997e+004 	6.1410737931735110e-005 	5.4190263313244916e-006 	6.6829764263059597e-005
2.4376799999999999e+004 	5.9682693425653095e-005 	5.3080781637499601e-006 	6.4990771589403060e-005
2.4786400000000001e+004 	5.8028416848920623e-005 	5.2011750750927897e-006 	6.3229591924013386e-005
2.5196000000000000e+004 	5.6443717107925566e-005 	5.0980753157052310e-006 	6.1541792423630795e-005
2.5605599999999999e+004 	5.4924699900086859e-005 	4.9968192761933694e-006 	5.9921519176280246e-005
-2350 0
-2.3500000000000000e+003 0.0000000000000000e+000 0.0000000000000000e+000
1
1 1 1 1
1
         t, ms                         dVp, mV                         dVs, mV                         dV, mV
2.5000000000000000e-001 	1.1004494949573712e-001 	5.7519133602137772e-003 	1.1579686285595094e-001
2.9999999999999999e-001 	1.1020298178002147e-001 	5.7184200455810599e-003 	1.1592140182560252e-001
3.4999999999999998e-001 	1.1028287382575927e-001 	5.6864766285863108e-003 	1.1596935045434562e-001
4.0000000000000002e-001 	1.1034313081151066e-001 	5.6573762298801978e-003 	1.1600050704139088e-001
4.5000000000000001e-001 	1.1039678770069519e-001 	5.6306607749398510e-003 	1.1602744847563506e-001
5.0000000000000000e-001 	1.1044650325156971e-001 	5.6059763082225295e-003 	1.1605247955979225e-001
5.5000000000000004e-001 	1.1049281651768003e-001 	5.5830541364335204e-003 	1.1607587065411357e-001
5.9999999999999998e-001 	1.1053593245854260e-001 	5.5616889976684474e-003 	1.1609762145621105e-001
6.5000000000000002e-001 	1.1057605015312859e-001 	5.5417220293598425e-003 	1.1611777218248842e-001
6.9999999999999996e-001 	1.1061339306813819e-001 	5.5230282236720645e-003 	1.1613642129181027e-001
7.5000000000000000e-001 	1.1064819307219423e-001 	5.5055071299355222e-003 	1.1615370020212973e-001
8.0000000000000004e-001 	1.1068067575812003e-001 	5.4890759403988069e-003 	1.1616975169851880e-001
8.4999999999999998e-001 	1.1071105228948164e-001 	5.4736643870150672e-003 	1.1618471667649670e-001
9.0000000000000002e-001 	1.1073951595775482e-001 	5.4592110376483855e-003 	1.1619872699540321e-001
9.4999999999999996e-001 	1.1076624145445152e-001 	5.4456606606893068e-003 	1.1621190211514085e-001
1.0000000000000000e+000 	1.1079138554460714e-001 	5.4329624027469403e-003 	1.1622434794735412e-001
1.0500000000000000e+000 	1.1081508839247611e-001 	5.4210685639918717e-003 	1.1623615695646800e-001
1.1000000000000001e+000 	1.1083747513012331e-001 	5.4099338021370326e-003 	1.1624740893226038e-001
1.1499999999999999e+000 	1.1085865746111777e-001 	5.3995146458348676e-003 	1.1625817210695255e-001
1.2000000000000000e+000 	1.1087873517750470e-001 	5.3899988441195789e-003 	1.1626873402162423e-001
1.3000000000000000e+000 	1.1129886981116768e-001 	5.3728181168067671e-003 	1.1667168792797447e-001
1.3999999999999999e+000 	1.1094984351390295e-001 	5.3573630838700884e-003 	1.1630720659777306e-001
1.5000000000000000e+000 	1.1098067325202773e-001 	5.3437874772800150e-003 	1.1632446072930776e-001
1.6000000000000001e+000 	1.1100891263652593e-001 	5.3318861784954234e-003 	1.1634079881502135e-001
1.7000000000000000e+000 	1.1103489921498699e-001 	5.3214415977161401e-003 	1.1635634081270312e-001
1.8000000000000000e+000 	1.1105891470832141e-001 	5.3122471749215321e-003 	1.1637116188324297e-001
1.8999999999999999e+000 	1.1108119493607160e-001 	5.3041150248595752e-003 	1.1638530996093117e-001
2.0000000000000000e+000 	1.1110193845043452e-001 	5.2968778283992400e-003 	1.1639881627883376e-001
2.1000000000000001e+000 	1.1112131356382693e-001 	5.2903885543205530e-003 	1.1641170211814744e-001
2.2000000000000002e+000 	1.1113946393601982e-001 	5.2845193052670162e-003 	1.1642398324128682e-001
2.2999999999999998e+000 	1.1115651300233909e-001 	5.2791597993417745e-003 	1.1643567280168092e-001
2.3999999999999999e+000 	1.1117256748169516e-001 	5.2742157303902739e-003 	1.1644678321208540e-001
2.5000000000000000e+000 	1.1118772017991489e-001 	5.2696071022530922e-003 	1.1645732728216798e-001
2.6000000000000001e+000 	1.1120205224674824e-001 	5.2652665980726342e-003 	1.1646731884482091e-001
2.7000000000000002e+000 	1.1121563499336481e-001 	5.2611380408947523e-003 	1.1647677303425963e-001
2.7999999999999998e+000 	1.1122853138016217e-001 	5.2571749500299530e-003 	1.1648570633019210e-001
2.8999999999999999e+000 	1.1124079723090541e-001 	5.2533392175952527e-003 	1.1649413644850062e-001
3.0000000000000000e+000 	1.1125248223571677e-001 	5.2495999151764439e-003 	1.1650208215089319e-001
3.1000000000000001e+000 	1.1126363077898384e-001 	5.2459322127690272e-003 	1.1650956299175286e-001
3.2000000000000002e+000 	1.1127428263145013e-001 	5.2423164341725090e-003 	1.1651659906562260e-001
3.2999999999999998e+000 	1.1128447353349219e-001 	5.2387372277068823e-003 	1.1652321076119908e-001
3.3999999999999999e+000 	1.1129423568695219e-001 	5.2351887039973491e-003 	1.1652942439094953e-001
3.6000000000000001e+000 	1.1142499472016630e-001 	5.2281211503944014e-003 	1.1665311587056075e-001
3.7999999999999998e+000 	1.1132960392534245e-001 	5.2210646623539782e-003 	1.1655066858769644e-001
4.0000000000000000e+000 	1.1134534894927760e-001 	5.2140285790401707e-003 	1.1655937752831777e-001
4.2000000000000002e+000 	1.1135999484962091e-001 	5.2070054850941782e-003 	1.1656700033471502e-001
4.4000000000000004e+000 	1.1137366355982524e-001 	5.1999973591592349e-003 	1.1657366091898450e-001
4.5999999999999996e+000 	1.1138646153590594e-001 	5.1930150593832158e-003 	1.1657947659528917e-001
4.7999999999999998e+000 	1.1139848296572351e-001 	5.1860744903414243e-003 	1.1658455745606496e-001
5.0000000000000000e+000 	1.1140981245702528e-001 	5.1791934822873762e-003 	1.1658900593931262e-001
5.2000000000000002e+000 	1.1142052704620775e-001 	5.1723900186436550e-003 	1.1659291706485138e-001
5.4000000000000004e+000 	1.1143069756834237e-001 	5.1656813656564540e-003 	1.1659637893399885e-001
5.5999999999999996e+000 	1.1144038950161120e-001 	5.1590836817975959e-003 	1.1659947318340880e-001
5.7999999999999998e+000 	1.1144966341390088e-001 	5.1526118819288811e-003 	1.1660227529582978e-001
6.0000000000000000e+000 	1.1145857513555420e-001 	5.1462796072278046e-003 	1.1660485474278201e-001
6.2000000000000002e+000 	1.1146717576344950e-001 	5.1400992410886130e-003 	1.1660727500453814e-001
6.4000000000000004e+000 	1.1147551158567760e-001 	5.1340819411084312e-003 	1.1660959352678602e-001
6.5999999999999996e+000 	1.1148362398570318e-001 	5.1282376593629712e-003 	1.1661186164506615e-001
6.7999999999999998e+000 	1.1149154937265128e-001 	5.1225751604050381e-003 	1.1661412453305631e-001
7.0000000000000000e+000 	1.1149931916525802e-001 	5.1171020262474522e-003 	1.1661642119150546e-001
7.2000000000000002e+000 	1.1150695983847293e-001 	5.1118246497303208e-003 	1.1661878448820323e-001
7.4000000000000004e+000 	1.1151449303895077e-001 	5.1067482229626210e-003 	1.1662124126191344e-001
7.5999999999999996e+000 	1.1152193576389438e-001 	5.1019577512428456e-003 	1.1662389351513724e-001
8.0000000000000000e+000 	1.1159712403262596e-001 	5.0930243109828157e-003 	1.1669014834360879e-001
8.4000000000000004e+000 	1.1155099143001797e-001 	5.0847641815123202e-003 	1.1663575561153033e-001
8.8000000000000007e+000 	1.1156509793918472e-001 	5.0772934850399866e-003 	1.1664239142422472e-001
9.1999999999999993e+000 	1.1157887743268106e-001 	5.0705960047816977e-003 	1.1664947343746276e-001
9.5999999999999996e+000 	1.1159225299753253e-001 	5.0646276275496714e-003 	1.1665688062508220e-001
1.0000000000000000e+001 	1.1160512278662066e-001 	5.0593257812212977e-003 	1.1666444856784194e-001
1.0400000000000000e+001 	1.1161736763999772e-001 	5.0546138740023335e-003 	1.1667198151400006e-001
1.0800000000000001e+001 	1.1162885782154859e-001 	5.0504038862734498e-003 	1.1667926170782204e-001
1.1199999999999999e+001 	1.1163945861145237e-001 	5.0465986044021917e-003 	1.1668605721585454e-001
1.1600000000000000e+001 	1.1164903472497270e-001 	5.0430939156654161e-003 	1.1669212864063809e-001
1.2000000000000000e+001 	1.1165745364807551e-001 	5.0397811170159301e-003 	1.1669723476509153e-001
1.2400000000000000e+001 	1.1166458803289127e-001 	5.0365491181899869e-003 	1.1670113715108127e-001
1.2800000000000001e+001 	1.1167031730382830e-001 	5.0332864638413001e-003 	1.1670360376766957e-001
1.3199999999999999e+001 	1.1167452863250796e-001 	5.0298831240672874e-003 	1.1670441175657528e-001
1.3600000000000000e+001 	1.1167711742058803e-001 	5.0262320448577966e-003 	1.1670334946544585e-001
1.4000000000000000e+001 	1.1167798741099939e-001 	5.0222304486756521e-003 	1.1670021785967508e-001
1.4400000000000000e+001 	1.1167705053360240e-001 	5.0177809000129733e-003 	1.1669483143361536e-001
1.4800000000000001e+001 	1.1167422656513640e-001 	5.0127921463604683e-003 	1.1668701871149686e-001
1.5199999999999999e+001 	1.1166944267334339e-001 	5.0071797598290110e-003 	1.1667662243317237e-001
1.5600000000000000e+001 	1.1166263289398762e-001 	5.0008665857418496e-003 	1.1666349947972945e-001
1.6000000000000000e+001 	1.1165373758038009e-001 	4.9934393079256196e-003 	1.1664717688830568e-001
1.6800000000000001e+001 	1.1167084228691139e-001 	4.9758536398368082e-003 	1.1664669592674821e-001
1.7600000000000001e+001 	1.1159618264223509e-001 	4.9551500115289438e-003 	1.1655133265376401e-001
1.8399999999999999e+001 	1.1155373450246481e-001 	4.9305660769057543e-003 	1.1648430057937061e-001
1.9199999999999999e+001 	1.1150183298028643e-001 	4.9018982511973329e-003 	1.1640373123148376e-001
2.0000000000000000e+001 	1.1144027734280650e-001 	4.8690400402489065e-003 	1.1630931738305543e-001
2.0800000000000001e+001 	1.1136890647978900e-001 	4.8319817615574941e-003 	1.1620088824134642e-001
2.1600000000000001e+001 	1.1128759468390481e-001 	4.7907958645714453e-003 	1.1607839054847624e-001
2.2399999999999999e+001 	1.1119624811311271e-001 	4.7456167479113893e-003 	1.1594186486102409e-001
2.3199999999999999e+001 	1.1109480211382512e-001 	4.6966254688557219e-003 	1.1579142758268082e-001
2.4000000000000000e+001 	1.1098321926338102e-001 	4.6440392479482921e-003 	1.1562725851132929e-001
2.4800000000000001e+001 	1.1086148791842941e-001 	4.5881031290515000e-003 	1.1544959104748087e-001
2.5600000000000001e+001 	1.1072962107256692e-001 	4.5290823882718637e-003 	1.1525870346083882e-001
2.6399999999999999e+001 	1.1058765536721436e-001 	4.4672554854066618e-003 	1.1505491085262101e-001
2.7199999999999999e+001 	1.1043565014663480e-001 	4.4029077586605330e-003 	1.1483855790529533e-001
2.8000000000000000e+001 	1.1027368648526417e-001 	4.3363260336104084e-003 	1.1461001251887455e-001
2.8800000000000001e+001 	1.1010186614765249e-001 	4.2677941818542687e-003 	1.1436966032950671e-001
2.9600000000000001e+001 	1.0992031046353627e-001 	4.1975895645429270e-003 	1.1411790002807916e-001
3.0399999999999999e+001 	1.0972915911614747e-001 	4.1259802565887542e-003 	1.1385513937273621e-001
3.1199999999999999e+001 	1.0952856885467227e-001 	4.0532229446821376e-003 	1.1358179179935438e-001
3.2000000000000000e+001 	1.0931871214445425e-001 	3.9795614014345483e-003 	1.1329827354588880e-001
3.2800000000000004e+001 	1.0909977577483626e-001 	3.9052254408957912e-003 	1.1300500121573205e-001
3.3600000000000001e+001 	1.0887195944375698e-001 	3.8304302759282604e-003 	1.1270238971968521e-001
3.4399999999999999e+001 	1.0863547433758099e-001 	3.7554195020958778e-003 	1.1239089383967689e-001
3.6000000000000000e+001 	1.0815367010843389e-001 	3.6056607068833779e-003 	1.1175933081531729e-001
3.7600000000000001e+001 	1.0760815687771316e-001 	3.4570267528475475e-003 	1.1106518363056070e-001
3.9199999999999996e+001 	1.0704871166063801e-001 	3.3104124447379786e-003 	1.1035912410537602e-001
4.0800000000000004e+001 	1.0646135590738172e-001 	3.1666477785040007e-003 	1.0962800368588572e-001
4.2399999999999999e+001 	1.0584811485908269e-001 	3.0264282451904715e-003 	1.0887454310427318e-001
4.4000000000000000e+001 	1.0521101894286096e-001 	2.8903082665532481e-003 	1.0810132720941421e-001
4.5600000000000001e+001 	1.0455207745348725e-001 	2.7587063636242415e-003 	1.0731078381711151e-001
4.7199999999999996e+001 	1.0387325804194100e-001 	2.6319215027812105e-003 	1.0650517954472226e-001
4.8800000000000004e+001 	1.0317647067752146e-001 	2.5101524405958379e-003 	1.0568662311811731e-001
5.0399999999999999e+001 	1.0246355538514368e-001 	2.3935150063197877e-003 	1.0485707039146347e-001
5.2000000000000000e+001 	1.0173627323420868e-001 	2.2820566445404134e-003 	1.0401832987874907e-001
5.3600000000000001e+001 	1.0099630011428956e-001 	2.1757688769256387e-003 	1.0317206899121521e-001
5.5199999999999996e+001 	1.0024522286373248e-001 	2.0745981394565353e-003 	1.0231982100318907e-001
5.6800000000000004e+001 	9.9484537350224764e-002 	1.9784551539279958e-003 	1.0146299250415275e-001
5.8399999999999999e+001 	9.8715648142401691e-002 	1.8872229186457526e-003 	1.0060287106104743e-001
6.0000000000000000e+001 	9.7939869450408085e-002 	1.8007634237675616e-003 	9.9740632874175603e-002
6.1600000000000001e+001 	9.7158427057926294e-002 	1.7189232333536114e-003 	9.8877350291279920e-002
6.3200000000000003e+001 	9.6372461005882787e-002 	1.6415380831051271e-003 	9.8013999088987891e-002
6.4799999999999997e+001 	9.5583028828541111e-002 	1.5684366360989284e-003 	9.7151465464640055e-002
6.6400000000000006e+001 	9.4791109173600660e-002 	1.4994435298840442e-003 	9.6290552703484703e-002
6.8000000000000000e+001 	9.3997605671696405e-002 	1.4343818284233724e-003 	9.5431987500119803e-002
6.9599999999999994e+001 	9.3203350943221200e-002 	1.3743938244820087e-003 	9.4577744767703226e-002
7.2799999999999997e+001 	9.1623360217898686e-002 	1.2650274844643713e-003 	9.2888387702363018e-002
7.6000000000000000e+001 	9.0034948304781079e-002 	1.1658237131845417e-003 	9.1200772017965615e-002
7.9200000000000003e+001 	8.8463134344351324e-002 	1.0779356591638606e-003 	8.9541070003515175e-002
8.2400000000000006e+001 	8.6904711968339210e-002 	1.0004672133313809e-003 	8.7905179181670581e-002
8.5599999999999994e+001 	8.5362793686543967e-002 	9.3242243064861944e-004 	8.6295216117192569e-002
8.8799999999999997e+001 	8.3839940444538741e-002 	8.7283208257825265e-004 	8.4712772527117008e-002
9.2000000000000000e+001 	8.2338227617271664e-002 	8.2079349900814850e-004 	8.3159021116279763e-002
9.5200000000000003e+001 	8.0859311828042707e-002 	7.7548066621926470e-004 	8.1634792494261962e-002
9.8400000000000006e+001 	7.9404492119751091e-002 	7.3614452083841698e-004 	8.0140636640589513e-002
1.0159999999999999e+002 	7.7974763832715593e-002 	7.0210968356976548e-004 	7.8676873516285384e-002
1.0480000000000001e+002 	7.6570865247491404e-002 	6.7276963600888882e-004 	7.7243634883500265e-002
1.0800000000000000e+002 	7.5193317621240888e-002 	6.4758121482912058e-004 	7.5840898836070009e-002
1.1119999999999999e+002 	7.3842459396180504e-002 	6.2605894368044463e-004 	7.4468518339860942e-002
1.1440000000000001e+002 	7.2518475353713474e-002 	6.0776951915913558e-004 	7.3126244872872587e-002
1.1759999999999999e+002 	7.1221421425256976e-002 	5.9232661973452000e-004 	7.1813748044991493e-002
1.2080000000000001e+002 	6.9951245791587721e-002 	5.7938611655872880e-004 	7.0530631908146457e-002
1.2400000000000000e+002 	6.8707806820522077e-002 	5.6864169991890044e-004 	6.9276448520440959e-002
1.2720000000000000e+002 	6.7490888316917685e-002 	5.5982091039971735e-004 	6.8050709227317402e-002
1.3039999999999998e+002 	6.6300212490152569e-002 	5.5268155114744947e-004 	6.6852894041300029e-002
1.3359999999999999e+002 	6.5135450983570778e-002 	5.4700845132610700e-004 	6.5682459434896895e-002
1.3680000000000001e+002 	6.3996234258418133e-002 	5.4261056153377587e-004 	6.4538844819951910e-002
1.4000000000000000e+002 	6.2882159579716129e-002 	5.3964095074023001e-004 	6.3421800530456360e-002
1.4640000000000001e+002 	6.0738840090629978e-002 	5.3631589591041616e-004 	6.1275155986540396e-002
1.5279999999999998e+002 	5.8666931110900232e-002 	5.3506219614670239e-004 	5.9201993307046952e-002
1.5920000000000002e+002 	5.6698026451145717e-002 	5.3578604228164239e-004 	5.7233812493427370e-002
1.6559999999999999e+002 	5.4816528907225957e-002 	5.3796369257337129e-004 	5.5354492599799361e-002
1.7200000000000000e+002 	5.3018556979765985e-002 	5.4114772267204576e-004 	5.3559704702438010e-002
1.7840000000000001e+002 	5.1300257831398133e-002 	5.4496924828450252e-004 	5.1845227079682650e-002
1.8479999999999998e+002 	4.9657853277475988e-002 	5.4913009530864585e-004 	5.0206983372784626e-002
1.9120000000000002e+002 	4.8087670502216441e-002 	5.5339623354923046e-004 	4.8641066735765640e-002
1.9759999999999999e+002 	4.6586162286939709e-002 	5.5758943172273378e-004 	4.7143751718662447e-002
2.0400000000000000e+002 	4.5149919699898601e-002 	5.6157737075345133e-004 	4.5711497070652064e-002
2.1040000000000001e+002 	4.3775679283545088e-002 	5.6526416373003604e-004 	4.4340943447275113e-002
2.1679999999999998e+002 	4.2460326217877820e-002 	5.6858236236329853e-004 	4.3028908580241117e-002
2.2320000000000002e+002 	4.1200894555929291e-002 	5.7148658832051466e-004 	4.1772381144249797e-002
2.2959999999999999e+002 	3.9994565349939858e-002 	5.7394854600851316e-004 	4.0568513895948365e-002
2.3600000000000000e+002 	3.8838663281198907e-002 	5.7595312464432842e-004 	3.9414616405843254e-002
2.4240000000000001e+002 	3.7730652253378724e-002 	5.7749534402809228e-004 	3.8308147597406812e-002
2.4879999999999998e+002 	3.6668130294297267e-002 	5.7857795277503231e-004 	3.7246708247072310e-002
2.5519999999999999e+002 	3.5648824024353591e-002 	5.7920952991537104e-004 	3.6228033554268964e-002
2.6160000000000002e+002 	3.4670582884868309e-002 	5.7940298633417289e-004 	3.5249985871202490e-002
2.6800000000000000e+002 	3.3731373269750821e-002 	5.7917438166095068e-004 	3.4310547651411769e-002
2.7439999999999998e+002 	3.2829272666523961e-002 	5.7842672313930120e-004 	3.3407699389663259e-002
2.8719999999999999e+002 	3.1141283154599665e-002 	5.7583608150326207e-004 	3.1717119236102931e-002
3.0000000000000000e+002 	2.9552468220635755e-002 	5.7212376438239788e-004 	3.0124591985018153e-002
3.1280000000000001e+002 	2.8094097399509566e-002 	5.6718983493020988e-004 	2.8661287234439767e-002
3.2560000000000002e+002 	2.6741409886963587e-002 	5.6121020038804039e-004 	2.7302620087351633e-002
3.3839999999999998e+002 	2.5484843043454296e-002 	5.5435640406118359e-004 	2.6039199447515468e-002
3.5119999999999999e+002 	2.4315792876684433e-002 	5.4676674793837493e-004 	2.4862559624622818e-002
3.6400000000000000e+002 	2.3226535348467553e-002 	5.3855882582579508e-004 	2.3765094174293344e-002
3.7680000000000001e+002 	2.2210136954684490e-002 	5.2983908041058156e-004 	2.2739976035095071e-002
3.8960000000000002e+002 	2.1260368795629057e-002 	5.2070479224088713e-004 	2.1781073587869938e-002
4.0239999999999998e+002 	2.0371628325483317e-002 	5.1124369884530322e-004 	2.0882872024328626e-002
4.1519999999999999e+002 	1.9538869519873988e-002 	5.0153375710356156e-004 	2.0040403276977554e-002
4.2800000000000000e+002 	1.8757541053079807e-002 	4.9164343422560279e-004 	1.9249184487305407e-002
4.4080000000000001e+002 	1.8023531736979688e-002 	4.8163235143350921e-004 	1.8505164088413198e-002
4.5360000000000002e+002 	1.7333122417810386e-002 	4.7155209322492309e-004 	1.7804674511035307e-002
4.6639999999999998e+002 	1.6682943567493558e-002 	4.6144705646064684e-004 	1.7144390623954196e-002
4.7919999999999999e+002 	1.6069937877171675e-002 	4.5135526316348207e-004 	1.6521293140335163e-002
4.9200000000000000e+002 	1.5491327236993157e-002 	4.4130911584743801e-004 	1.5932636352840597e-002
5.0480000000000001e+002 	1.4944583559426761e-002 	4.3133608562887762e-004 	1.5375919645055636e-002
5.1759999999999991e+002 	1.4427402970329203e-002 	4.2145933213948047e-004 	1.4848862302468686e-002
5.3039999999999998e+002 	1.3937682951823523e-002 	4.1169825314595141e-004 	1.4349381204969473e-002
5.4320000000000005e+002 	1.3473502073991403e-002 	4.0217048766998906e-004 	1.3875672561661388e-002
5.6879999999999995e+002 	1.2621810741024184e-002 	3.8362027038914043e-004 	1.3005431011413326e-002
5.9440000000000009e+002 	1.1835091454755749e-002 	3.6550965567273852e-004 	1.2200601110428482e-002
6.2000000000000000e+002 	1.1130138640863478e-002 	3.4801733890014259e-004 	1.1478155979763621e-002
6.4559999999999991e+002 	1.0489234516867623e-002 	3.3124147359317571e-004 	1.0820475990460796e-002
6.7120000000000005e+002 	9.9047554714598619e-003 	3.1521904563635818e-004 	1.0219974517096220e-002
6.9679999999999995e+002 	9.3701427667003678e-003 	2.9994753391575276e-004 	9.6700903006161198e-003
7.2240000000000009e+002 	8.8797537008464371e-003 	2.8541004096002882e-004 	9.1651637418064622e-003
7.4800000000000000e+002 	8.4287213612393667e-003 	2.7158525176533115e-004 	8.7003066130046987e-003
7.7359999999999991e+002 	8.0128334099901118e-003 	2.5844995452456519e-004 	8.2712833645146762e-003
7.9920000000000005e+002 	7.6284304188486869e-003 	2.4597955306596467e-004 	7.8744099719146535e-003
8.2479999999999995e+002 	7.2723214139413569e-003 	2.3414834453785495e-004 	7.5064697584792135e-003
8.5040000000000009e+002 	6.9417138096003819e-003 	2.2292988910087001e-004 	7.1646436987012506e-003
8.7600000000000000e+002 	6.6341551568975003e-003 	2.1229743222807236e-004 	6.8464525891255732e-003
9.0159999999999991e+002 	6.3474845452381320e-003 	2.0222429002082155e-004 	6.5497088352589545e-003
9.2720000000000005e+002 	6.0797918955136972e-003 	1.9268414813986516e-004 	6.2724760436535659e-003
9.5279999999999995e+002 	5.8293837236240839e-003 	1.8365128874998365e-004 	6.0130350123740661e-003
9.7840000000000009e+002 	5.5947542295679553e-003 	1.7510075518908032e-004 	5.7698549847570342e-003
1.0040000000000000e+003 	5.3745607881430539e-003 	1.6700845412145576e-004 	5.5415692422645111e-003
1.0296000000000001e+003 	5.1676030928680681e-003 	1.5935121787594215e-004 	5.3269543107440104e-003
1.0551999999999998e+003 	4.9728053445236451e-003 	1.5210683893757368e-004 	5.1249121834612190e-003
1.0808000000000000e+003 	4.7892009871839010e-003 	1.4525408129805644e-004 	4.9344550684819561e-003
1.1064000000000001e+003 	4.6159195840207723e-003 	1.3877267526885871e-004 	4.7546922592896328e-003
1.1320000000000000e+003 	4.4521754970362690e-003 	1.3279821573973830e-004 	4.5849737127760049e-003
1.1832000000000000e+003 	4.1527345571058128e-003 	1.2184510143261380e-004 	4.2745796585384258e-003
1.2343999999999999e+003 	3.8777375377276714e-003 	1.1174382188709895e-004 	3.9894813596147707e-003
1.2856000000000001e+003 	3.6322799007654527e-003 	1.0265192686364899e-004 	3.7349318276291019e-003
1.3368000000000000e+003 	3.4099786570594179e-003 	9.4526352598982275e-005 	3.5045050096584006e-003
1.3880000000000000e+003 	3.2079406290931914e-003 	8.7284698399088818e-005 	3.2952253274922791e-003
1.4392000000000000e+003 	3.0237095378181098e-003 	8.0834141413311229e-005 	3.1045436792314232e-003
1.4903999999999999e+003 	2.8551971645262501e-003 	7.5087641136672352e-005 	2.9302848056629218e-003
1.5416000000000001e+003 	2.7006210986054570e-003 	6.9967957660193106e-005 	2.7705890562656505e-003
1.5928000000000000e+003 	2.5584524878687143e-003 	6.5407013663901478e-005 	2.6238595015326146e-003
1.6440000000000000e+003 	2.4273732961032149e-003 	6.1344428858583873e-005 	2.4887177249617982e-003
1.6952000000000000e+003 	2.3062415838039983e-003 	5.7726327136325484e-005 	2.3639679109403238e-003
1.7463999999999999e+003 	2.1940632866714609e-003 	5.4504480871446847e-005 	2.2485677675429068e-003
1.7976000000000001e+003 	2.0899691858899151e-003 	5.1635669384007800e-005 	2.1416048552739234e-003
1.8488000000000000e+003 	1.9931960180431751e-003 	4.9081156039173492e-005 	2.0422771740823483e-003
1.9000000000000000e+003 	1.9030708949682583e-003 	4.6806236678967263e-005 	1.9498771316472261e-003
1.9512000000000000e+003 	1.8189983828749698e-003 	4.4779840250991519e-005 	1.8637782231259610e-003
2.0024000000000001e+003 	1.7404497297752366e-003 	4.2974167006225071e-005 	1.7834238967814611e-003
2.0535999999999999e+003 	1.6669538382466230e-003 	4.1364362000649033e-005 	1.7083182002472724e-003
2.1048000000000002e+003 	1.5980896639907593e-003 	3.9928219641673848e-005 	1.6380178836324336e-003
2.1560000000000000e+003 	1.5334797853457643e-003 	3.8645916446779996e-005 	1.5721257017925442e-003
2.2071999999999998e+003 	1.4727849393323764e-003 	3.7499767936147094e-005 	1.5102847072685228e-003
2.2584000000000001e+003 	1.4156993593702509e-003 	3.6531350838736216e-005 	1.4522307102089876e-003
2.3607999999999997e+003 	1.3119866133449280e-003 	3.4889737172337818e-005 	1.3468763505172659e-003
2.4632000000000003e+003 	1.2176863710070100e-003 	3.3439195092363233e-005 	1.2511255660993732e-003
2.5655999999999999e+003 	1.1343310629781133e-003 	3.2229099804327860e-005 	1.1665601627824413e-003
2.6680000000000000e+003 	1.0595927911829996e-003 	3.1231662085879712e-005 	1.0908244532688792e-003
2.7704000000000001e+003 	9.9234988157422747e-004 	3.0402620064293643e-005 	1.0227525016385209e-003
2.8727999999999997e+003 	9.3165042715074816e-004 	2.9700189010244373e-005 	9.6135061616099270e-004
2.9752000000000003e+003 	8.7668562717945939e-004 	2.9091518676422995e-005 	9.0577714585588236e-004
3.0775999999999999e+003 	8.2676575320953600e-004 	2.8552060547440919e-005 	8.5531781375697681e-004
3.1800000000000000e+003 	7.8130001027369061e-004 	2.8063509187680608e-005 	8.0936351946137095e-004
3.2824000000000001e+003 	7.3978006651231572e-004 	2.7612121278958199e-005 	7.6739218779127362e-004
3.3847999999999997e+003 	7.0176665946564381e-004 	2.7187558248101817e-005 	7.2895421771374566e-004
3.4872000000000003e+003 	6.6687868348443103e-004 	2.6782078757932951e-005 	6.9366076224236376e-004
3.5895999999999999e+003 	6.3478425476990829e-004 	2.6389943445738011e-005 	6.6117419821564631e-004
3.6920000000000000e+003 	6.0519335223898089e-004 	2.6006960410677403e-005 	6.3120031264965806e-004
3.7944000000000001e+003 	5.7785171963908367e-004 	2.5630130636338607e-005 	6.0348185027542223e-004
3.8967999999999997e+003 	5.5253578347998298e-004 	2.5257368960475039e-005 	5.7779315244045799e-004
3.9992000000000003e+003 	5.2904839463851084e-004 	2.4887286579767404e-005 	5.5393568121827827e-004
4.1016000000000004e+003 	5.0721524227880389e-004 	2.4519019335888068e-005 	5.3173426161469189e-004
4.2040000000000000e+003 	4.8688181999491885e-004 	2.4152093843158442e-005 	5.1103391383807730e-004
4.3063999999999996e+003 	4.6791084819304974e-004 	2.3786323335217154e-005 	4.9169717152826677e-004
4.4088000000000002e+003 	4.5018007545761293e-004 	2.3421726736289279e-005 	4.7360180219390232e-004
4.5111999999999998e+003 	4.3358039630285461e-004 	2.3069819850565514e-005 	4.5665021615341988e-004
4.7160000000000000e+003 	4.0361795994701342e-004 	2.2368149708248192e-005 	4.2598610965526154e-004
4.9208000000000002e+003 	3.7647794592018420e-004 	2.1645569648993822e-005 	3.9812351556917807e-004
5.1256000000000004e+003 	3.5263430649355319e-004 	2.0934493655932711e-005 	3.7356880014948591e-004
5.3303999999999996e+003 	3.3131976892331554e-004 	2.0244690327334021e-005 	3.5156445925064956e-004
5.5351999999999998e+003 	3.1216833664423173e-004 	1.9575815097209903e-005 	3.3174415174144171e-004
5.7400000000000000e+003 	2.9487640684444893e-004 	1.8926938690144730e-005 	3.1380334553459354e-004
5.9448000000000002e+003 	2.7919191634191508e-004 	1.8298249869860083e-005 	2.9749016621177506e-004
6.1496000000000004e+003 	2.6490477573460529e-004 	1.7690418673340383e-005 	2.8259519440794581e-004
6.3543999999999996e+003 	2.5183898750095947e-004 	1.7104055464833502e-005 	2.6894304296579293e-004
6.5591999999999998e+003 	2.3984630586456536e-004 	1.6539516746052366e-005 	2.5638582261061773e-004
6.7640000000000000e+003 	2.2880117246467028e-004 	1.5996886468131055e-005 	2.4479805893280136e-004
6.9688000000000002e+003 	2.1859667003330943e-004 	1.5476013951219000e-005 	2.3407268398452846e-004
7.1736000000000004e+003 	2.0914127848534951e-004 	1.4976561417816196e-005 	2.2411783990316562e-004
7.3783999999999996e+003 	2.0035626220245910e-004 	1.4498047810994403e-005 	2.1485431001345347e-004
7.5831999999999998e+003 	1.9217355503215320e-004 	1.4039886092156074e-005 	2.0621344112430927e-004
7.7880000000000000e+003 	1.8453403943489939e-004 	1.3601413709616760e-005 	1.9813545314451608e-004
7.9928000000000002e+003 	1.7738613931562341e-004 	1.3181917330112744e-005 	1.9056805664573607e-004
8.1976000000000004e+003 	1.7068466377983459e-004 	1.2780653115821355e-005 	1.8346531689565591e-004
8.4023999999999996e+003 	1.6438985261868868e-004 	1.2396862309219314e-005 	1.7678671492790806e-004
8.6072000000000007e+003 	1.5846658475969467e-004 	1.2029783548239622e-005 	1.7049636830793430e-004
8.8120000000000000e+003 	1.5288371898049800e-004 	1.1689557103286684e-005 	1.6457327608378477e-004
9.2216000000000004e+003 	1.4273252307188175e-004 	1.1050562169596747e-005 	1.5378308524147851e-004
9.6311999999999989e+003 	1.3338538406929465e-004 	1.0440691262534262e-005 	1.4382607533182883e-004
1.0040800000000001e+004 	1.2509013573740901e-004 	9.8817362366879927e-006 	1.3497187197409705e-004
1.0450400000000000e+004 	1.1759159885690362e-004 	9.3712408571097192e-006 	1.2696283971401332e-004
1.0860000000000000e+004 	1.1078546373775439e-004 	8.9030379871195172e-006 	1.1968850172487388e-004
1.1269600000000000e+004 	1.0458444192644758e-004 	8.4721402202536817e-006 	1.1305658214670128e-004
1.1679199999999999e+004 	9.8915214085018631e-005 	8.0747223008049921e-006 	1.0698993638582362e-004
1.2088800000000001e+004 	9.3715806054898873e-005 	7.7075813367580112e-006 	1.0142338739165693e-004
1.2498400000000000e+004 	8.8933470197294305e-005 	7.3678861701130677e-006 	9.6301356367407384e-005
1.2908000000000000e+004 	8.4523008499689237e-005 	7.0530944894822693e-006 	9.1576102989171491e-005
1.3317600000000000e+004 	8.0445448712060082e-005 	6.7609196461807833e-006 	8.7206368358240887e-005
1.3727200000000001e+004 	7.6666994004774149e-005 	6.4893066700031346e-006 	8.3156300674777314e-005
1.4136799999999999e+004 	7.3158182952743226e-005 	6.2364096129065174e-006 	7.9394592565649780e-005
1.4546400000000000e+004 	6.9893211711808149e-005 	6.0005698309375391e-006 	7.5893781542745695e-005
1.4956000000000000e+004 	6.6849382204421225e-005 	5.7802957119430617e-006 	7.2629677916364306e-005
1.5365600000000000e+004 	6.4006649113599619e-005 	5.5742445441946055e-006 	6.9580893657794217e-005
1.5775200000000001e+004 	6.1347245107611664e-005 	5.3812060454840184e-006 	6.6728451153095692e-005
1.6184799999999999e+004 	5.8855368588151101e-005 	5.2000879908430996e-006 	6.4055456578994199e-005
1.6594400000000001e+004 	5.6516921851501526e-005 	5.0299034644207676e-006 	6.1546825315922303e-005
1.7004000000000000e+004 	5.4319290231596534e-005 	4.8697596919678876e-006 	5.9189049923564420e-005
1.7413599999999999e+004 	5.2251154808567209e-005 	4.7188481160170458e-006 	5.6970002924584245e-005
1.7823200000000001e+004 	5.0302332798020784e-005 	4.5764354960049644e-006 	5.4878768294025756e-005
1.8232799999999999e+004 	4.8463640911651814e-005 	4.4418562326018383e-006 	5.2905497144253636e-005
1.8642399999999998e+004 	4.6726777891054386e-005 	4.3145056776995290e-006 	5.1041283568753909e-005
1.9052000000000000e+004 	4.5084223129783988e-005 	4.1938338084792811e-006 	4.9278056938263266e-005
1.9461600000000002e+004 	4.3529148860971126e-005 	4.0793397480202736e-006 	4.7608488608991397e-005
1.9871200000000001e+004 	4.2055343835405084e-005 	3.9705671472442835e-006 	4.6025910982649349e-005
2.0280799999999999e+004 	4.0657146773348711e-005 	3.8670996757851237e-006 	4.4524246449133835e-005
2.0690400000000001e+004 	3.9329388162606281e-005 	3.7685572214981824e-006 	4.3097945384104474e-005
2.1100000000000000e+004 	3.8067339210055545e-005 	3.6745924036141319e-006 	4.1741931613669664e-005
2.1509599999999999e+004 	3.6866666945501155e-005 	3.5848874080274128e-006 	4.0451554353528579e-005
2.1919200000000001e+004 	3.5723394634148524e-005 	3.4991514153411090e-006 	3.9222546049489640e-005
2.2328800000000003e+004 	3.4633866783773309e-005 	3.4171179582735484e-006 	3.8050984742046847e-005
2.2738399999999998e+004 	3.3594718140311477e-005 	3.3385425212942892e-006 	3.6933260661605771e-005
2.3148000000000000e+004 	3.2602846155219843e-005 	3.2632006369145179e-006 	3.5866046792134361e-005
2.3557600000000002e+004 	3.1655386482921161e-005 	3.1908861072033238e-006 	3.4846272590124482e-005
2.3967199999999997e+004 	3.0749691129482122e-005 	3.1214093179562414e-006 	3.3871100447438359e-005
2.4376799999999999e+004 	2.9883308926739853e-005 	3.0545957195128151e-006 	3.2937904646252657e-005
2.4786400000000001e+004 	2.9053968050725194e-005 	2.9902845190686451e-006 	3.2044252569793822e-005
2.5196000000000000e+004 	2.8259560341464985e-005 	2.9283274412013028e-006 	3.1187887782666288e-005
2.5605599999999999e+004 	2.7498127213181714e-005 	2.8675118525844852e-006 	3.0365639065766206e-005
-1750 0
-1.7500000000000000e+003 0.0000000000000000e+000 0.0000000000000000e+000
1
1 1 1 1
1
         t, ms                         dVp, mV                         dVs, mV                         dV, mV
2.5000000000000000e-001 	2.9676737069501562e-002 	5.6301228198146341e-003 	3.5306859889316200e-002
2.9999999999999999e-001 	2.9725946722850460e-002 	5.6226003530202937e-003 	3.5348547075870762e-002
3.4999999999999998e-001 	2.9750822533215256e-002 	5.6154728577665703e-003 	3.5366295390981843e-002
4.0000000000000002e-001 	2.9769584408381053e-002 	5.6090782765118663e-003 	3.5378662684892911e-002
4.5000000000000001e-001 	2.9786291558019623e-002 	5.6033086442180439e-003 	3.5389600202237671e-002
5.0000000000000000e-001 	2.9801771809517354e-002 	5.5980706316125202e-003 	3.5399842441129883e-002
5.5000000000000004e-001 	2.9816192907958637e-002 	5.5932872609301010e-003 	3.5409480168888736e-002
5.9999999999999998e-001 	2.9829618590771417e-002 	5.5888958426425772e-003 	3.5418514433414004e-002
6.5000000000000002e-001 	2.9842110789497094e-002 	5.5848453819889645e-003 	3.5426956171486064e-002
6.9999999999999996e-001 	2.9853739047531323e-002 	5.5810942550962609e-003 	3.5434833302627596e-002
7.5000000000000000e-001 	2.9864575538785756e-002 	5.5776082848339788e-003 	3.5442183823619744e-002
8.0000000000000004e-001 	2.9874690490911245e-002 	5.5743591852276579e-003 	3.5449049676138912e-002
8.4999999999999998e-001 	2.9884149643125357e-002 	5.5713233232695019e-003 	3.5455472966394869e-002
9.0000000000000002e-001 	2.9893013174964001e-002 	5.5684807392150050e-003 	3.5461493914179007e-002
9.4999999999999996e-001 	2.9901335474950996e-002 	5.5658143789620715e-003 	3.5467149853913062e-002
1.0000000000000000e+000 	2.9909165354345724e-002 	5.5633094977413011e-003 	3.5472474852087030e-002
1.0500000000000000e+000 	2.9916546453613520e-002 	5.5609531977274885e-003 	3.5477499651341018e-002
1.1000000000000001e+000 	2.9923517734629222e-002 	5.5587340710552139e-003 	3.5482251805684428e-002
1.1499999999999999e+000 	2.9930113979009625e-002 	5.5566419243380698e-003 	3.5486755903347697e-002
1.2000000000000000e+000 	2.9936366257853991e-002 	5.5547069428710377e-003 	3.5491073200725018e-002
1.3000000000000000e+000 	3.0067209450639655e-002 	5.5511551031844613e-003 	3.5618364553824104e-002
1.3999999999999999e+000 	2.9958509789776568e-002 	5.5478972916111376e-003 	3.5506407081387699e-002
1.5000000000000000e+000 	2.9968110400882136e-002 	5.5449593829328091e-003 	3.5513069783814924e-002
1.6000000000000001e+000 	2.9976904388802947e-002 	5.5423070836586198e-003 	3.5519211472461558e-002
1.7000000000000000e+000 	2.9984996861460670e-002 	5.5399052422849060e-003 	3.5524902103745586e-002
1.8000000000000000e+000 	2.9992475542910371e-002 	5.5377212918829308e-003 	3.5530196834793290e-002
1.8999999999999999e+000 	2.9999413865350683e-002 	5.5357260631291247e-003 	3.5535139928479835e-002
2.0000000000000000e+000 	3.0005873656452652e-002 	5.5338937624584868e-003 	3.5539767418911128e-002
2.1000000000000001e+000 	3.0011907326620162e-002 	5.5322017138251210e-003 	3.5544109040445283e-002
2.2000000000000002e+000 	3.0017559611544967e-002 	5.5306300591622792e-003 	3.5548189670707241e-002
2.2999999999999998e+000 	3.0022868948078135e-002 	5.5291614727747147e-003 	3.5552030420852851e-002
2.3999999999999999e+000 	3.0027868567427195e-002 	5.5277808998819367e-003 	3.5555649467309138e-002
2.5000000000000000e+000 	3.0032587370391672e-002 	5.5264753157420682e-003 	3.5559062686133729e-002
2.6000000000000001e+000 	3.0037050625061425e-002 	5.5252335040810088e-003 	3.5562284129142425e-002
2.7000000000000002e+000 	3.0041280538759547e-002 	5.5240458528489069e-003 	3.5565326391608462e-002
2.7999999999999998e+000 	3.0045296716578681e-002 	5.5229041625678424e-003 	3.5568200879146521e-002
2.8999999999999999e+000 	3.0049116543027176e-002 	5.5218014707946201e-003 	3.5570918013821798e-002
3.0000000000000000e+000 	3.0052755490048523e-002 	5.5207318924215152e-003 	3.5573487382470036e-002
3.1000000000000001e+000 	3.0056227380308984e-002 	5.5196904738113225e-003 	3.5575917854120301e-002
3.2000000000000002e+000 	3.0059544598169889e-002 	5.5186730600512227e-003 	3.5578217658221126e-002
3.2999999999999998e+000 	3.0062718273200735e-002 	5.5176761801673732e-003 	3.5580394453368108e-002
3.3999999999999999e+000 	3.0065758433035245e-002 	5.5167026623389979e-003 	3.5582461095374253e-002
3.6000000000000001e+000 	3.0106481077757770e-002 	5.5147959958475610e-003 	3.5621277073605330e-002
3.7999999999999998e+000 	3.0076772975156572e-002 	5.5129233703259386e-003 	3.5589696345482515e-002
4.0000000000000000e+000 	3.0081676391014285e-002 	5.5110898962486693e-003 	3.5592766287262954e-002
4.2000000000000002e+000 	3.0086237521606871e-002 	5.5092884240415599e-003 	3.5595525945648424e-002
4.4000000000000004e+000 	3.0090494332834606e-002 	5.5075133510265623e-003 	3.5598007683861170e-002
4.5999999999999996e+000 	3.0094479972514680e-002 	5.5057613025663787e-003 	3.5600241275081060e-002
4.7999999999999998e+000 	3.0098223773848305e-002 	5.5040304861770197e-003 	3.5602254260025328e-002
5.0000000000000000e+000 	3.0101752095559063e-002 	5.5023200529341863e-003 	3.5604072148493253e-002
5.2000000000000002e+000 	3.0105088953122611e-002 	5.5006297279618409e-003 	3.5605718681084440e-002
5.4000000000000004e+000 	3.0108256453619774e-002 	5.4989596255218560e-003 	3.5607216079141621e-002
5.5999999999999996e+000 	3.0111275064259493e-002 	5.4973101519170710e-003 	3.5608585216176554e-002
5.7999999999999998e+000 	3.0114163760605092e-002 	5.4956819490102381e-003 	3.5609845709615333e-002
6.0000000000000000e+000 	3.0116940089823657e-002 	5.4940758531804006e-003 	3.5611015943004053e-002
6.2000000000000002e+000 	3.0119620178498778e-002 	5.4924928595084677e-003 	3.5612113038007251e-002
6.4000000000000004e+000 	3.0122218719303994e-002 	5.4909340861834053e-003 	3.5613152805487394e-002
6.5999999999999996e+000 	3.0124748947229173e-002 	5.4894007423530056e-003 	3.5614149689582181e-002
6.7999999999999998e+000 	3.0127222626487222e-002 	5.4878940964259004e-003 	3.5615116722913120e-002
7.0000000000000000e+000 	3.0129650047865535e-002 	5.4864154450490858e-003 	3.5616065492914621e-002
7.2000000000000002e+000 	3.0132040050992355e-002 	5.4849660845712371e-003 	3.5617006135563581e-002
7.4000000000000004e+000 	3.0134400061737864e-002 	5.4835472836669320e-003 	3.5617947345404792e-002
7.5999999999999996e+000 	3.0136736148535383e-002 	5.4821734750576077e-003 	3.5618909623593008e-002
8.0000000000000000e+000 	3.0160208801338972e-002 	5.4795314069230406e-003 	3.5639740208262015e-002
8.4000000000000004e+000 	3.0145922668032257e-002 	5.4770044997203924e-003 	3.5622927167752651e-002
8.8000000000000007e+000 	3.0150438084770387e-002 	5.4746187686642214e-003 	3.5625056853434603e-002
9.1999999999999993e+000 	3.0154900755546016e-002 	5.4723804455380524e-003 	3.5627281201084070e-002
9.5999999999999996e+000 	3.0159298266940571e-002 	5.4702919065429947e-003 	3.5629590173483563e-002
1.0000000000000000e+001 	3.0163611328197674e-002 	5.4683531770466408e-003 	3.5631964505244307e-002
1.0400000000000000e+001 	3.0167815966296450e-002 	5.4665624838575368e-003 	3.5634378450153992e-002
1.0800000000000001e+001 	3.0171885461547948e-002 	5.4649164757839576e-003 	3.5636801937331916e-002
1.1199999999999999e+001 	3.0175791938197177e-002 	5.4634104168917392e-003 	3.5639202355088911e-002
1.1600000000000000e+001 	3.0179507615034715e-002 	5.4620384212563941e-003 	3.5641546036291084e-002
1.2000000000000000e+001 	3.0183005739862011e-002 	5.4607937104522251e-003 	3.5643799450314241e-002
1.2400000000000000e+001 	3.0186261251899771e-002 	5.4596688655679923e-003 	3.5645930117467764e-002
1.2800000000000001e+001 	3.0189251222358788e-002 	5.4586560521095642e-003 	3.5647907274468330e-002
1.3199999999999999e+001 	3.0191955115005505e-002 	5.4577472150056103e-003 	3.5649702330011107e-002
1.3600000000000000e+001 	3.0194354908309018e-002 	5.4569342424287985e-003 	3.5651289150737814e-002
1.4000000000000000e+001 	3.0196435114926388e-002 	5.4562090973298890e-003 	3.5652644212256272e-002
1.4400000000000000e+001 	3.0198182724544470e-002 	5.4555639220762392e-003 	3.5653746646620708e-002
1.4800000000000001e+001 	3.0199587096220393e-002 	5.4549911166725980e-003 	3.5654578212893001e-002
1.5199999999999999e+001 	3.0200639815136317e-002 	5.4544833961390074e-003 	3.5655123211275341e-002
1.5600000000000000e+001 	3.0201334529552707e-002 	5.4540338296352594e-003 	3.5655368359187950e-002
1.6000000000000000e+001 	3.0201666779320912e-002 	5.4536515836067700e-003 	3.5655318362927686e-002
1.6800000000000001e+001 	3.0214241106414474e-002 	5.4530124619336260e-003 	3.5667253568348108e-002
1.7600000000000001e+001 	3.0199344508873360e-002 	5.4524701063823266e-003 	3.5651814615255698e-002
1.8399999999999999e+001 	3.0196011849166367e-002 	5.4520201249247929e-003 	3.5648031974091166e-002
1.9199999999999999e+001 	3.0191265562982159e-002 	5.4516359791986152e-003 	3.5642901542180784e-002
2.0000000000000000e+001 	3.0185145683369070e-002 	5.4512858955355356e-003 	3.5636431578904601e-002
2.0800000000000001e+001 	3.0177700751178461e-002 	5.4509420266799953e-003 	3.5628642777858467e-002
2.1600000000000001e+001 	3.0168985426507665e-002 	5.4505810481731152e-003 	3.5619566474680786e-002
2.2399999999999999e+001 	3.0159058464290674e-002 	5.4501817811431555e-003 	3.5609240245433833e-002
2.3199999999999999e+001 	3.0147981061960871e-002 	5.4497237597102366e-003 	3.5597704821671100e-002
2.4000000000000000e+001 	3.0135815537624375e-002 	5.4491869305087169e-003 	3.5585002468133092e-002
2.4800000000000001e+001 	3.0122624287028367e-002 	5.4485517438060743e-003 	3.5571176030834449e-002
2.5600000000000001e+001 	3.0108468968038662e-002 	5.4477992143905770e-003 	3.5556268182429233e-002
2.6399999999999999e+001 	3.0093409869038922e-002 	5.4469108819748058e-003 	3.5540320751013717e-002
2.7199999999999999e+001 	3.0077505425351692e-002 	5.4458687283351513e-003 	3.5523374153686837e-002
2.8000000000000000e+001 	3.0060811853996214e-002 	5.4446551092800950e-003 	3.5505466963276298e-002
2.8800000000000001e+001 	3.0043382884155270e-002 	5.4432527273775237e-003 	3.5486635611532792e-002
2.9600000000000001e+001 	3.0025269564828923e-002 	5.4416446439098090e-003 	3.5466914208738737e-002
3.0399999999999999e+001 	3.0006520135478738e-002 	5.4398143203762423e-003 	3.5446334455854996e-002
3.1199999999999999e+001 	2.9987179948501887e-002 	5.4377456823093001e-003 	3.5424925630811198e-002
3.2000000000000000e+001 	2.9967291433091361e-002 	5.4354231945378372e-003 	3.5402714627629200e-002
3.2800000000000004e+001 	2.9946894095006976e-002 	5.4328319400865095e-003 	3.5379726035093491e-002
3.3600000000000001e+001 	2.9926024544275977e-002 	5.4299577011107649e-003 	3.5355982245386754e-002
3.4399999999999999e+001 	2.9904716546730808e-002 	5.4266624053180479e-003 	3.5331378952048846e-002
3.6000000000000000e+001 	2.9866168694847098e-002 	5.4190763065675622e-003 	3.5285245001414674e-002
3.7600000000000001e+001 	2.9815747889020153e-002 	5.4103873423466658e-003 	3.5226135231366806e-002
3.9199999999999996e+001 	2.9769304602584871e-002 	5.4003358174867120e-003 	3.5169640420071591e-002
4.0800000000000004e+001 	2.9721749921398054e-002 	5.3888506910039422e-003 	3.5110600612401996e-002
4.2399999999999999e+001 	2.9673194134051561e-002 	5.3758884140280537e-003 	3.5049082548079605e-002
4.4000000000000000e+001 	2.9623720647658388e-002 	5.3614255843411592e-003 	3.4985146231999539e-002
4.5600000000000001e+001 	2.9573389142708836e-002 	5.3454545454026496e-003 	3.4918843688111482e-002
4.7199999999999996e+001 	2.9522239009028867e-002 	5.3279819034833288e-003 	3.4850220912512206e-002
4.8800000000000004e+001 	2.9470292707113530e-002 	5.3090278796424119e-003 	3.4779320586755938e-002
5.0399999999999999e+001 	2.9417558908827867e-002 	5.2886252389937032e-003 	3.4706184147821562e-002
5.2000000000000000e+001 	2.9364035354102504e-002 	5.2668177703944228e-003 	3.4630853124496937e-002
5.3600000000000001e+001 	2.9309711400193089e-002 	5.2436586168287322e-003 	3.4553370017021814e-002
5.5199999999999996e+001 	2.9254570259811447e-002 	5.2192086450871516e-003 	3.4473778904898604e-002
5.6800000000000004e+001 	2.9198590936577250e-002 	5.1935349162033984e-003 	3.4392125852780654e-002
5.8399999999999999e+001 	2.9141749873804655e-002 	5.1667092664643274e-003 	3.4308459140268976e-002
6.0000000000000000e+001 	2.9084022337473793e-002 	5.1388070023692233e-003 	3.4222829339843025e-002
6.1600000000000001e+001 	2.9025383556537523e-002 	5.1099057148181757e-003 	3.4135289271355694e-002
6.3200000000000003e+001 	2.8965809645458647e-002 	5.0800842172585665e-003 	3.4045893862717211e-002
6.4799999999999997e+001 	2.8905278333054424e-002 	5.0494216088251744e-003 	3.3954699941879593e-002
6.6400000000000006e+001 	2.8843769522784311e-002 	5.0179964619624200e-003 	3.3861765984746731e-002
6.8000000000000000e+001 	2.8781265705887342e-002 	4.9858861303457239e-003 	3.3767151836233050e-002
6.9599999999999994e+001 	2.8717752249514387e-002 	4.9529875406177483e-003 	3.3670739790132138e-002
7.2799999999999997e+001 	2.8589479776185183e-002 	4.8857353047908388e-003 	3.3475215080976013e-002
7.6000000000000000e+001 	2.8453417523306847e-002 	4.8173380809931367e-003 	3.3270755604299991e-002
7.9200000000000003e+001 	2.8315065722875003e-002 	4.7478942961100496e-003 	3.3062960018985059e-002
8.2400000000000006e+001 	2.8172632398161607e-002 	4.6777912752653597e-003 	3.2850423673426957e-002
8.5599999999999994e+001 	2.8026198009315998e-002 	4.6074024870414688e-003 	3.2633600496357461e-002
8.8799999999999997e+001 	2.7875878071255931e-002 	4.5370634121807991e-003 	3.2412941483436750e-002
9.2000000000000000e+001 	2.7721817893617214e-002 	4.4670647251254733e-003 	3.2188882618742691e-002
9.5200000000000003e+001 	2.7564187055105948e-002 	4.3976523057254963e-003 	3.1961839360831433e-002
9.8400000000000006e+001 	2.7403174049016533e-002 	4.3290300776858926e-003 	3.1732204126702447e-002
1.0159999999999999e+002 	2.7238981336146238e-002 	4.2613639740993877e-003 	3.1500345310245613e-002
1.0480000000000001e+002 	2.7071820924881675e-002 	4.1947862228686877e-003 	3.1266607147750369e-002
1.0800000000000000e+002 	2.6901910524552923e-002 	4.1293995626276369e-003 	3.1031310087180557e-002
1.1119999999999999e+002 	2.6729470272271152e-002 	4.0652812147887697e-003 	3.0794751487059915e-002
1.1440000000000001e+002 	2.6554720004023858e-002 	4.0024865391229802e-003 	3.0557206543146836e-002
1.1759999999999999e+002 	2.6377877025420188e-002 	3.9410523468348729e-003 	3.0318929372255062e-002
1.2080000000000001e+002 	2.6199154328024766e-002 	3.8809998652523216e-003 	3.0080154193277090e-002
1.2400000000000000e+002 	2.6018759196026222e-002 	3.8223373593732736e-003 	2.9841096555399502e-002
1.2720000000000000e+002 	2.5836892148509240e-002 	3.7650624274320529e-003 	2.9601954575941294e-002
1.3039999999999998e+002 	2.5653746165968393e-002 	3.7091639928255181e-003 	2.9362910158793915e-002
1.3359999999999999e+002 	2.5469506154882766e-002 	3.6546240182488096e-003 	2.9124130173131587e-002
1.3680000000000001e+002 	2.5284348608815448e-002 	3.6014189684096766e-003 	2.8885767577225118e-002
1.4000000000000000e+002 	2.5098441429662281e-002 	3.5500030717247884e-003 	2.8648444501387073e-002
1.4640000000000001e+002 	2.4727380132642526e-002 	3.4510323115776540e-003 	2.8178412444220174e-002
1.5279999999999998e+002 	2.4350774036783398e-002 	3.3558991059946608e-003 	2.7706673142778065e-002
1.5920000000000002e+002 	2.3976163649471239e-002 	3.2651590564462024e-003 	2.7241322705917437e-002
1.6559999999999999e+002 	2.3602267288577370e-002 	3.1786237384588785e-003 	2.6780891027036256e-002
1.7200000000000000e+002 	2.3229887527483808e-002 	3.0960494844502143e-003 	2.6325937011934013e-002
1.7840000000000001e+002 	2.2859727536906658e-002 	3.0171802861462989e-003 	2.5876907823052957e-002
1.8479999999999998e+002 	2.2492397782548634e-002 	2.9417649059924620e-003 	2.5434162688541088e-002
1.9120000000000002e+002 	2.2128424427245830e-002 	2.8695648707747533e-003 	2.4997989298020589e-002
1.9759999999999999e+002 	2.1768257905356796e-002 	2.8003579615804453e-003 	2.4568615866937236e-002
2.0400000000000000e+002 	2.1412281085185454e-002 	2.7339391649520723e-003 	2.4146220250137532e-002
2.1040000000000001e+002 	2.1060816802954206e-002 	2.6701203349342685e-003 	2.3730937137888472e-002
2.1679999999999998e+002 	2.0714134704977783e-002 	2.6087292887952683e-003 	2.3322863993773053e-002
2.2320000000000002e+002 	2.0372457402877686e-002 	2.5496086864896096e-003 	2.2922066089367300e-002
2.2959999999999999e+002 	2.0035965978321284e-002 	2.4926148502690390e-003 	2.2528580828590328e-002
2.3600000000000000e+002 	1.9704804887647830e-002 	2.4376165940532117e-003 	2.2142421481701046e-002
2.4240000000000001e+002 	1.9379086321672141e-002 	2.3844940975289194e-003 	2.1763580419201057e-002
2.4879999999999998e+002 	1.9058894075926966e-002 	2.3331378439639225e-003 	2.1392031919890885e-002
2.5519999999999999e+002 	1.8744286984053806e-002 	2.2834476328495025e-003 	2.1027734616903306e-002
2.6160000000000002e+002 	1.8435301962903564e-002 	2.2353316755170361e-003 	2.0670633638420602e-002
2.6800000000000000e+002 	1.8131956713718755e-002 	2.1887057704108939e-003 	2.0320662484129653e-002
2.7439999999999998e+002 	1.7834252118757776e-002 	2.1439922159478004e-003 	1.9978244334705582e-002
2.8719999999999999e+002 	1.7259213673080628e-002 	2.0585521851991485e-003 	1.9317765858279771e-002
3.0000000000000000e+002 	1.6699221840520216e-002 	1.9769296158569909e-003 	1.8676151456377205e-002
3.1280000000000001e+002 	1.6164577112118488e-002 	1.8996031903762483e-003 	1.8064180302494737e-002
3.2560000000000002e+002 	1.5651204915594994e-002 	1.8263158410409556e-003 	1.7477520756635948e-002
3.3839999999999998e+002 	1.5158512953391871e-002 	1.7567811491630467e-003 	1.6915294102554913e-002
3.5119999999999999e+002 	1.4685848101902483e-002 	1.6907213894369381e-003 	1.6376569491339425e-002
3.6400000000000000e+002 	1.4232516214201770e-002 	1.6278824835049205e-003 	1.5860398697706696e-002
3.7680000000000001e+002 	1.3797798289420191e-002 	1.5680371465487809e-003 	1.5365835435968972e-002
3.8960000000000002e+002 	1.3380963369790016e-002 	1.5109827433853673e-003 	1.4891946113175387e-002
4.0239999999999998e+002 	1.2981278666242119e-002 	1.4565378580207273e-003 	1.4437816524262844e-002
4.1519999999999999e+002 	1.2598017402846842e-002 	1.4045391013712666e-003 	1.4002556504218108e-002
4.2800000000000000e+002 	1.2230464809299483e-002 	1.3548384630131030e-003 	1.3585303272312579e-002
4.4080000000000001e+002 	1.1877922620497564e-002 	1.3073011608593960e-003 	1.3185223781356956e-002
4.5360000000000002e+002 	1.1539712377610183e-002 	1.2618038868839015e-003 	1.2801516264494082e-002
4.6639999999999998e+002 	1.1215177770167027e-002 	1.2182333617490812e-003 	1.2433411131916108e-002
4.7919999999999999e+002 	1.0903686213561706e-002 	1.1764851346981356e-003 	1.2080171348259842e-002
4.9200000000000000e+002 	1.0604629819486166e-002 	1.1364625763460407e-003 	1.1741092395832205e-002
5.0480000000000001e+002 	1.0317425887080909e-002 	1.0980760270003537e-003 	1.1415501914081257e-002
5.1759999999999991e+002 	1.0041517018331088e-002 	1.0612420719860449e-003 	1.1102759090317129e-002
5.3039999999999998e+002 	9.7763709416695578e-003 	1.0258829225338229e-003 	1.0802253864203382e-002
5.4320000000000005e+002 	9.5214801117458250e-003 	9.9243580920741338e-004 	1.0513915920953239e-002
5.6879999999999995e+002 	9.0441271604586055e-003 	9.2951367659886155e-004 	9.9736408370574656e-003
5.9440000000000009e+002 	8.5938981451027605e-003 	8.7035677821090270e-004 	9.4642549233136669e-003
6.2000000000000000e+002 	8.1801721948825332e-003 	8.1545109153900513e-004 	8.9956232864215387e-003
6.4559999999999991e+002 	7.7959141573073210e-003 	7.6453862434462368e-004 	8.5604527816519442e-003
6.7120000000000005e+002 	7.4384963386090247e-003 	7.1731336591978375e-004 	8.1558097045288068e-003
6.9679999999999995e+002 	7.1055428288921427e-003 	6.7347044120857240e-004 	7.7790132701007139e-003
7.2240000000000009e+002 	6.7949125811103900e-003 	6.3272675331533276e-004 	7.4276393344257195e-003
7.4800000000000000e+002 	6.5046782455323313e-003 	5.9482555252483350e-004 	7.0995037980571630e-003
7.7359999999999991e+002 	6.2331048698359842e-003 	5.5953520759465046e-004 	6.7926400774306322e-003
7.9920000000000005e+002 	5.9786298840339997e-003 	5.2664661271313671e-004 	6.5052764967471373e-003
8.2479999999999995e+002 	5.7398448103522810e-003 	4.9597058717420432e-004 	6.2358153975264844e-003
8.5040000000000009e+002 	5.5154787699751824e-003 	4.6733558662312988e-004 	5.9828143565983137e-003
8.7600000000000000e+002 	5.3043837158925590e-003 	4.4058573639110896e-004 	5.7449694522836679e-003
9.0159999999999991e+002 	5.1055212662726394e-003 	4.1557913672572180e-004 	5.5211004029983596e-003
9.2720000000000005e+002 	4.9179509945868876e-003 	3.9218639398981814e-004 	5.3101373885767050e-003
9.5279999999999995e+002 	4.7408200310823777e-003 	3.7028933393481740e-004 	5.1111093650171944e-003
9.7840000000000009e+002 	4.5733538362460382e-003 	3.4977986903077273e-004 	4.9231337052768097e-003
1.0040000000000000e+003 	4.4148480167706013e-003 	3.3055899712289001e-004 	4.7454070138934906e-003
1.0296000000000001e+003 	4.2646610657070833e-003 	3.1253591292832724e-004 	4.5771969786354109e-003
1.0551999999999998e+003 	4.1222079202086672e-003 	2.9562722157359413e-004 	4.4178351417822614e-003
1.0808000000000000e+003 	3.9869542414521725e-003 	2.7975623247176995e-004 	4.2667104739239434e-003
1.1064000000000001e+003 	3.8584113320180857e-003 	2.6485233061658797e-004 	4.1232636626346748e-003
1.1320000000000000e+003 	3.7361316156758065e-003 	2.5117602111628481e-004 	3.9873076367920911e-003
1.1832000000000000e+003 	3.5104277596806448e-003 	2.2628771305789670e-004 	3.7367154727385426e-003
1.2343999999999999e+003 	3.3009697963559538e-003 	2.0363102775040811e-004 	3.5046008241063622e-003
1.2856000000000001e+003 	3.1118292992008069e-003 	1.8345535003990725e-004 	3.2952846492407140e-003
1.3368000000000000e+003 	2.9387888927080445e-003 	1.6553997847907977e-004 	3.1043288711871241e-003
1.3880000000000000e+003 	2.7800391026316109e-003 	1.4963850508383644e-004 	2.9296776077154473e-003
1.4392000000000000e+003 	2.6340154217883039e-003 	1.3551548848491780e-004 	2.7695309102732210e-003
1.4903999999999999e+003 	2.4993646820720629e-003 	1.2296002433723424e-004 	2.6223247064092970e-003
1.5416000000000001e+003 	2.3749131954539475e-003 	1.1178736747247714e-004 	2.4867005629264248e-003
1.5928000000000000e+003 	2.2596391388734374e-003 	1.0183644820591472e-004 	2.3614755870793513e-003
1.6440000000000000e+003 	2.1526493453326487e-003 	9.2966625496048488e-005 	2.2456159708286972e-003
1.6952000000000000e+003 	2.0531599913169983e-003 	8.5054734037793726e-005 	2.1382147253547930e-003
1.7463999999999999e+003 	1.9604805505939386e-003 	7.7992610126732307e-005 	2.0384731607206710e-003
1.7976000000000001e+003 	1.8740004350699386e-003 	7.1685045318693285e-005 	1.9456854803886327e-003
1.8488000000000000e+003 	1.7931778342004838e-003 	6.6048075027096164e-005 	1.8592259092275795e-003
1.9000000000000000e+003 	1.7175303537767205e-003 	6.1007531191511012e-005 	1.7785378849682306e-003
1.9512000000000000e+003 	1.6466271312891032e-003 	5.6497808686099833e-005 	1.7031249399752028e-003
2.0024000000000001e+003 	1.5800821674180198e-003 	5.2460805883865373e-005 	1.6325429733018849e-003
2.0535999999999999e+003 	1.5175486631444285e-003 	4.8845010931621762e-005 	1.5663936740760501e-003
2.1048000000000002e+003 	1.4587141918124683e-003 	4.5604710108402336e-005 	1.5043189019208704e-003
2.1560000000000000e+003 	1.4032965672414978e-003 	4.2699299581289916e-005 	1.4459958668227883e-003
2.2071999999999998e+003 	1.3510402943890190e-003 	4.0092684573845217e-005 	1.3911329789628648e-003
2.2584000000000001e+003 	1.3017135094566168e-003 	3.7851048326215412e-005 	1.3395645577828318e-003
2.3607999999999997e+003 	1.2116556509342959e-003 	3.4036926296123617e-005 	1.2456925772304189e-003
2.4632000000000003e+003 	1.1292757361266452e-003 	3.0755327649640078e-005 	1.1600310637762848e-003
2.5655999999999999e+003 	1.0559991365736085e-003 	2.8059188198536996e-005 	1.0840583247721457e-003
2.6680000000000000e+003 	9.8992538477726800e-004 	2.5863406702402292e-005 	1.0157887914796705e-003
2.7704000000000001e+003 	9.3016386076664364e-004 	2.4075628522873178e-005 	9.5423948928951663e-004
2.8727999999999997e+003 	8.7595163445349010e-004 	2.2613703880942588e-005 	8.9856533833443321e-004
2.9752000000000003e+003 	8.2663465653555566e-004 	2.1410606545066265e-005 	8.4804526308062181e-004
3.0775999999999999e+003 	7.8165045836841879e-004 	2.0413135835047020e-005 	8.0206359420346594e-004
3.1800000000000000e+003 	7.4051344761835280e-004 	1.9579214980674860e-005 	7.6009266259902770e-004
3.2824000000000001e+003 	7.0280273353317451e-004 	1.8875464821852552e-005 	7.2167819835502708e-004
3.3847999999999997e+003 	6.6815211351381779e-004 	1.8275326482952310e-005 	6.8642743999677023e-004
3.4872000000000003e+003 	6.3624182726921923e-004 	1.7757634534722136e-005 	6.5399946180394138e-004
3.5895999999999999e+003 	6.0679173719975835e-004 	1.7305513054228805e-005 	6.2409725025398724e-004
3.6920000000000000e+003 	5.7955565811244078e-004 	1.6905510380042311e-005 	5.9646116849248316e-004
3.7944000000000001e+003 	5.5431661661514340e-004 	1.6546913627430675e-005 	5.7086353024257404e-004
3.8967999999999997e+003 	5.3088286681567804e-004 	1.6221201252866876e-005 	5.4710406806854502e-004
3.9992000000000003e+003 	5.0908452511685943e-004 	1.5921606973328971e-005 	5.2500613209018835e-004
4.1016000000000004e+003 	4.8877071492523612e-004 	1.5642769703004770e-005 	5.0441348462824085e-004
4.2040000000000000e+003 	4.6980713379877624e-004 	1.5380453386084252e-005 	4.8518758718486056e-004
4.3063999999999996e+003 	4.5207397246966165e-004 	1.5131321936872612e-005 	4.6720529440653420e-004
4.4088000000000002e+003 	4.3546412844371171e-004 	1.4892758227430104e-005 	4.5035688667114201e-004
4.5111999999999998e+003 	4.1988166735138155e-004 	1.4673583132037266e-005 	4.3455525048341877e-004
4.7160000000000000e+003 	3.9167443814033993e-004 	1.4250883718854644e-005 	4.0592532185919469e-004
4.9208000000000002e+003 	3.6604260567029231e-004 	1.3818906872798875e-005 	3.7986151254309109e-004
5.1256000000000004e+003 	3.4344252251221780e-004 	1.3400953258960297e-005 	3.5684347577117796e-004
5.3303999999999996e+003 	3.2317686739244091e-004 	1.3000857659094043e-005 	3.3617772505153498e-004
5.5351999999999998e+003 	3.0491606439647938e-004 	1.2615316437963073e-005 	3.1753138083444251e-004
5.7400000000000000e+003 	2.8838539196683784e-004 	1.2241331580453932e-005 	3.0062672354729171e-004
5.9448000000000002e+003 	2.7335570528621970e-004 	1.1877579520098223e-005 	2.8523328480631788e-004
6.1496000000000004e+003 	2.5963518194050192e-004 	1.1523780568742204e-005 	2.7115896250924415e-004
6.3543999999999996e+003 	2.4706247119328067e-004 	1.1180075731326236e-005 	2.5824254692460689e-004
6.5591999999999998e+003 	2.3550114796829953e-004 	1.0846708496433445e-005 	2.4634785646473291e-004
6.7640000000000000e+003 	2.2483525671824524e-004 	1.0523895994291545e-005 	2.3535915271253688e-004
6.9688000000000002e+003 	2.1496573158323807e-004 	1.0211784332973519e-005 	2.2517751591621143e-004
7.1736000000000004e+003 	2.0580751191643740e-004 	9.9104368861137508e-006 	2.1571794880255107e-004
7.3783999999999996e+003 	1.9728720816586989e-004 	9.6198363947361634e-006 	2.0690704456060606e-004
7.5831999999999998e+003 	1.8934120418845430e-004 	9.3398929666409213e-006 	1.9868109715509525e-004
7.7880000000000000e+003 	1.8191410698948111e-004 	9.0704538809967581e-006 	1.9098456087047788e-004
7.9928000000000002e+003 	1.7495747430070442e-004 	8.8113142270688653e-006 	1.8376878852777325e-004
8.1976000000000004e+003 	1.6842876540210425e-004 	8.5622275512010641e-006 	1.7699099295330530e-004
8.4023999999999996e+003 	1.6229047216607576e-004 	8.3229154930030829e-006 	1.7061338765907882e-004
8.6072000000000007e+003 	1.5650939625392978e-004 	8.0930757542683354e-006 	1.6460247200819812e-004
8.8120000000000000e+003 	1.5105604535842378e-004 	7.8801157184696906e-006 	1.5893616107689343e-004
9.2216000000000004e+003 	1.4112822776531889e-004 	7.4775550918173140e-006 	1.4860578285713624e-004
9.6311999999999989e+003 	1.3197741633030283e-004 	7.0887227577258918e-006 	1.3906613908802872e-004
1.0040800000000001e+004 	1.2384449977645160e-004 	6.7309173529885591e-006 	1.3057541712944014e-004
1.0450400000000000e+004 	1.1648429266468557e-004 	6.4034410416606210e-006 	1.2288773370634618e-004
1.0860000000000000e+004 	1.0979681608456580e-004 	6.1023278269204783e-006 	1.1589914391148628e-004
1.1269600000000000e+004 	1.0369820937376231e-004 	5.8244226339018520e-006 	1.0952263200766414e-004
1.1679199999999999e+004 	9.8117877846464054e-005 	5.5674370480541610e-006 	1.0368531489451824e-004
1.2088800000000001e+004 	9.2996029910057790e-005 	5.3295012134701249e-006 	9.8325531123527921e-005
1.2498400000000000e+004 	8.8281681725513000e-005 	5.1089510293892716e-006 	9.3390632754902279e-005
1.2908000000000000e+004 	8.3931073203618223e-005 	4.9042672324015795e-006 	8.8835340436019787e-005
1.3317600000000000e+004 	7.9906414045584646e-005 	4.7140610572124960e-006 	8.4620475102797137e-005
1.3727200000000001e+004 	7.6174886339426014e-005 	4.5370672938068133e-006 	8.0711953633232826e-005
1.4136799999999999e+004 	7.2707845013955124e-005 	4.3721365578731711e-006 	7.7079981571828265e-005
1.4546400000000000e+004 	6.9480171276876490e-005 	4.2182262307721131e-006 	7.3698397507648622e-005
1.4956000000000000e+004 	6.6469745200698990e-005 	4.0743910501374250e-006 	7.0544136250836467e-005
1.5365600000000000e+004 	6.3657011948420556e-005 	3.9397741652882853e-006 	6.7596786113708831e-005
1.5775200000000001e+004 	6.1024622294163442e-005 	3.8135985032133248e-006 	6.4838220797376766e-005
1.6184799999999999e+004 	5.8557132637234849e-005 	3.6951591050486142e-006 	6.2252291742283475e-005
1.6594400000000001e+004 	5.6240753074058201e-005 	3.5838161129352471e-006 	5.9824569186993438e-005
1.7004000000000000e+004 	5.4063134603542763e-005 	3.4789884549205778e-006 	5.7542123058463314e-005
1.7413599999999999e+004 	5.2013188436037300e-005 	3.3801481736249369e-006 	5.5393336609662239e-005
1.7823200000000001e+004 	5.0080931816996402e-005 	3.2868152376342321e-006 	5.3367747054630660e-005
1.8232799999999999e+004 	4.8257355885848293e-005 	3.1985529998984606e-006 	5.1455908885746735e-005
1.8642399999999998e+004 	4.6534311951948226e-005 	3.1149641120815228e-006 	4.9649276064029741e-005
1.9052000000000000e+004 	4.4904413243628684e-005 	3.0356867207918853e-006 	4.7940099964420576e-005
1.9461600000000002e+004 	4.3360949720402763e-005 	2.9603910850616244e-006 	4.6321340805464381e-005
1.9871200000000001e+004 	4.1897813962729563e-005 	2.8887766874523215e-006 	4.4786590650181889e-005
2.0280799999999999e+004 	4.0509436494688025e-005 	2.8205693921136071e-006 	4.3330005886801666e-005
2.0690400000000001e+004 	3.9190729170382924e-005 	2.7555190367704410e-006 	4.1946248207153372e-005
2.1100000000000000e+004 	3.7937035478472481e-005 	2.6933971821624415e-006 	4.0630432660634922e-005
2.1509599999999999e+004 	3.6744086802397666e-005 	2.6339950402275312e-006 	3.9378081842625181e-005
2.1919200000000001e+004 	3.5607963824222839e-005 	2.5771218956185261e-006 	3.8185085719841369e-005
2.2328800000000003e+004 	3.4525062384108986e-005 	2.5226033023365221e-006 	3.7047665686445514e-005
2.2738399999999998e+004 	3.3492063211004699e-005 	2.4702794693949027e-006 	3.5962342680399606e-005
2.3148000000000000e+004 	3.2505905025393069e-005 	2.4200040268239955e-006 	3.4925909052217069e-005
2.3557600000000002e+004 	3.1563760587658328e-005 	2.3716428775862970e-006 	3.3935403465244619e-005
2.3967199999999997e+004 	3.0663015325476796e-005 	2.3250730443888991e-006 	3.2988088369865682e-005
2.4376799999999999e+004 	2.9801248224951483e-005 	2.2801816446609810e-006 	3.2081429869612461e-005
2.4786400000000001e+004 	2.8976214713223324e-005 	2.2368649843792011e-006 	3.1213079697602515e-005
2.5196000000000000e+004 	2.8185831296846198e-005 	2.1950277587090829e-006 	3.0380859055555295e-005
2.5605599999999999e+004 	2.7428161751505282e-005 	2.1539074369706596e-006 	2.9582069188475945e-005
