-800 0
-8.0000000000000000e+002 0.0000000000000000e+000 0.0000000000000000e+000
1
1 1 1 1
1
         t, ms                         dVp, mV                         dVs, mV                         dV, mV
2.5000000000000000e-001 	1.3727670064347661e-001 	7.6667881017454149e-003 	1.4494348874522203e-001
2.9999999999999999e-001 	1.3748044546579052e-001 	7.6977734246877500e-003 	1.4517821889047833e-001
3.4999999999999998e-001 	1.3758344525214303e-001 	7.7270300813698806e-003 	1.4531047533351293e-001
4.0000000000000002e-001 	1.3766113056898918e-001 	7.7530413602519320e-003 	1.4541417192924122e-001
4.5000000000000001e-001 	1.3773030715585075e-001 	7.7762293951998676e-003 	1.4550653655105064e-001
5.0000000000000000e-001 	1.3779440275586261e-001 	7.7969903785841876e-003 	1.4559139313444680e-001
5.5000000000000004e-001 	1.3785411222990712e-001 	7.8156685875790232e-003 	1.4566978081748613e-001
5.9999999999999998e-001 	1.3790969973103887e-001 	7.8325551264763101e-003 	1.4574225485751510e-001
6.5000000000000002e-001 	1.3796142186271798e-001 	7.8478940000913829e-003 	1.4580931586280943e-001
6.9999999999999996e-001 	1.3800956668451891e-001 	7.8618895494257813e-003 	1.4587145623394465e-001
7.5000000000000000e-001 	1.3805443310600424e-001 	7.8747133417033585e-003 	1.4592914644770758e-001
8.0000000000000004e-001 	1.3809631195544347e-001 	7.8865100281417383e-003 	1.4598282198358514e-001
8.4999999999999998e-001 	1.3813547545891777e-001 	7.8974021614230359e-003 	1.4603287762034092e-001
9.0000000000000002e-001 	1.3817217281172517e-001 	7.9074941042606428e-003 	1.4607966691598581e-001
9.4999999999999996e-001 	1.3820662922602395e-001 	7.9168751859694849e-003 	1.4612350441199345e-001
1.0000000000000000e+000 	1.3823904680970900e-001 	7.9256222511865163e-003 	1.4616466906089565e-001
1.0500000000000000e+000 	1.3826960626460197e-001 	7.9338017216414921e-003 	1.4620340798624348e-001
1.1000000000000001e+000 	1.3829846891551384e-001 	7.9414712705960858e-003 	1.4623994018610995e-001
1.1499999999999999e+000 	1.3832577877624508e-001 	7.9486811875895732e-003 	1.4627445996383465e-001
1.2000000000000000e+000 	1.3835166450097364e-001 	7.9553428377699877e-003 	1.4630700733874366e-001
1.3000000000000000e+000 	1.3889334646071241e-001 	7.9675893795181571e-003 	1.4686093584023058e-001
1.3999999999999999e+000 	1.3844334292758337e-001 	7.9788730618858741e-003 	1.4642221598946925e-001
1.5000000000000000e+000 	1.3848309110214116e-001 	7.9891288235635089e-003 	1.4647221992570467e-001
1.6000000000000001e+000 	1.3851949962018661e-001 	7.9984867549284470e-003 	1.4651798637511509e-001
1.7000000000000000e+000 	1.3855300366825130e-001 	8.0070687996389722e-003 	1.4656007246789035e-001
1.8000000000000000e+000 	1.3858396645675286e-001 	8.0149791823342781e-003 	1.4659894563908712e-001
1.8999999999999999e+000 	1.3861269201901738e-001 	8.0223041704629208e-003 	1.4663499618948028e-001
2.0000000000000000e+000 	1.3863943634082815e-001 	8.0291144524688701e-003 	1.4666855079329708e-001
2.1000000000000001e+000 	1.3866441642129576e-001 	8.0354678982318198e-003 	1.4669988431952760e-001
2.2000000000000002e+000 	1.3868781747635545e-001 	8.0414120365983003e-003 	1.4672922951295378e-001
2.2999999999999998e+000 	1.3870979864625907e-001 	8.0469861126589246e-003 	1.4675678475891812e-001
2.3999999999999999e+000 	1.3873049752051866e-001 	8.0522227485827751e-003 	1.4678272026910141e-001
2.5000000000000000e+000 	1.3875003375160805e-001 	8.0571492716905620e-003 	1.4680718302329865e-001
2.6000000000000001e+000 	1.3876851196148227e-001 	8.0617887737650627e-003 	1.4683030073524730e-001
2.7000000000000002e+000 	1.3878602409130439e-001 	8.0661609555076393e-003 	1.4685218504681211e-001
2.7999999999999998e+000 	1.3880265131253317e-001 	8.0702827995456847e-003 	1.4687293411207891e-001
2.8999999999999999e+000 	1.3881846559838268e-001 	8.0741691067499673e-003 	1.4689263470513270e-001
3.0000000000000000e+000 	1.3883353101199220e-001 	8.0778329238742948e-003 	1.4691136393586648e-001
3.1000000000000001e+000 	1.3884790477772216e-001 	8.0812858836593494e-003 	1.4692919066138149e-001
3.2000000000000002e+000 	1.3886163817030489e-001 	8.0845384748366046e-003 	1.4694617664514140e-001
3.2999999999999998e+000 	1.3887477726953992e-001 	8.0876002564366622e-003 	1.4696237752597655e-001
3.3999999999999999e+000 	1.3888736359255380e-001 	8.0904156123436568e-003 	1.4697777920489755e-001
3.6000000000000001e+000 	1.3905595213547009e-001 	8.0955286216979564e-003 	1.4715148075716808e-001
3.7999999999999998e+000 	1.3893296384589762e-001 	8.1001401978312796e-003 	1.4703310404372891e-001
4.0000000000000000e+000 	1.3895326392812951e-001 	8.1041865500950366e-003 	1.4705745047822455e-001
4.2000000000000002e+000 	1.3897214692144300e-001 	8.1077034679453933e-003 	1.4707985038938837e-001
4.4000000000000004e+000 	1.3898977002634555e-001 	8.1107321926042041e-003 	1.4710050221894971e-001
4.5999999999999996e+000 	1.3900627049072481e-001 	8.1133138278039717e-003 	1.4711958431852878e-001
4.7999999999999998e+000 	1.3902176975200495e-001 	8.1154876661999071e-003 	1.4713725741820485e-001
5.0000000000000000e+000 	1.3903637690507073e-001 	8.1172907573099744e-003 	1.4715366766238069e-001
5.2000000000000002e+000 	1.3905019129940194e-001 	8.1187578432439025e-003 	1.4716894914264589e-001
5.4000000000000004e+000 	1.3906330431330685e-001 	8.1199213937353139e-003 	1.4718322570704220e-001
5.5999999999999996e+000 	1.3907580044933895e-001 	8.1208116653975516e-003 	1.4719661211473650e-001
5.7999999999999998e+000 	1.3908775791937666e-001 	8.1214567669546690e-003 	1.4720921468633130e-001
6.0000000000000000e+000 	1.3909924887834385e-001 	8.1218827286465064e-003 	1.4722113160699035e-001
6.2000000000000002e+000 	1.3911033943545448e-001 	8.1221135762627808e-003 	1.4723245301171720e-001
6.4000000000000004e+000 	1.3912108956881361e-001 	8.1221714100923430e-003 	1.4724326097890597e-001
6.5999999999999996e+000 	1.3913155300827698e-001 	8.1220764890167600e-003 	1.4725362949729370e-001
6.7999999999999998e+000 	1.3914177715460521e-001 	8.1218473185039330e-003 	1.4726362447310914e-001
7.0000000000000000e+000 	1.3915180306192318e-001 	8.1215007402722830e-003 	1.4727330380219542e-001
7.2000000000000002e+000 	1.3916166550533471e-001 	8.1210520220287782e-003 	1.4728271752736352e-001
7.4000000000000004e+000 	1.3917139313249074e-001 	8.1205149463044017e-003 	1.4729190807879522e-001
7.5999999999999996e+000 	1.3918100869412220e-001 	8.1198806577242634e-003 	1.4730088935184646e-001
8.0000000000000000e+000 	1.3927801044956692e-001 	8.1184374665952044e-003 	1.4739644791616222e-001
8.4000000000000004e+000 	1.3921861882583514e-001 	8.1168578640589094e-003 	1.4733547668989408e-001
8.8000000000000007e+000 	1.3923693830599532e-001 	8.1151480697519169e-003 	1.4735208637574723e-001
9.1999999999999993e+000 	1.3925488924108714e-001 	8.1133420828791523e-003 	1.4736823132396631e-001
9.5999999999999996e+000 	1.3927238501961253e-001 	8.1114656380306873e-003 	1.4738385065764326e-001
1.0000000000000000e+001 	1.3928930789250496e-001 	8.1095340926644801e-003 	1.4739884198516942e-001
1.0400000000000000e+001 	1.3930551862027024e-001 	8.1075524812243994e-003 	1.4741307110149465e-001
1.0800000000000001e+001 	1.3932086499627150e-001 	8.1055163119069518e-003 	1.4742638130817848e-001
1.1199999999999999e+001 	1.3933518890753685e-001 	8.1034125822260737e-003 	1.4743860148976298e-001
1.1600000000000000e+001 	1.3934833190606852e-001 	8.1012208351102580e-003 	1.4744955274117877e-001
1.2000000000000000e+001 	1.3936013940606382e-001 	8.0989141988744746e-003 	1.4745905360493836e-001
1.2400000000000000e+001 	1.3937046368688491e-001 	8.0964603938589175e-003 	1.4746692408074386e-001
1.2800000000000001e+001 	1.3937916590171082e-001 	8.0938227013526032e-003 	1.4747298860306340e-001
1.3199999999999999e+001 	1.3938611728622552e-001 	8.0909608894581143e-003 	1.4747707817568359e-001
1.3600000000000000e+001 	1.3939119974557113e-001 	8.0878320914047706e-003 	1.4747903183697586e-001
1.4000000000000000e+001 	1.3939430597268382e-001 	8.0843916319354257e-003 	1.4747869760461926e-001
1.4400000000000000e+001 	1.3939533922831138e-001 	8.0805937959578765e-003 	1.4747593302426923e-001
1.4800000000000001e+001 	1.3939421288668918e-001 	8.0763925353606082e-003 	1.4747060542204984e-001
1.5199999999999999e+001 	1.3939084982994118e-001 	8.0717421103787199e-003 	1.4746259194031994e-001
1.5600000000000000e+001 	1.3938518175735623e-001 	8.0665976631695939e-003 	1.4745177942052584e-001
1.6000000000000000e+001 	1.3937714845544852e-001 	8.0606739785104801e-003 	1.4743782243395900e-001
1.6800000000000001e+001 	1.3940724787973380e-001 	8.0469087486444140e-003 	1.4745415662837821e-001
1.7600000000000001e+001 	1.3932030122973296e-001 	8.0309325286796341e-003 	1.4735123375841247e-001
1.8399999999999999e+001 	1.3927662283738246e-001 	8.0121497435019940e-003 	1.4728877258088449e-001
1.9199999999999999e+001 	1.3922249999971126e-001 	7.9903262571008066e-003 	1.4721282625681203e-001
2.0000000000000000e+001 	1.3915779216131574e-001 	7.9652936050268724e-003 	1.4712308576634248e-001
2.0800000000000001e+001 	1.3908240392404994e-001 	7.9369370627507384e-003 	1.4701934098680070e-001
2.1600000000000001e+001 	1.3899627824982178e-001 	7.9051906809294130e-003 	1.4690146893075129e-001
2.2399999999999999e+001 	1.3889939081173172e-001 	7.8700336237583872e-003 	1.4676942443549010e-001
2.3199999999999999e+001 	1.3879174565466929e-001 	7.8314862278711077e-003 	1.4662323188254037e-001
2.4000000000000000e+001 	1.3867337197021093e-001 	7.7896056148525905e-003 	1.4646297758506346e-001
2.4800000000000001e+001 	1.3854432171272404e-001 	7.7444810396201883e-003 	1.4628880275234424e-001
2.5600000000000001e+001 	1.3840466779882424e-001 	7.6962291759010296e-003 	1.4610089697472520e-001
2.6399999999999999e+001 	1.3825450268157377e-001 	7.6449894962252653e-003 	1.4589949217779907e-001
2.7199999999999999e+001 	1.3809393714506382e-001 	7.5909198630369143e-003 	1.4568485700810080e-001
2.8000000000000000e+001 	1.3792309920748730e-001 	7.5341924136997952e-003 	1.4545729162118712e-001
2.8800000000000001e+001 	1.3774213306428185e-001 	7.4749897933826265e-003 	1.4521712285766453e-001
2.9600000000000001e+001 	1.3755119802564972e-001 	7.4135017659397668e-003 	1.4496469979158946e-001
3.0399999999999999e+001 	1.3735046742864768e-001 	7.3499222130250673e-003 	1.4470038964167273e-001
3.1199999999999999e+001 	1.3714012751627158e-001 	7.2844465172719822e-003 	1.4442457403354356e-001
3.2000000000000000e+001 	1.3692037628581863e-001 	7.2172693142429486e-003 	1.4413764560006159e-001
3.2800000000000004e+001 	1.3669142231531739e-001 	7.1485825910131669e-003 	1.4384000490633059e-001
3.3600000000000001e+001 	1.3645348357935380e-001 	7.0785741050727559e-003 	1.4353205768442656e-001
3.4399999999999999e+001 	1.3620678626655391e-001 	7.0071224704819262e-003 	1.4321390873703582e-001
3.6000000000000000e+001 	1.3570923633335411e-001 	6.8617273655761143e-003 	1.4257096369893027e-001
3.7600000000000001e+001 	1.3513793028281654e-001 	6.7146192954874173e-003 	1.4185254957830398e-001
3.9199999999999996e+001 	1.3455735067027152e-001 	6.5662189661278951e-003 	1.4112356963639952e-001
4.0800000000000004e+001 	1.3394862160077842e-001 	6.4174458693781614e-003 	1.4036606747015651e-001
4.2399999999999999e+001 	1.3331374193077802e-001 	6.2691651628283985e-003 	1.3958290709360641e-001
4.4000000000000000e+001 	1.3265469665327764e-001 	6.1221413555136266e-003 	1.3877683800879131e-001
4.5600000000000001e+001 	1.3197343492778954e-001 	5.9770272646404157e-003 	1.3795046219242990e-001
4.7199999999999996e+001 	1.3127185357805923e-001 	5.8343666132918788e-003 	1.3710622019135119e-001
4.8800000000000004e+001 	1.3055178457497990e-001 	5.6946019920330014e-003 	1.3624638656701293e-001
5.0399999999999999e+001 	1.2981498578209782e-001 	5.5580848239078573e-003 	1.3537307060600565e-001
5.2000000000000000e+001 	1.2906313446540768e-001 	5.4250858426038726e-003 	1.3448822030801164e-001
5.3600000000000001e+001 	1.2829782314451879e-001 	5.2958053655243666e-003 	1.3359362851004314e-001
5.5199999999999996e+001 	1.2752055739917112e-001 	5.1703829953183853e-003 	1.3269094039448945e-001
5.6800000000000004e+001 	1.2673275527805944e-001 	5.0489065621511578e-003 	1.3178166184021059e-001
5.8399999999999999e+001 	1.2593574799396073e-001 	4.9314202208099039e-003 	1.3086716821477065e-001
6.0000000000000000e+001 	1.2513078162619970e-001 	4.8179316799798312e-003 	1.2994871330617949e-001
6.1600000000000001e+001 	1.2431901959040992e-001 	4.7084185819057699e-003 	1.2902743817231574e-001
6.3200000000000003e+001 	1.2350154567162525e-001 	4.6028340763017818e-003 	1.2810437974792702e-001
6.4799999999999997e+001 	1.2267936745149885e-001 	4.5011116476753911e-003 	1.2718047909917429e-001
6.6400000000000006e+001 	1.2185341998982080e-001 	4.4031692628970758e-003 	1.2625658925271785e-001
6.8000000000000000e+001 	1.2102456964865486e-001 	4.3089129083187343e-003 	1.2533348255697363e-001
6.9599999999999994e+001 	1.2019361796905444e-001 	4.2195404739248351e-003 	1.2441315844297930e-001
7.2799999999999997e+001 	1.1853768145816070e-001 	4.0512343084420054e-003 	1.2258891576660275e-001
7.6000000000000000e+001 	1.1686449093901084e-001 	3.8931903167668371e-003 	1.2075768125577768e-001
7.9200000000000003e+001 	1.1520385689638010e-001 	3.7467922382209244e-003 	1.1895064913460103e-001
8.2400000000000006e+001 	1.1355097989930073e-001 	3.6113942766423331e-003 	1.1716237417594308e-001
8.5599999999999994e+001 	1.1190904807021328e-001 	3.4862072385627406e-003 	1.1539525530877599e-001
8.8799999999999997e+001 	1.1028074754606500e-001 	3.3704254400076759e-003 	1.1365117298607272e-001
9.2000000000000000e+001 	1.0866831984771223e-001 	3.2632734955097662e-003 	1.1193159334322202e-001
9.5200000000000003e+001 	1.0707362032879325e-001 	3.1640235386211830e-003 	1.1023764386741447e-001
9.8400000000000006e+001 	1.0549817170239859e-001 	3.0720008271230941e-003 	1.0857017252952168e-001
1.0159999999999999e+002 	1.0394321117030830e-001 	2.9865844105788795e-003 	1.0692979558088718e-001
1.0480000000000001e+002 	1.0240973124601792e-001 	2.9072055055854988e-003 	1.0531693675160340e-001
1.0800000000000000e+002 	1.0089851486519967e-001 	2.8333447397660885e-003 	1.0373185960496575e-001
1.1119999999999999e+002 	9.9410165493139260e-002 	2.7645288505113042e-003 	1.0217469434365056e-001
1.1440000000000001e+002 	9.7945132919026179e-002 	2.7003271728717800e-003 	1.0064546009189806e-001
1.1759999999999999e+002 	9.6503735359256104e-002 	2.6403481192404073e-003 	9.9144083478496514e-002
1.2080000000000001e+002 	9.5086178413834946e-002 	2.5842357737025619e-003 	9.7670414187537538e-002
1.2400000000000000e+002 	9.3692571343851089e-002 	2.5316666718842857e-003 	9.6224238015735417e-002
1.2720000000000000e+002 	9.2322941068743156e-002 	2.4823468026662263e-003 	9.4805287871409336e-002
1.3039999999999998e+002 	9.0977244221184889e-002 	2.4360088459705357e-003 	9.3413253067155436e-002
1.3359999999999999e+002 	8.9655377545445586e-002 	2.3924096466828096e-003 	9.2047787192128361e-002
1.3680000000000001e+002 	8.8357186880656219e-002 	2.3513279163442195e-003 	9.0708514797000470e-002
1.4000000000000000e+002 	8.7082474932296719e-002 	2.3133220840722891e-003 	8.9395797016369044e-002
1.4640000000000001e+002 	8.4615743930782417e-002 	2.2434599819438714e-003 	8.6859203912726307e-002
1.5279999999999998e+002 	8.2212322268088098e-002 	2.1791947561666503e-003 	8.4391517024254695e-002
1.5920000000000002e+002 	7.9910574012691124e-002 	2.1209558381886525e-003 	8.2031529850879761e-002
1.6559999999999999e+002 	7.7694185449722994e-002 	2.0680278090694664e-003 	7.9762213258792458e-002
1.7200000000000000e+002 	7.5560289943101280e-002 	2.0197080767223206e-003 	7.7579998019823598e-002
1.7840000000000001e+002 	7.3505933419430070e-002 	1.9753705121464717e-003 	7.5481303931576565e-002
1.8479999999999998e+002 	7.1528127707347122e-002 	1.9344753402953240e-003 	7.3462603047642475e-002
1.9120000000000002e+002 	6.9623890718330278e-002 	1.8965624603442704e-003 	7.1520453178674545e-002
1.9759999999999999e+002 	6.7790276413897413e-002 	1.8612408643445201e-003 	6.9651517278241940e-002
2.0400000000000000e+002 	6.6024396808761251e-002 	1.8281781726844889e-003 	6.7852574981445757e-002
2.1040000000000001e+002 	6.4323437784824716e-002 	1.7970913845638422e-003 	6.6120529169388528e-002
2.1679999999999998e+002 	6.2684670114994762e-002 	1.7677390116230154e-003 	6.4452409126617788e-002
2.2320000000000002e+002 	6.1105456792818799e-002 	1.7399144861403096e-003 	6.2845371278959089e-002
2.2959999999999999e+002 	5.9583257523790900e-002 	1.7134406676975770e-003 	6.1296698191488488e-002
2.3600000000000000e+002 	5.8115631044906059e-002 	1.6881652715516880e-003 	5.9803796316457720e-002
2.4240000000000001e+002 	5.6700235792129031e-002 	1.6639570612197040e-003 	5.8364192853348706e-002
2.4879999999999998e+002 	5.5334829321089900e-002 	1.6407026714190011e-003 	5.6975531992508904e-002
2.5519999999999999e+002 	5.4017266797225134e-002 	1.6183039504359131e-003 	5.5635570747661033e-002
2.6160000000000002e+002 	5.2745498802415650e-002 	1.5966757310390380e-003 	5.4342174533454676e-002
2.6800000000000000e+002 	5.1517568650666951e-002 	1.5757439555955676e-003 	5.3093312606262537e-002
2.7439999999999998e+002 	5.0331609363138595e-002 	1.5556482660017031e-003 	5.1887257629140301e-002
2.8719999999999999e+002 	4.8093924884143303e-002 	1.5171113332062543e-003 	4.9611036217349559e-002
3.0000000000000000e+002 	4.5968443707500278e-002 	1.4800708669423124e-003 	4.7448514574442574e-002
3.1280000000000001e+002 	4.3996226627925968e-002 	1.4446453988774335e-003 	4.5440872026803400e-002
3.2560000000000002e+002 	4.2148969185608134e-002 	1.4106568858576842e-003 	4.3559626071465810e-002
3.3839999999999998e+002 	4.0416747224916436e-002 	1.3779410353560926e-003 	4.1794688260272557e-002
3.5119999999999999e+002 	3.8790504487968988e-002 	1.3463603797325841e-003 	4.0136864867701565e-002
3.6400000000000000e+002 	3.7261997431092354e-002 	1.3158032220911158e-003 	3.8577800653183468e-002
3.7680000000000001e+002 	3.5823725609123412e-002 	1.2861793057850448e-003 	3.7109904914908468e-002
3.8960000000000002e+002 	3.4468861869021539e-002 	1.2574154957550312e-003 	3.5726277364776578e-002
4.0239999999999998e+002 	3.3191186991864956e-002 	1.2294521728356772e-003 	3.4420639164700624e-002
4.1519999999999999e+002 	3.1985030050207121e-002 	1.2022403424443533e-003 	3.3187270392651479e-002
4.2800000000000000e+002 	3.0845214560178098e-002 	1.1757393387541563e-003 	3.2020953898932260e-002
4.4080000000000001e+002 	2.9767010096896387e-002 	1.1499150117588849e-003 	3.0916925108655270e-002
4.5360000000000002e+002 	2.8746088913983683e-002 	1.1247383041557164e-003 	2.9870827218139377e-002
4.6639999999999998e+002 	2.7778487085591365e-002 	1.1001841404937487e-003 	2.8878671226085107e-002
4.7919999999999999e+002 	2.6860569708060309e-002 	1.0762305635990867e-003 	2.7936800271659387e-002
4.9200000000000000e+002 	2.5988999731515371e-002 	1.0528580650882237e-003 	2.7041857796603598e-002
5.0480000000000001e+002 	2.5160710030292556e-002 	1.0300490670469272e-003 	2.6190759097339485e-002
5.1759999999999991e+002 	2.4372878359664570e-002 	1.0077875207742445e-003 	2.5380665880438816e-002
5.3039999999999998e+002 	2.3622904883111331e-002 	9.8605859620005455e-004 	2.4608963479311383e-002
5.4320000000000005e+002 	2.2908391988747338e-002 	9.6504155690188553e-004 	2.3873433545649220e-002
5.6879999999999995e+002 	2.1587500325634643e-002 	9.2454736601677327e-004 	2.2512047691651417e-002
5.9440000000000009e+002 	2.0357881381148770e-002 	8.8559296381229022e-004 	2.1243474344961068e-002
6.2000000000000000e+002 	1.9245546609020787e-002 	8.4841721240741996e-004 	2.0093963821428203e-002
6.4559999999999991e+002 	1.8225976878000059e-002 	8.1297142867329500e-004 	1.9038948306673357e-002
6.7120000000000005e+002 	1.7289029880338092e-002 	7.7919038496678113e-004 	1.8068220265304868e-002
6.9679999999999995e+002 	1.6425862021649428e-002 	7.4700455833141670e-004 	1.7172866579980836e-002
7.2240000000000009e+002 	1.5628765643268448e-002 	7.1634348722295429e-004 	1.6345109130491406e-002
7.4800000000000000e+002 	1.4891010273518471e-002 	6.8713744316599987e-004 	1.5578147716684471e-002
7.7359999999999991e+002 	1.4206702332199825e-002 	6.5931855125535310e-004 	1.4866020883455178e-002
7.9920000000000005e+002 	1.3570665252635915e-002 	6.3282141162223997e-004 	1.4203486664258158e-002
8.2479999999999995e+002 	1.2978338189466455e-002 	6.0758333939403303e-004 	1.3585921528860486e-002
8.5040000000000009e+002 	1.2425690631015779e-002 	5.8354439268320656e-004 	1.3009235023698986e-002
8.7600000000000000e+002 	1.1909150328654063e-002 	5.6064731157170740e-004 	1.2469797640225769e-002
9.0159999999999991e+002 	1.1425542302148995e-002 	5.3883742978140493e-004 	1.1964379731930399e-002
9.2720000000000005e+002 	1.0972037052108035e-002 	5.1806258214629841e-004 	1.1490099634254335e-002
9.5279999999999995e+002 	1.0546106441363789e-002 	4.9827301378882677e-004 	1.1044379455152615e-002
9.7840000000000009e+002 	1.0145485983419677e-002 	4.7942129076024932e-004 	1.0624907274179925e-002
1.0040000000000000e+003 	9.7681425020057031e-003 	4.6146221091376014e-004 	1.0229604712919458e-002
1.0296000000000001e+003 	9.4122463088585333e-003 	4.4435271452319844e-004 	9.8565990233817347e-003
1.0551999999999998e+003 	9.0761471954910362e-003 	4.2805179467706432e-004 	9.5041989901681004e-003
1.0808000000000000e+003 	8.7583536551647852e-003 	4.1252040809663709e-004 	9.1708740632614211e-003
1.1064000000000001e+003 	8.4575148496338591e-003 	3.9772138717032631e-004 	8.8552362368041863e-003
1.1320000000000000e+003 	8.1724049154310099e-003 	3.8386681675049456e-004 	8.5562717321815054e-003
1.1832000000000000e+003 	7.6488865462273513e-003 	3.5813002492516812e-004 	8.0070165711525199e-003
1.2343999999999999e+003 	7.1658783152629404e-003 	3.3427671659512677e-004 	7.5001550318580636e-003
1.2856000000000001e+003 	6.7325246559175669e-003 	3.1252725352638939e-004 	7.0450519094439595e-003
1.3368000000000000e+003 	6.3382725265612970e-003 	2.9273190451420845e-004 	6.6310044310755028e-003
1.3880000000000000e+003 	5.9784429410207262e-003 	2.7472615030623928e-004 	6.2531690913269636e-003
1.4392000000000000e+003 	5.6490346071260793e-003 	2.5834883112448872e-004 	5.9073834382505699e-003
1.4903999999999999e+003 	5.3466222225024623e-003 	2.4344834592244781e-004 	5.5900705684249104e-003
1.5416000000000001e+003 	5.0682630218380825e-003 	2.2988494210897620e-004 	5.2981479639470606e-003
1.5928000000000000e+003 	4.8114174463920311e-003 	2.1753117883133540e-004 	5.0289486252233645e-003
1.6440000000000000e+003 	4.5738836167068288e-003 	2.0627145809546730e-004 	4.7801550748022958e-003
1.6952000000000000e+003 	4.3537436355527018e-003 	1.9600115217317511e-004 	4.5497447877258764e-003
1.7463999999999999e+003 	4.1493195850515101e-003 	1.8662562451509778e-004 	4.3359452095666096e-003
1.7976000000000001e+003 	3.9591373483480923e-003 	1.7805928453589387e-004 	4.1371966328839866e-003
1.8488000000000000e+003 	3.7818967273703192e-003 	1.7022472436558652e-004 	3.9521214517359059e-003
1.9000000000000000e+003 	3.6164466371021407e-003 	1.6305194281180911e-004 	3.7794985799139490e-003
1.9512000000000000e+003 	3.4617644099997152e-003 	1.5647764828309341e-004 	3.6182420582828085e-003
2.0024000000000001e+003 	3.3169384445683766e-003 	1.5044462962968385e-004 	3.4673830741980601e-003
2.0535999999999999e+003 	3.1811535887929284e-003 	1.4490118597282052e-004 	3.3260547747657474e-003
2.1048000000000002e+003 	3.0536787714418516e-003 	1.3980060896422945e-004 	3.1934793804060798e-003
2.1560000000000000e+003 	2.9338564900199243e-003 	1.3510071179671058e-004 	3.0689572018166343e-003
2.2071999999999998e+003 	2.8210938394312469e-003 	1.3076340061690916e-004 	2.9518572400481545e-003
2.2584000000000001e+003 	2.7148548249325026e-003 	1.2686170994157637e-004 	2.8417165348740797e-003
2.3607999999999997e+003 	2.5213894620967374e-003 	1.1990618290975376e-004 	2.6412956450064915e-003
2.4632000000000003e+003 	2.3449759253017012e-003 	1.1368792955533335e-004 	2.4586638548570339e-003
2.5655999999999999e+003 	2.1885696014998630e-003 	1.0824646214954561e-004 	2.2968160636494084e-003
2.6680000000000000e+003 	2.0479516247575982e-003 	1.0347103606148398e-004 	2.1514226608190822e-003
2.7704000000000001e+003 	1.9211148346053495e-003 	9.9256359285279506e-005 	2.0203711938906284e-003
2.8727999999999997e+003 	1.8063485961008524e-003 	9.5509202187554822e-005 	1.9018577982884070e-003
2.9752000000000003e+003 	1.7021935030583268e-003 	9.2150390378527373e-005 	1.7943438934368550e-003
3.0775999999999999e+003 	1.6074001925860484e-003 	8.9114451810033194e-005 	1.6965146443960817e-003
3.1800000000000000e+003 	1.5208946220323510e-003 	8.6347978852767401e-005 	1.6072426008851186e-003
3.2824000000000001e+003 	1.4417495188971353e-003 	8.3807596250899883e-005 	1.5255571151480349e-003
3.3847999999999997e+003 	1.3691610485335470e-003 	8.1458058778445793e-005 	1.4506191073119924e-003
3.4872000000000003e+003 	1.3024297148033557e-003 	7.9270661624763702e-005 	1.3817003764281203e-003
3.5895999999999999e+003 	1.2409446524131590e-003 	7.7221965486909779e-005 	1.3181666179000683e-003
3.6920000000000000e+003 	1.1841706349757866e-003 	7.5292782120960793e-005 	1.2594634170967473e-003
3.7944000000000001e+003 	1.1316372666662414e-003 	7.3467364502660361e-005 	1.2051046311689012e-003
3.8967999999999997e+003 	1.0829299402508466e-003 	7.1732756166678315e-005 	1.1546626964175253e-003
3.9992000000000003e+003 	1.0376822333521948e-003 	7.0078266306039411e-005 	1.1077604996582340e-003
4.1016000000000004e+003 	9.9556948334196668e-004 	6.8495045646683401e-005 	1.0640645289886500e-003
4.2040000000000000e+003 	9.5630333401356543e-004 	6.6975743019400714e-005 	1.0232790770329657e-003
4.3063999999999996e+003 	9.1962708805339119e-004 	6.5514227005325382e-005 	9.8514131505871645e-004
4.4088000000000002e+003 	8.8531173119532484e-004 	6.4105360305936586e-005 	9.4941709150126135e-004
4.5111999999999998e+003 	8.5315251898738327e-004 	6.2763401309527922e-005 	9.1591592029691138e-004
4.7160000000000000e+003 	7.9502242825412535e-004 	6.0210595158719014e-005 	8.5523302341284464e-004
4.9208000000000002e+003 	7.4228459848135449e-004 	5.7772427561261158e-005 	8.0005702604261540e-004
5.1256000000000004e+003 	6.9586893598413827e-004 	5.5466374813694947e-005 	7.5133531079783311e-004
5.3303999999999996e+003 	6.5431241926375999e-004 	5.3286535411808216e-005 	7.0759895467556813e-004
5.5351999999999998e+003 	6.1692029453685473e-004 	5.1224012258925357e-005 	6.6814430679578037e-004
5.7400000000000000e+003 	5.8311488696093929e-004 	4.9269193286380606e-005 	6.3238408024731980e-004
5.9448000000000002e+003 	5.5241550419610609e-004 	4.7413519655540083e-005 	5.9982902385164588e-004
6.1496000000000004e+003 	5.2442064560775643e-004 	4.5649834932494890e-005 	5.7007048054025136e-004
6.3543999999999996e+003 	4.9879329276320081e-004 	4.3972077303550610e-005 	5.4276537006675151e-004
6.5591999999999998e+003 	4.7524904109521584e-004 	4.2374921727278220e-005 	5.1762396282249430e-004
6.7640000000000000e+003 	4.5354659309421028e-004 	4.0853546225126846e-005 	4.9440013931933697e-004
6.9688000000000002e+003 	4.3348014262032303e-004 	3.9403503739579979e-005 	4.7288364635990300e-004
7.1736000000000004e+003 	4.1487325459546516e-004 	3.8020652723417090e-005 	4.5289390731888219e-004
7.3783999999999996e+003 	3.9757392443188838e-004 	3.6701116618371630e-005 	4.3427504105026006e-004
7.5831999999999998e+003 	3.8145057023217282e-004 	3.5441257641999323e-005 	4.1689182787417207e-004
7.7880000000000000e+003 	3.6638876551381032e-004 	3.4237658067691096e-005 	4.0062642358150132e-004
7.9928000000000002e+003 	3.5228856265093834e-004 	3.3087105934352311e-005 	3.8537566858529062e-004
8.1976000000000004e+003 	3.3906228986277538e-004 	3.1986583357698873e-005 	3.7104887322047424e-004
8.4023999999999996e+003 	3.2663272966930077e-004 	3.0933256292264555e-005 	3.5756598596156549e-004
8.6072000000000007e+003 	3.1493160608713698e-004 	2.9924465269271397e-005 	3.4485607135640819e-004
8.8120000000000000e+003 	3.0389832283684855e-004 	2.8973742047284593e-005 	3.3287206488413323e-004
9.2216000000000004e+003 	2.8382436953355584e-004 	2.7188673214562806e-005 	3.1101304274811880e-004
9.6311999999999989e+003 	2.6533086712006741e-004 	2.5510086179959664e-005 	2.9084095330002708e-004
1.0040800000000001e+004 	2.4890638081920735e-004 	2.3954874722588895e-005 	2.7286125554179628e-004
1.0450400000000000e+004 	2.3405077201547168e-004 	2.2515119001106773e-005 	2.5656589101657844e-004
1.0860000000000000e+004 	2.2055985006141555e-004 	2.1179905205732177e-005 	2.4173975526714777e-004
1.1269600000000000e+004 	2.0826254338979184e-004 	1.9938740043029510e-005 	2.2820128343282130e-004
1.1679199999999999e+004 	1.9701499963244729e-004 	1.8782571433513003e-005 	2.1579757106596025e-004
1.2088800000000001e+004 	1.8669550243793733e-004 	1.7703643636664870e-005 	2.0439914607460217e-004
1.2498400000000000e+004 	1.7720036025795666e-004 	1.6695201142855337e-005 	1.9389556140081196e-004
1.2908000000000000e+004 	1.6844064754901756e-004 	1.5751289978932704e-005 	1.8419193752795026e-004
1.3317600000000000e+004 	1.6033962852920490e-004 	1.4866632730267653e-005 	1.7520626125947260e-004
1.3727200000000001e+004 	1.5283071062928972e-004 	1.4036535880252501e-005 	1.6686724650954226e-004
1.4136799999999999e+004 	1.4585580584598301e-004 	1.3256811719408669e-005 	1.5911261756539172e-004
1.4546400000000000e+004 	1.3936400706346397e-004 	1.2523710582181446e-005 	1.5188771764564543e-004
1.4956000000000000e+004 	1.3331050937696325e-004 	1.1833862208267158e-005 	1.4514437158523046e-004
1.5365600000000000e+004 	1.2765572374752194e-004 	1.1184225241064251e-005 	1.3883994898858615e-004
1.5775200000000001e+004 	1.2236454309348226e-004 	1.0572044285759404e-005 	1.3293658737924166e-004
1.6184799999999999e+004 	1.1740573033030451e-004 	9.9948137004368180e-006 	1.2740054403074136e-004
1.6594400000000001e+004 	1.1275140482803242e-004 	9.4502467231162442e-006 	1.2220165155114868e-004
1.7004000000000000e+004 	1.0837660894224649e-004 	8.9362492521402056e-006 	1.1731285819438671e-004
1.7413599999999999e+004 	1.0425894018101995e-004 	8.4508975697983004e-006 	1.1270983775081820e-004
1.7823200000000001e+004 	1.0037823754091160e-004 	7.9924193282545712e-006 	1.0837065686916618e-004
1.8232799999999999e+004 	9.6716312828331422e-005 	7.5591773659698048e-006 	1.0427549019430118e-004
1.8642399999999998e+004 	9.3256719554084451e-005 	7.1496557897899166e-006 	1.0040637534387438e-004
1.9052000000000000e+004 	8.9984553375291714e-005 	6.7624478489624901e-006 	9.6747001224254205e-005
1.9461600000000002e+004 	8.6886279154684958e-005 	6.3962454816665726e-006 	9.3282524636351539e-005
1.9871200000000001e+004 	8.3949580578543119e-005 	6.0498303240080743e-006 	8.9999410902551178e-005
2.0280799999999999e+004 	8.1163228973619005e-005 	5.7220656949873796e-006 	8.6885294668606402e-005
2.0690400000000001e+004 	7.8516968527565120e-005 	5.4118895734896985e-006 	8.3928858101054826e-005
2.1100000000000000e+004 	7.6001415575664721e-005 	5.1183084550047871e-006 	8.1119724030669560e-005
2.1509599999999999e+004 	7.3607969991145784e-005 	4.8403918525371298e-006 	7.8448361843682938e-005
2.1919200000000001e+004 	7.1328737023924576e-005 	4.5772674007346991e-006 	7.5906004424659303e-005
2.2328800000000003e+004 	6.9156458186631892e-005 	4.3281164292637469e-006 	7.3484574615895613e-005
2.2738399999999998e+004 	6.7084449997488054e-005 	4.0921699669793658e-006 	7.1176619964467429e-005
2.3148000000000000e+004 	6.5106549564856374e-005 	3.8687052031105135e-006 	6.8975254767966905e-005
2.3557600000000002e+004 	6.3217066145550207e-005 	3.6570422772455085e-006 	6.6874108422795709e-005
2.3967199999999997e+004 	6.1410737931735841e-005 	3.4565413049624333e-006 	6.4867279236698232e-005
2.4376799999999999e+004 	5.9682693425652092e-005 	3.2665996573982098e-006 	6.2949293083050298e-005
2.4786400000000001e+004 	5.8028416848924642e-005 	3.0866494944044760e-006 	6.1115066343329105e-005
2.5196000000000000e+004 	5.6443717107924638e-005 	2.9161555036144078e-006 	5.9359872611539062e-005
2.5605599999999999e+004 	5.4924699900088953e-005 	2.7502597010046820e-006 	5.7674959601093645e-005
-1100 0
-1.1000000000000000e+003 0.0000000000000000e+000 0.0000000000000000e+000
1
1 1 1 1
1
         t, ms                         dVp, mV                         dVs, mV                         dV, mV
2.5000000000000000e-001 	1.1004494949582988e-001 	6.3075132537773575e-003 	1.1635246274960725e-001
2.9999999999999999e-001 	1.1020298178009259e-001 	6.3244271106113704e-003 	1.1652740889070394e-001
3.4999999999999998e-001 	1.1028287382587083e-001 	6.3403887001045531e-003 	1.1662326252597535e-001
4.0000000000000002e-001 	1.1034313081141275e-001 	6.3545563690898862e-003 	1.1669768718050261e-001
4.5000000000000001e-001 	1.1039678770066783e-001 	6.3671534992235535e-003 	1.1676394119989136e-001
5.0000000000000000e-001 	1.1044650325142887e-001 	6.3783943980427913e-003 	1.1682489764947165e-001
5.5000000000000004e-001 	1.1049281651776537e-001 	6.3884681451193076e-003 	1.1688128466288462e-001
5.9999999999999998e-001 	1.1053593245829584e-001 	6.3975365556974062e-003 	1.1693346901399324e-001
6.5000000000000002e-001 	1.1057605015345738e-001 	6.4057366283743651e-003 	1.1698178678183176e-001
6.9999999999999996e-001 	1.1061339306777096e-001 	6.4131840635766324e-003 	1.1702657713134761e-001
7.5000000000000000e-001 	1.1064819307215304e-001 	6.4199766954549237e-003 	1.1706816976760795e-001
8.0000000000000004e-001 	1.1068067575849649e-001 	6.4261974937710742e-003 	1.1710687325226754e-001
8.4999999999999998e-001 	1.1071105228929570e-001 	6.4319170817375686e-003 	1.1714296937103326e-001
9.0000000000000002e-001 	1.1073951595781953e-001 	6.4371958102147934e-003 	1.1717671176803432e-001
9.4999999999999996e-001 	1.1076624145421965e-001 	6.4420854546068922e-003 	1.1720832690882653e-001
1.0000000000000000e+000 	1.1079138554456405e-001 	6.4466306009651189e-003 	1.1723801614552916e-001
1.0500000000000000e+000 	1.1081508839246228e-001 	6.4508697796628539e-003 	1.1726595817212515e-001
1.1000000000000001e+000 	1.1083747512983458e-001 	6.4548363964063308e-003 	1.1729231152624092e-001
1.1499999999999999e+000 	1.1085865746125577e-001 	6.4585594991657790e-003 	1.1731721696042149e-001
1.2000000000000000e+000 	1.1087873517767684e-001 	6.4619960522416756e-003 	1.1734073122991855e-001
1.3000000000000000e+000 	1.1129886981118918e-001 	6.4683132744660591e-003 	1.1776718308565526e-001
1.3999999999999999e+000 	1.1094984351384224e-001 	6.4741408437678349e-003 	1.1742398435761009e-001
1.5000000000000000e+000 	1.1098067325207671e-001 	6.4794509035105991e-003 	1.1746012415558729e-001
1.6000000000000001e+000 	1.1100891263639448e-001 	6.4843148244143152e-003 	1.1749322746080879e-001
1.7000000000000000e+000 	1.1103489921510219e-001 	6.4887975255623733e-003 	1.1752369674066454e-001
1.8000000000000000e+000 	1.1105891470851191e-001 	6.4929528417987234e-003 	1.1755186755031061e-001
1.8999999999999999e+000 	1.1108119493597553e-001 	6.4968238399225765e-003 	1.1757801877589810e-001
2.0000000000000000e+000 	1.1110193845045307e-001 	6.5004444739075349e-003 	1.1760238292436062e-001
2.1000000000000001e+000 	1.1112131356377906e-001 	6.5038413770301725e-003 	1.1762515494080920e-001
2.2000000000000002e+000 	1.1113946393615157e-001 	6.5070354376762091e-003 	1.1764649937382779e-001
2.2999999999999998e+000 	1.1115651300222430e-001 	6.5100430927581632e-003 	1.1766655609498242e-001
2.3999999999999999e+000 	1.1117256748161207e-001 	6.5128773596022285e-003 	1.1768544484121429e-001
2.5000000000000000e+000 	1.1118772017987953e-001 	6.5155486491952396e-003 	1.1770326882907470e-001
2.6000000000000001e+000 	1.1120205224663443e-001 	6.5180654028498680e-003 	1.1772011764948431e-001
2.7000000000000002e+000 	1.1121563499344229e-001 	6.5204345879067331e-003 	1.1773606958134902e-001
2.7999999999999998e+000 	1.1122853138003316e-001 	6.5226620813635151e-003 	1.1775119346139672e-001
2.8999999999999999e+000 	1.1124079723087738e-001 	6.5247529649066554e-003 	1.1776555019578394e-001
3.0000000000000000e+000 	1.1125248223581888e-001 	6.5267117504266602e-003 	1.1777919398624551e-001
3.1000000000000001e+000 	1.1126363077893632e-001 	6.5285425503685693e-003 	1.1779217332930486e-001
3.2000000000000002e+000 	1.1127428263127358e-001 	6.5302492046707909e-003 	1.1780453183594436e-001
3.2999999999999998e+000 	1.1128447353337845e-001 	6.5318353740936091e-003 	1.1781630890747206e-001
3.3999999999999999e+000 	1.1129423568708129e-001 	6.5332619478968056e-003 	1.1782749763497807e-001
3.6000000000000001e+000 	1.1142499472016223e-001 	6.5357732351225351e-003 	1.1796076795528475e-001
3.7999999999999998e+000 	1.1132960392538256e-001 	6.5379464377532349e-003 	1.1786755036313580e-001
4.0000000000000000e+000 	1.1134534894919150e-001 	6.5397336609072758e-003 	1.1788508261009877e-001
4.2000000000000002e+000 	1.1135999484964410e-001 	6.5411540128842817e-003 	1.1790114886252839e-001
4.4000000000000004e+000 	1.1137366355979872e-001 	6.5422320440829207e-003 	1.1791589560388167e-001
4.5999999999999996e+000 	1.1138646153588261e-001 	6.5429938470592669e-003 	1.1792945538294188e-001
4.7999999999999998e+000 	1.1139848296566439e-001 	6.5434656377050581e-003 	1.1794194860336947e-001
5.0000000000000000e+000 	1.1140981245706905e-001 	6.5436731518333799e-003 	1.1795348560890243e-001
5.2000000000000002e+000 	1.1142052704615953e-001 	6.5436413208469386e-003 	1.1796416836700649e-001
5.4000000000000004e+000 	1.1143069756843360e-001 	6.5433940617211162e-003 	1.1797409163015468e-001
5.5999999999999996e+000 	1.1144038950162431e-001 	6.5429541309221699e-003 	1.1798334363254653e-001
5.7999999999999998e+000 	1.1144966341384827e-001 	6.5423430237806536e-003 	1.1799200643762887e-001
6.0000000000000000e+000 	1.1145857513557246e-001 	6.5415809108684110e-003 	1.1800015604644092e-001
6.2000000000000002e+000 	1.1146717576345451e-001 	6.5406866046818658e-003 	1.1800786236813640e-001
6.4000000000000004e+000 	1.1147551158574326e-001 	6.5396775509221359e-003 	1.1801518913666546e-001
6.5999999999999996e+000 	1.1148362398565430e-001 	6.5385698398271680e-003 	1.1802219382548147e-001
6.7999999999999998e+000 	1.1149154937268979e-001 	6.5373782327923556e-003 	1.1802892760548216e-001
7.0000000000000000e+000 	1.1149931916533339e-001 	6.5361161995522521e-003 	1.1803543536488566e-001
7.2000000000000002e+000 	1.1150695983837568e-001 	6.5347959623936244e-003 	1.1804175580076932e-001
7.4000000000000004e+000 	1.1151449303896546e-001 	6.5334285451151839e-003 	1.1804792158408059e-001
7.5999999999999996e+000 	1.1152193576393922e-001 	6.5320158611531865e-003 	1.1805395162509234e-001
8.0000000000000000e+000 	1.1159712403261611e-001 	6.5291229364668052e-003 	1.1812624696908294e-001
8.4000000000000004e+000 	1.1155099143000320e-001 	6.5261949586379372e-003 	1.1807718638864115e-001
8.8000000000000007e+000 	1.1156509793918466e-001 	6.5232492298032121e-003 	1.1808834716898789e-001
9.1999999999999993e+000 	1.1157887743265688e-001 	6.5203105270829108e-003 	1.1809918795973977e-001
9.5999999999999996e+000 	1.1159225299750299e-001 	6.5173946267393854e-003 	1.1810964762424238e-001
1.0000000000000000e+001 	1.1160512278668834e-001 	6.5145072489718953e-003 	1.1811963003566021e-001
1.0400000000000000e+001 	1.1161736763997947e-001 	6.5116443419797106e-003 	1.1812901198195917e-001
1.0800000000000001e+001 	1.1162885782152462e-001 	6.5087928619858553e-003 	1.1813765068351045e-001
1.1199999999999999e+001 	1.1163945861151615e-001 	6.5059317201636591e-003 	1.1814539033167978e-001
1.1600000000000000e+001 	1.1164903472491637e-001 	6.5030327782644049e-003 	1.1815206750318083e-001
1.2000000000000000e+001 	1.1165745364810661e-001 	6.5000618499915673e-003 	1.1815751549809816e-001
1.2400000000000000e+001 	1.1166458803289502e-001 	6.4969796896526977e-003 	1.1816156772254771e-001
1.2800000000000001e+001 	1.1167031730380875e-001 	6.4937429581873570e-003 	1.1816406026199612e-001
1.3199999999999999e+001 	1.1167452863251758e-001 	6.4903051555629965e-003 	1.1816483378808058e-001
1.3600000000000000e+001 	1.1167711742058241e-001 	6.4866175103327805e-003 	1.1816373493091518e-001
1.4000000000000000e+001 	1.1167798741101080e-001 	6.4826298182562156e-003 	1.1816061722926705e-001
1.4400000000000000e+001 	1.1167705053361676e-001 	6.4782912217729001e-003 	1.1815534175538964e-001
1.4800000000000001e+001 	1.1167422656512008e-001 	6.4735509246640092e-003 	1.1814777748978406e-001
1.5199999999999999e+001 	1.1166944267332442e-001 	6.4683588373747915e-003 	1.1813780151069915e-001
1.5600000000000000e+001 	1.1166263289400621e-001 	6.4626661504650169e-003 	1.1812529904447121e-001
1.6000000000000000e+001 	1.1165373758034393e-001 	6.4561777918512708e-003 	1.1810991537219515e-001
1.6800000000000001e+001 	1.1167084228695424e-001 	6.4412341617559833e-003 	1.1811207644871025e-001
1.7600000000000001e+001 	1.1159618264225608e-001 	6.4240152331853035e-003 	1.1802019787544143e-001
1.8399999999999999e+001 	1.1155373450242297e-001 	6.4039040110710453e-003 	1.1795763851349400e-001
1.9199999999999999e+001 	1.1150183298029510e-001 	6.3806557238446169e-003 	1.1788248870413971e-001
2.0000000000000000e+001 	1.1144027734280026e-001 	6.3540953464237644e-003 	1.1779437268922405e-001
2.0800000000000001e+001 	1.1136890647979394e-001 	6.3241052524693345e-003 	1.1769301173226335e-001
2.1600000000000001e+001 	1.1128759468392664e-001 	6.2906197943889165e-003 	1.1757821447831554e-001
2.2399999999999999e+001 	1.1119624811310123e-001 	6.2536211622765785e-003 	1.1744986927537782e-001
2.3199999999999999e+001 	1.1109480211381532e-001 	6.2131349890072072e-003 	1.1730793710282249e-001
2.4000000000000000e+001 	1.1098321926337926e-001 	6.1692255588104202e-003 	1.1715244482218964e-001
2.4800000000000001e+001 	1.1086148791842060e-001 	6.1219908041511189e-003 	1.1698347872257171e-001
2.5600000000000001e+001 	1.1072962107258554e-001 	6.0715572864743668e-003 	1.1680117835905991e-001
2.6399999999999999e+001 	1.1058765536721175e-001 	6.0180753117884608e-003 	1.1660573067900021e-001
2.7199999999999999e+001 	1.1043565014663630e-001 	5.9617142921906362e-003 	1.1639736443882691e-001
2.8000000000000000e+001 	1.1027368648525500e-001 	5.9026584315088467e-003 	1.1617634491676383e-001
2.8800000000000001e+001 	1.1010186614765420e-001 	5.8411027850115357e-003 	1.1594296893266579e-001
2.9600000000000001e+001 	1.0992031046350262e-001 	5.7772497196112134e-003 	1.1569756018311382e-001
3.0399999999999999e+001 	1.0972915911617102e-001 	5.7113057815980093e-003 	1.1544046489776906e-001
3.1199999999999999e+001 	1.0952856885468272e-001 	5.6434789650275617e-003 	1.1517204781971029e-001
3.2000000000000000e+001 	1.0931871214444973e-001 	5.5739763632878976e-003 	1.1489268850773762e-001
3.2800000000000004e+001 	1.0909977577483432e-001 	5.5030021799590120e-003 	1.1460277795479337e-001
3.3600000000000001e+001 	1.0887195944375908e-001 	5.4307560712495593e-003 	1.1430271551500865e-001
3.4399999999999999e+001 	1.0863547433759627e-001 	5.3571608010710261e-003 	1.1399263513866731e-001
3.6000000000000000e+001 	1.0815367010844316e-001 	5.2077354643282120e-003 	1.1336140557277134e-001
3.7600000000000001e+001 	1.0760815687770681e-001 	5.0569224056970881e-003 	1.1266507928340389e-001
3.9199999999999996e+001 	1.0704871166064026e-001 	4.9052530411612888e-003 	1.1195396470180154e-001
4.0800000000000004e+001 	1.0646135590737794e-001 	4.7537113008555548e-003 	1.1121506720823347e-001
4.2399999999999999e+001 	1.0584811485907913e-001 	4.6032161791454921e-003 	1.1045133103822463e-001
4.4000000000000000e+001 	1.0521101894285573e-001 	4.4545760636362352e-003 	1.0966559500649195e-001
4.5600000000000001e+001 	1.0455207745349859e-001 	4.3084779898924629e-003 	1.0886055544339109e-001
4.7199999999999996e+001 	1.0387325804193538e-001 	4.1654906145922911e-003 	1.0803874865652767e-001
4.8800000000000004e+001 	1.0317647067752569e-001 	4.0260726954172311e-003 	1.0720254337294288e-001
5.0399999999999999e+001 	1.0246355538514407e-001 	3.8905836916571230e-003 	1.0635413907680120e-001
5.2000000000000000e+001 	1.0173627323421479e-001 	3.7592949587066972e-003 	1.0549556819292154e-001
5.3600000000000001e+001 	1.0099630011428426e-001 	3.6324007862933668e-003 	1.0462870090057758e-001
5.5199999999999996e+001 	1.0024522286372915e-001 	3.5100288870070946e-003 	1.0375525175073626e-001
5.6800000000000004e+001 	9.9484537350225527e-002 	3.3922501245901237e-003 	1.0287678747481566e-001
5.8399999999999999e+001 	9.8715648142395876e-002 	3.2790873774594274e-003 	1.0199473551985527e-001
6.0000000000000000e+001 	9.7939869450409764e-002 	3.1705235003733679e-003 	1.0111039295078317e-001
6.1600000000000001e+001 	9.7158427057919911e-002 	3.0665083919513771e-003 	1.0022493544987131e-001
6.3200000000000003e+001 	9.6372461005889851e-002 	2.9669652048162592e-003 	9.9339426210706100e-002
6.4799999999999997e+001 	9.5583028828534089e-002 	2.8717957532572599e-003 	9.8454824581791348e-002
6.6400000000000006e+001 	9.4791109173608459e-002 	2.7808851833153589e-003 	9.7571994356923791e-002
6.8000000000000000e+001 	9.3997605671708173e-002 	2.6941059744765190e-003 	9.6691711646184675e-002
6.9599999999999994e+001 	9.3203350943217078e-002 	2.6127548603002196e-003 	9.5816105803517321e-002
7.2799999999999997e+001 	9.1623360217898436e-002 	2.4615635528479267e-003 	9.4084923770746370e-002
7.6000000000000000e+001 	9.0034948304779996e-002 	2.3215721858798020e-003 	9.2356520490659774e-002
7.9200000000000003e+001 	8.8463134344352282e-002 	2.1941845196235530e-003 	9.0657318863975864e-002
8.2400000000000006e+001 	8.6904711968334533e-002 	2.0785608243574067e-003 	8.8983272792691900e-002
8.5599999999999994e+001 	8.5362793686548977e-002 	1.9737146241858702e-003 	8.7336508310734834e-002
8.8799999999999997e+001 	8.3839940444536812e-002 	1.8786561256672780e-003 	8.5718596570204114e-002
9.2000000000000000e+001 	8.2338227617268972e-002 	1.7924447220595346e-003 	8.4130672339328486e-002
9.5200000000000003e+001 	8.0859311828042138e-002 	1.7142077138679950e-003 	8.2573519541910168e-002
9.8400000000000006e+001 	7.9404492119750134e-002 	1.6431456449698843e-003 	8.1047637764719987e-002
1.0159999999999999e+002 	7.7974763832716038e-002 	1.5785318890633897e-003 	7.9553295721779438e-002
1.0480000000000001e+002 	7.6570865247491585e-002 	1.5197095506918183e-003 	7.8090574798183432e-002
1.0800000000000000e+002 	7.5193317621239320e-002 	1.4660870570026513e-003 	7.6659404678241921e-002
1.1119999999999999e+002 	7.3842459396186153e-002 	1.4171331527454657e-003 	7.5259592548931609e-002
1.1440000000000001e+002 	7.2518475353713086e-002 	1.3723717124621566e-003 	7.3890847066175241e-002
1.1759999999999999e+002 	7.1221421425258308e-002 	1.3313766228336768e-003 	7.2552798048091990e-002
1.2080000000000001e+002 	6.9951245791588151e-002 	1.2937668885186406e-003 	7.1245012680106773e-002
1.2400000000000000e+002 	6.8707806820516512e-002 	1.2592020488492383e-003 	6.9967008869365743e-002
1.2720000000000000e+002 	6.7490888316918352e-002 	1.2273779484927748e-003 	6.8718266265411179e-002
1.3039999999999998e+002 	6.6300212490150223e-002 	1.1980228761955766e-003 	6.7498235366345818e-002
1.3359999999999999e+002 	6.5135450983572332e-002 	1.1708940670203602e-003 	6.6306345050592713e-002
1.3680000000000001e+002 	6.3996234258418008e-002 	1.1457745522004982e-003 	6.5142008810618518e-002
1.4000000000000000e+002 	6.2882159579721389e-002 	1.1230451028783166e-003 	6.4005204682599695e-002
1.4640000000000001e+002 	6.0738840090629936e-002 	1.0822523826103383e-003 	6.1821092473240261e-002
1.5279999999999998e+002 	5.8666931110898872e-002 	1.0455833281359963e-003 	5.9712514439034879e-002
1.5920000000000002e+002 	5.6698026451145897e-002 	1.0132619366142986e-003 	5.7711288387760185e-002
1.6559999999999999e+002 	5.4816528907226554e-002 	9.8466104254936091e-004 	5.5801189949775939e-002
1.7200000000000000e+002 	5.3018556979765805e-002 	9.5919250886050981e-004 	5.3977749488626291e-002
1.7840000000000001e+002 	5.1300257831399160e-002 	9.3635106168517908e-004 	5.2236608893084346e-002
1.8479999999999998e+002 	4.9657853277475419e-002 	9.1571579147101297e-004 	5.0573569068946417e-002
1.9120000000000002e+002 	4.8087670502217739e-002 	8.9693966110793871e-004 	4.8984610163325656e-002
1.9759999999999999e+002 	4.6586162286937696e-002 	8.7973714636087937e-004 	4.7465899433298583e-002
2.0400000000000000e+002 	4.5149919699899545e-002 	8.6387301517190185e-004 	4.6013792715071451e-002
2.1040000000000001e+002 	4.3775679283544276e-002 	8.4915290067546123e-004 	4.4624832184219768e-002
2.1679999999999998e+002 	4.2460326217878153e-002 	8.3541560810348125e-004 	4.3295741825981629e-002
2.2320000000000002e+002 	4.1200894555929887e-002 	8.2252690967653599e-004 	4.2023421465606448e-002
2.2959999999999999e+002 	3.9994565349941225e-002 	8.1037456110741811e-004 	4.0804939911048638e-002
2.3600000000000000e+002 	3.8838663281198553e-002 	7.9886430197724978e-004 	3.9637527583175812e-002
2.4240000000000001e+002 	3.7730652253377968e-002 	7.8791664143227388e-004 	3.8518568894810250e-002
2.4879999999999998e+002 	3.6668130294297704e-002 	7.7746426825857904e-004 	3.7445594562556292e-002
2.5519999999999999e+002 	3.5648824024352842e-002 	7.6744995715670005e-004 	3.6416273981509539e-002
2.6160000000000002e+002 	3.4670582884868836e-002 	7.5782487000327519e-004 	3.5428407754872084e-002
2.6800000000000000e+002 	3.3731373269750321e-002 	7.4854717223046883e-004 	3.4479920441980783e-002
2.7439999999999998e+002 	3.2829272666523454e-002 	7.3967966679408081e-004 	3.3568952333317532e-002
2.8719999999999999e+002 	3.1141283154600134e-002 	7.2274441496947999e-004 	3.1864027569569610e-002
3.0000000000000000e+002 	2.9552468220635491e-002 	7.0651829821234821e-004 	3.0258986518847834e-002
3.1280000000000001e+002 	2.8094097399509608e-002 	6.9104642425721991e-004 	2.8785143823766818e-002
3.2560000000000002e+002 	2.6741409886964201e-002 	6.7623286737559900e-004 	2.7417642754339791e-002
3.3839999999999998e+002 	2.5484843043454317e-002 	6.6199179138824911e-004 	2.6146834834842560e-002
3.5119999999999999e+002 	2.4315792876684388e-002 	6.4825264427144553e-004 	2.4964045520955845e-002
3.6400000000000000e+002 	2.3226535348467813e-002 	6.3495860911176409e-004 	2.3861493957579586e-002
3.7680000000000001e+002 	2.2210136954684573e-002 	6.2206393450210239e-004 	2.2832200889186686e-002
3.8960000000000002e+002 	2.1260368795629404e-002 	6.0953163625782558e-004 	2.1869900431887225e-002
4.0239999999999998e+002 	2.0371628325483289e-002 	5.9733170972665992e-004 	2.0968960035209955e-002
4.1519999999999999e+002 	1.9538869519873728e-002 	5.8543971917083821e-004 	2.0124309239044569e-002
4.2800000000000000e+002 	1.8757541053080515e-002 	5.7383565865092565e-004 	1.9331376711731438e-002
4.4080000000000001e+002 	1.8023531736978866e-002 	5.6250302951665291e-004 	1.8586034766495525e-002
4.5360000000000002e+002 	1.7333122417810327e-002 	5.5142810142746589e-004 	1.7884550519237791e-002
4.6639999999999998e+002 	1.6682943567494314e-002 	5.4059932811727023e-004 	1.7223542895611583e-002
4.7919999999999999e+002 	1.6069937877171862e-002 	5.3000688943289503e-004 	1.6599944766604764e-002
4.9200000000000000e+002 	1.5491327236993053e-002 	5.1964233368100412e-004 	1.6010969570674057e-002
5.0480000000000001e+002 	1.4944583559427377e-002 	5.0949829815139847e-004 	1.5454081857578770e-002
5.1759999999999991e+002 	1.4427402970328202e-002 	4.9956828990239878e-004 	1.4926971260230598e-002
5.3039999999999998e+002 	1.3937682951823517e-002 	4.8984651321534321e-004 	1.4427529465038856e-002
5.4320000000000005e+002 	1.3473502073991849e-002 	4.8040500150041047e-004 	1.3953907075492265e-002
5.6879999999999995e+002 	1.2621810741024224e-002 	4.6213026727755187e-004 	1.3083941008301781e-002
5.9440000000000009e+002 	1.1835091454755840e-002 	4.4446274462711969e-004 	1.2279554199382963e-002
6.2000000000000000e+002 	1.1130138640863475e-002 	4.2749779970307301e-004 	1.1557636440566543e-002
6.4559999999999991e+002 	1.0489234516867696e-002 	4.1122166437497227e-004 	1.0900456181242670e-002
6.7120000000000005e+002 	9.9047554714599244e-003 	3.9561657154613269e-004 	1.0300372043006061e-002
6.9679999999999995e+002 	9.3701427667006506e-003 	3.8066276506750537e-004 	9.7508055317681482e-003
7.2240000000000009e+002 	8.8797537008463122e-003 	3.6633865085906745e-004 	9.2460923517053741e-003
7.4800000000000000e+002 	8.4287213612394812e-003 	3.5262161630420484e-004 	8.7813429775436842e-003
7.7359999999999991e+002 	8.0128334099899487e-003 	3.3948895512905521e-004 	8.3523223651190050e-003
7.9920000000000005e+002 	7.6284304188489168e-003 	3.2691842281994826e-004 	7.9553488416688641e-003
8.2479999999999995e+002 	7.2723214139413742e-003 	3.1488843579435903e-004 	7.5872098497357316e-003
8.5040000000000009e+002 	6.9417138096003212e-003 	3.0337808601764953e-004 	7.2450918956179734e-003
8.7600000000000000e+002 	6.6341551568976677e-003 	2.9236709973091762e-004 	6.9265222566285891e-003
9.0159999999999991e+002 	6.3474845452382049e-003 	2.8183579697680267e-004 	6.6293203422150065e-003
9.2720000000000005e+002 	6.0797918955136929e-003 	2.7176506619711532e-004 	6.3515569617108086e-003
9.5279999999999995e+002 	5.8293837236242088e-003 	2.6213635215594470e-004 	6.0915200757801526e-003
9.7840000000000009e+002 	5.5947542295680074e-003 	2.5293165165617056e-004 	5.8476858812241753e-003
1.0040000000000000e+003 	5.3745607881430305e-003 	2.4413351241100778e-004 	5.6186943005540396e-003
1.0296000000000001e+003 	5.1676030928680255e-003 	2.3572503240302904e-004 	5.4033281252710529e-003
1.0551999999999998e+003 	4.9728053445236980e-003 	2.2768985826281780e-004 	5.2004952027865153e-003
1.0808000000000000e+003 	4.7892009871840198e-003 	2.2001218220916795e-004 	5.0092131693931872e-003
1.1064000000000001e+003 	4.6159195840207636e-003 	2.1267673753914434e-004 	4.8285963215599073e-003
1.1320000000000000e+003 	4.4521754970362950e-003 	2.0578801327750360e-004 	4.6579635103138001e-003
1.1832000000000000e+003 	4.1527345571058293e-003 	1.9294860668709644e-004 	4.3456831637929284e-003
1.2343999999999999e+003 	3.8777375377276801e-003 	1.8100588264108016e-004 	4.0587434203687590e-003
1.2856000000000001e+003 	3.6322799007654956e-003 	1.7006940013683676e-004 	3.8023493009023326e-003
1.3368000000000000e+003 	3.4099786570594092e-003 	1.6007575942582160e-004 	3.5700544164852313e-003
1.3880000000000000e+003 	3.2079406290932114e-003 	1.5095330613428782e-004 	3.3588939352274978e-003
1.4392000000000000e+003 	3.0237095378180950e-003 	1.4262899676074038e-004 	3.1663385345788346e-003
1.4903999999999999e+003 	2.8551971645263507e-003 	1.3503200259560935e-004 	2.9902291671219609e-003
1.5416000000000001e+003 	2.7006210986054813e-003 	1.2809589143542211e-004 	2.8287169900409041e-003
1.5928000000000000e+003 	2.5584524878687260e-003 	1.2175951540123518e-004 	2.6802120032699611e-003
1.6440000000000000e+003 	2.4273732961031776e-003 	1.1596706475801404e-004 	2.5433403608611932e-003
1.6952000000000000e+003 	2.3062415838040308e-003 	1.1066775415249588e-004 	2.4169093379565270e-003
1.7463999999999999e+003 	2.1940632866714279e-003 	1.0581541043735906e-004 	2.2998786971087878e-003
1.7976000000000001e+003 	2.0899691858899342e-003 	1.0136807055677884e-004 	2.1913372564467122e-003
1.8488000000000000e+003 	1.9931960180431538e-003 	9.7287616519285038e-005 	2.0904836345624401e-003
1.9000000000000000e+003 	1.9030708949682922e-003 	9.3539445943902939e-005 	1.9966103409121945e-003
1.9512000000000000e+003 	1.8189983828750069e-003 	9.0092172037631161e-005 	1.9090905549126380e-003
2.0024000000000001e+003 	1.7404497297752613e-003 	8.6917347312257277e-005 	1.8273670770875183e-003
2.0535999999999999e+003 	1.6669538382465558e-003 	8.3989207869602633e-005 	1.7509430461161576e-003
2.1048000000000002e+003 	1.5980896639907886e-003 	8.1284436793986752e-005 	1.6793741007847761e-003
2.1560000000000000e+003 	1.5334797853458278e-003 	7.8781945135038365e-005 	1.6122617304808657e-003
2.2071999999999998e+003 	1.4727849393323591e-003 	7.6462669606109615e-005 	1.5492476089384690e-003
2.2584000000000001e+003 	1.4156993593701648e-003 	7.4365328044394109e-005 	1.4900646874145586e-003
2.3607999999999997e+003 	1.3119866133450026e-003 	7.0601236425826735e-005 	1.3825878497708297e-003
2.4632000000000003e+003 	1.2176863710069883e-003 	6.7207425037506176e-005 	1.2848937960444941e-003
2.5655999999999999e+003 	1.1343310629781623e-003 	6.4206260884480456e-005 	1.1985373238626426e-003
2.6680000000000000e+003 	1.0595927911830215e-003 	6.1544983042679369e-005 	1.1211377742257013e-003
2.7704000000000001e+003 	9.9234988157420123e-004 	5.9171928480210962e-005 	1.0515218100544117e-003
2.8727999999999997e+003 	9.3165042715077397e-004 	5.7040156366442380e-005 	9.8869058351721607e-004
2.9752000000000003e+003 	8.7668562717945723e-004 	5.5109518394564976e-005 	9.3179514557402247e-004
3.0775999999999999e+003 	8.2676575320954468e-004 	5.3346932385842369e-005 	8.8011268559538684e-004
3.1800000000000000e+003 	7.8130001027371511e-004 	5.1725559389075869e-005 	8.3302556966279126e-004
3.2824000000000001e+003 	7.3978006651230434e-004 	5.0223679460463347e-005 	7.9000374597276756e-004
3.3847999999999997e+003 	7.0176665946565867e-004 	4.8823664938886602e-005 	7.5059032440454553e-004
3.4872000000000003e+003 	6.6687868348441358e-004 	4.7511152124151891e-005 	7.1438983560856580e-004
3.5895999999999999e+003 	6.3478425476991621e-004 	4.6274392856212741e-005 	6.8105864762612884e-004
3.6920000000000000e+003 	6.0519335223899455e-004 	4.5103745072516899e-005 	6.5029709731151116e-004
3.7944000000000001e+003 	5.7785171963910774e-004 	4.3991268671565450e-005 	6.2184298831067315e-004
3.8967999999999997e+003 	5.5253578347998396e-004 	4.2930401610452614e-005 	5.9546618509043669e-004
3.9992000000000003e+003 	5.2904839463850249e-004 	4.1915699078327325e-005 	5.7096409371682985e-004
4.1016000000000004e+003 	5.0721524227882546e-004 	4.0942623322149269e-005 	5.4815786560097465e-004
4.2040000000000000e+003 	4.8688181999492877e-004 	4.0007373835841330e-005 	5.2688919383077023e-004
4.3063999999999996e+003 	4.6791084819302285e-004 	3.9106750043148007e-005 	5.0701759823617101e-004
4.4088000000000002e+003 	4.5018007545763824e-004 	3.8238040333139913e-005 	4.8841811579077813e-004
4.5111999999999998e+003 	4.3358039630287775e-004 	3.7411120081092339e-005 	4.7099151638396996e-004
4.7160000000000000e+003 	4.0361795994699586e-004 	3.5838743586328353e-005 	4.3945670353332433e-004
4.9208000000000002e+003 	3.7647794592018670e-004 	3.4336811863682033e-005 	4.1081475778386855e-004
5.1256000000000004e+003 	3.5263430649356181e-004 	3.2918428884340666e-005 	3.8555273537790234e-004
5.3303999999999996e+003 	3.3131976892330817e-004 	3.1581014055123183e-005 	3.6290078297843148e-004
5.5351999999999998e+003 	3.1216833664423802e-004 	3.0318961882501333e-005 	3.4248729852673940e-004
5.7400000000000000e+003 	2.9487640684445988e-004 	2.9125977771207170e-005 	3.2400238461566700e-004
5.9448000000000002e+003 	2.7919191634191275e-004 	2.7996496022076668e-005 	3.0718841236398949e-004
6.1496000000000004e+003 	2.6490477573461250e-004 	2.6925858308639644e-005 	2.9183063404325218e-004
6.3543999999999996e+003 	2.5183898750096148e-004 	2.5910072818479258e-005 	2.7774906031944073e-004
6.5591999999999998e+003 	2.3984630586457585e-004 	2.4945590415960211e-005 	2.6479189628053612e-004
6.7640000000000000e+003 	2.2880117246466277e-004 	2.4029175476003492e-005 	2.5283034794066635e-004
6.9688000000000002e+003 	2.1859667003331791e-004 	2.3157839708758763e-005 	2.4175450974207676e-004
7.1736000000000004e+003 	2.0914127848534791e-004 	2.2328806084456149e-005 	2.3147008456980402e-004
7.3783999999999996e+003 	2.0035626220245536e-004 	2.1539486136672477e-005 	2.2189574833912784e-004
7.5831999999999998e+003 	1.9217355503215638e-004 	2.0787463604014352e-005 	2.1296101863617069e-004
7.7880000000000000e+003 	1.8453403943490638e-004 	2.0070481400597925e-005 	2.0460452083550425e-004
7.9928000000000002e+003 	1.7738613931562083e-004 	1.9386430768408967e-005 	1.9677257008402979e-004
8.1976000000000004e+003 	1.7068466377983491e-004 	1.8733341819652991e-005 	1.8941800559948781e-004
8.4023999999999996e+003 	1.6438985261870199e-004 	1.8109374926841478e-005 	1.8249922754554339e-004
8.6072000000000007e+003 	1.5846658475968678e-004 	1.7512812860895098e-005 	1.7597939762058188e-004
8.8120000000000000e+003 	1.5288371898050624e-004 	1.6952159362157137e-005 	1.6983587834266346e-004
9.2216000000000004e+003 	1.4273252307187828e-004 	1.5901754652390185e-005 	1.5863427772426844e-004
9.6311999999999989e+003 	1.3338538406929403e-004 	1.4915294937549812e-005 	1.4830067900684386e-004
1.0040800000000001e+004 	1.2509013573741399e-004 	1.4003884402638104e-005 	1.3909402014005207e-004
1.0450400000000000e+004 	1.1759159885690208e-004 	1.3162542296716734e-005 	1.3075414115361878e-004
1.0860000000000000e+004 	1.1078546373775646e-004 	1.2384253834271751e-005 	1.2316971757202820e-004
1.1269600000000000e+004 	1.0458444192644962e-004 	1.1662427118352786e-005 	1.1624686904480241e-004
1.1679199999999999e+004 	9.8915214085019783e-005 	1.0991456683141980e-005 	1.0990667076816176e-004
1.2088800000000001e+004 	9.3715806054894956e-005 	1.0366559276293487e-005 	1.0408236533118842e-004
1.2498400000000000e+004 	8.8933470197293248e-005 	9.7835735371533518e-006 	9.8717043734446603e-005
1.2908000000000000e+004 	8.4523008499693208e-005 	9.2388382171503615e-006 	9.3761846716843570e-005
1.3317600000000000e+004 	8.0445448712064026e-005 	8.7291159710610037e-006 	8.9174564683125031e-005
1.3727200000000001e+004 	7.6666994004774948e-005 	8.2515353641637955e-006 	8.4918529368938742e-005
1.4136799999999999e+004 	7.3158182952741817e-005 	7.8035413601587289e-006 	8.0961724312900551e-005
1.4546400000000000e+004 	6.9893211711809098e-005 	7.3828524471780828e-006 	7.7276064158987188e-005
1.4956000000000000e+004 	6.6849382204422337e-005 	6.9874236943870856e-006 	7.3836805898809454e-005
1.5365600000000000e+004 	6.4006649113600473e-005 	6.6154149954307456e-006 	7.0622064109031197e-005
1.5775200000000001e+004 	6.1347245107612396e-005 	6.2651641471752387e-006 	6.7612409254787627e-005
1.6184799999999999e+004 	5.8855368588151867e-005 	5.9351642177398270e-006 	6.4790532805891673e-005
1.6594400000000001e+004 	5.6516921851501837e-005 	5.6240442038744999e-006 	6.2140966055376345e-005
1.7004000000000000e+004 	5.4319290231598946e-005 	5.3305525974896081e-006 	5.9649842829088528e-005
1.7413599999999999e+004 	5.2251154808565081e-005 	5.0535434146205373e-006 	5.7304698223185634e-005
1.7823200000000001e+004 	5.0302332798023054e-005 	4.7919642521190127e-006 	5.5094297050142064e-005
1.8232799999999999e+004 	4.8463640911651299e-005 	4.5448461231656794e-006 	5.3008487034816974e-005
1.8642399999999998e+004 	4.6726777891054481e-005 	4.3112947109006707e-006 	5.1038072601955150e-005
1.9052000000000000e+004 	4.5084223129782491e-005 	4.0904827148724327e-006 	4.9174705844654922e-005
1.9461600000000002e+004 	4.3529148860974833e-005 	3.8816432553941322e-006 	4.7410792116368966e-005
1.9871200000000001e+004 	4.2055343835405653e-005 	3.6840642330769620e-006 	4.5739408068482634e-005
2.0280799999999999e+004 	4.0657146773348609e-005 	3.4970832531535007e-006 	4.4154230026502116e-005
2.0690400000000001e+004 	3.9329388162607582e-005 	3.3200831893435647e-006 	4.2649471351951147e-005
2.1100000000000000e+004 	3.8067339210054624e-005 	3.1524883360632161e-006 	4.1219827546117827e-005
2.1509599999999999e+004 	3.6866666945501155e-005 	2.9937609517735312e-006 	3.9860427897274702e-005
2.1919200000000001e+004 	3.5723394634150035e-005 	2.8433981863846780e-006 	3.8566792820534717e-005
2.2328800000000003e+004 	3.4633866783772313e-005 	2.7009293002485430e-006 	3.7334796084020840e-005
2.2738399999999998e+004 	3.3594718140312554e-005 	2.5659131586834115e-006 	3.6160631298995975e-005
2.3148000000000000e+004 	3.2602846155220927e-005 	2.4379360378988775e-006 	3.5040782193119794e-005
2.3557600000000002e+004 	3.1655386482920605e-005 	2.3166096383407071e-006 	3.3971996121261306e-005
2.3967199999999997e+004 	3.0749691129483375e-005 	2.2015692382690907e-006 	3.2951260367752467e-005
2.4376799999999999e+004 	2.9883308926738308e-005 	2.0924720125797568e-006 	3.1975780939318066e-005
2.4786400000000001e+004 	2.9053968050727495e-005 	1.9889955197594568e-006 	3.1042963570486942e-005
2.5196000000000000e+004 	2.8259560341464301e-005 	1.8908363182291978e-006 	3.0150396659693502e-005
2.5605599999999999e+004 	2.7498127213182334e-005 	1.7952621937595842e-006 	2.9293389406941899e-005
-500 0
-5.0000000000000000e+002 0.0000000000000000e+000 0.0000000000000000e+000
1
1 1 1 1
1
         t, ms                         dVp, mV                         dVs, mV                         dV, mV
2.5000000000000000e-001 	2.9676737069452726e-002 	1.5524435136596291e-003 	3.1229180583112356e-002
2.9999999999999999e-001 	2.9725946723065791e-002 	1.5659299728478988e-003 	3.1291876695913677e-002
3.4999999999999998e-001 	2.9750822533308789e-002 	1.5786724334593029e-003 	3.1329494966768096e-002
4.0000000000000002e-001 	2.9769584408345102e-002 	1.5900230463647533e-003 	3.1359607454709872e-002
4.5000000000000001e-001 	2.9786291557748642e-002 	1.6001707621663612e-003 	3.1386462319914987e-002
5.0000000000000000e-001 	2.9801771809673059e-002 	1.6092891133423159e-003 	3.1411060923015377e-002
5.5000000000000004e-001 	2.9816192908333091e-002 	1.6175266145799650e-003 	3.1433719522913059e-002
5.9999999999999998e-001 	2.9829618590508099e-002 	1.6250073220987911e-003 	3.1454625912606886e-002
6.5000000000000002e-001 	2.9842110789219091e-002 	1.6318341600910482e-003 	3.1473944949310141e-002
6.9999999999999996e-001 	2.9853739047921823e-002 	1.6380925685046828e-003 	3.1491831616426505e-002
7.5000000000000000e-001 	2.9864575538489549e-002 	1.6438537454767177e-003 	3.1508429283966265e-002
8.0000000000000004e-001 	2.9874690491078458e-002 	1.6491773381177447e-003 	3.1523867829196188e-002
8.4999999999999998e-001 	2.9884149643200627e-002 	1.6541136180778060e-003 	3.1538263261278426e-002
9.0000000000000002e-001 	2.9893013175068640e-002 	1.6587052233504979e-003 	3.1551718398419144e-002
9.4999999999999996e-001 	2.9901335475064850e-002 	1.6629885490827576e-003 	3.1564324024147598e-002
1.0000000000000000e+000 	2.9909165354523436e-002 	1.6669948589856601e-003 	3.1576160213509091e-002
1.0500000000000000e+000 	2.9916546453623707e-002 	1.6707511753510055e-003 	3.1587297628974706e-002
1.1000000000000001e+000 	2.9923517734663375e-002 	1.6742809941582100e-003 	3.1597798728821597e-002
1.1499999999999999e+000 	2.9930113978901447e-002 	1.6776048618548122e-003 	3.1607718840756256e-002
1.2000000000000000e+000 	2.9936366258022828e-002 	1.6806797958284503e-003 	3.1617046053851280e-002
1.3000000000000000e+000 	3.0067209450391187e-002 	1.6863350046162713e-003 	3.1753544455007457e-002
1.3999999999999999e+000 	2.9958509789765702e-002 	1.6915415969668709e-003 	3.1650051386732568e-002
1.5000000000000000e+000 	2.9968110401055102e-002 	1.6962647827189448e-003 	3.1664375183774039e-002
1.6000000000000001e+000 	2.9976904388962344e-002 	1.7005606699610019e-003 	3.1677465058923340e-002
1.7000000000000000e+000 	2.9984996861436505e-002 	1.7044835008125858e-003 	3.1689480362249098e-002
1.8000000000000000e+000 	2.9992475542811130e-002 	1.7080810122842350e-003 	3.1700556555095370e-002
1.8999999999999999e+000 	2.9999413865539143e-002 	1.7113939711534693e-003 	3.1710807836692612e-002
2.0000000000000000e+000 	3.0005873656204621e-002 	1.7144569153987629e-003 	3.1720330571603395e-002
2.1000000000000001e+000 	3.0011907326613196e-002 	1.7172991176235080e-003 	3.1729206444236706e-002
2.2000000000000002e+000 	3.0017559611522027e-002 	1.7199454741561929e-003 	3.1737505085678214e-002
2.2999999999999998e+000 	3.0022868947985937e-002 	1.7224172536559944e-003 	3.1745286201641951e-002
2.3999999999999999e+000 	3.0027868567404040e-002 	1.7247327099269960e-003 	3.1752601277331038e-002
2.5000000000000000e+000 	3.0032587370394478e-002 	1.7269075804651666e-003 	3.1759494950859633e-002
2.6000000000000001e+000 	3.0037050624990309e-002 	1.7289554930248914e-003 	3.1766006118015194e-002
2.7000000000000002e+000 	3.0041280538786071e-002 	1.7308882987949604e-003 	3.1772168837581029e-002
2.7999999999999998e+000 	3.0045296716724759e-002 	1.7327163469472982e-003 	3.1778013063672048e-002
2.8999999999999999e+000 	3.0049116542856826e-002 	1.7344487119645188e-003 	3.1783565254821344e-002
3.0000000000000000e+000 	3.0052755489958401e-002 	1.7360933827657583e-003 	3.1788848872724158e-002
3.1000000000000001e+000 	3.0056227380482411e-002 	1.7376574204951221e-003 	3.1793884800977529e-002
3.2000000000000002e+000 	3.0059544598191476e-002 	1.7391470907104092e-003 	3.1798691688901884e-002
3.2999999999999998e+000 	3.0062718273164188e-002 	1.7405679745237982e-003 	3.1803286247687974e-002
3.3999999999999999e+000 	3.0065758433262271e-002 	1.7419036595252345e-003 	3.1807662092787500e-002
3.6000000000000001e+000 	3.0106481077542525e-002 	1.7444020782026066e-003 	3.1850883155745136e-002
3.7999999999999998e+000 	3.0076772975237299e-002 	1.7467394939661856e-003 	3.1823512469203480e-002
4.0000000000000000e+000 	3.0081676391004307e-002 	1.7489001188219101e-003 	3.1830576509826222e-002
4.2000000000000002e+000 	3.0086237521595494e-002 	1.7509003241791127e-003 	3.1837137845774598e-002
4.4000000000000004e+000 	3.0090494332926661e-002 	1.7527566460719829e-003 	3.1843250978998656e-002
4.5999999999999996e+000 	3.0094479972488566e-002 	1.7544840882127110e-003 	3.1848964060701278e-002
4.7999999999999998e+000 	3.0098223773927346e-002 	1.7560958294854027e-003 	3.1854319603412756e-002
5.0000000000000000e+000 	3.0101752095487742e-002 	1.7576033561035372e-003 	3.1859355451591270e-002
5.2000000000000002e+000 	3.0105088953169646e-002 	1.7590166898034012e-003 	3.1864105642973040e-002
5.4000000000000004e+000 	3.0108256453532791e-002 	1.7603446094524081e-003 	3.1868601062985197e-002
5.5999999999999996e+000 	3.0111275064285493e-002 	1.7615948400263608e-003 	3.1872869904311860e-002
5.7999999999999998e+000 	3.0114163760569527e-002 	1.7627742074864720e-003 	3.1876937968055997e-002
6.0000000000000000e+000 	3.0116940089799385e-002 	1.7638887646488687e-003 	3.1880828854448255e-002
6.2000000000000002e+000 	3.0119620178517503e-002 	1.7649438939964194e-003 	3.1884564072513909e-002
6.4000000000000004e+000 	3.0122218719271301e-002 	1.7659443925464795e-003 	3.1888163111817788e-002
6.5999999999999996e+000 	3.0124748947316222e-002 	1.7668945428473946e-003 	3.1891643490163629e-002
6.7999999999999998e+000 	3.0127222626448628e-002 	1.7677981731435851e-003 	3.1895020799592208e-002
7.0000000000000000e+000 	3.0129650047846065e-002 	1.7686587089887794e-003 	3.1898308756834845e-002
7.2000000000000002e+000 	3.0132040051060308e-002 	1.7694792180577006e-003 	3.1901519269118002e-002
7.4000000000000004e+000 	3.0134400061702166e-002 	1.7702624493344651e-003 	3.1904662511036609e-002
7.5999999999999996e+000 	3.0136736148448466e-002 	1.7709990056540344e-003 	3.1907735154102494e-002
8.0000000000000000e+000 	3.0160208801341914e-002 	1.7723763550533745e-003 	3.1932585156395299e-002
8.4000000000000004e+000 	3.0145922668065223e-002 	1.7736631893095925e-003 	3.1919585857374817e-002
8.8000000000000007e+000 	3.0150438084741885e-002 	1.7748492638150755e-003 	3.1925287348556944e-002
9.1999999999999993e+000 	3.0154900755557774e-002 	1.7759419558893744e-003 	3.1930842711447138e-002
9.5999999999999996e+000 	3.0159298266954713e-002 	1.7769487046034179e-003 	3.1936246971558141e-002
1.0000000000000000e+001 	3.0163611328112377e-002 	1.7778761044216851e-003 	3.1941487432534055e-002
1.0400000000000000e+001 	3.0167815966348606e-002 	1.7787297657212988e-003 	3.1946545732069911e-002
1.0800000000000001e+001 	3.0171885461532450e-002 	1.7795144079431606e-003 	3.1951399869475601e-002
1.1199999999999999e+001 	3.0175791938167454e-002 	1.7802340051502118e-003 	3.1956025943317666e-002
1.1600000000000000e+001 	3.0179507615098557e-002 	1.7808919266267917e-003 	3.1960399541725353e-002
1.2000000000000000e+001 	3.0183005739875424e-002 	1.7814910573252741e-003 	3.1964496797200689e-002
1.2400000000000000e+001 	3.0186261251916171e-002 	1.7820338967379520e-003 	3.1968295148654138e-002
1.2800000000000001e+001 	3.0189251222362289e-002 	1.7825226389036209e-003 	3.1971773861265908e-002
1.3199999999999999e+001 	3.0191955114962980e-002 	1.7829592370406711e-003 	3.1974914352003649e-002
1.3600000000000000e+001 	3.0194354908317247e-002 	1.7833454559163303e-003 	3.1977700364233572e-002
1.4000000000000000e+001 	3.0196435114929549e-002 	1.7836829145818369e-003 	3.1980118029511381e-002
1.4400000000000000e+001 	3.0198182724519386e-002 	1.7839731213912023e-003 	3.1982155845910597e-002
1.4800000000000001e+001 	3.0199587096290729e-002 	1.7842175027680651e-003 	3.1983804599058786e-002
1.5199999999999999e+001 	3.0200639815078128e-002 	1.7844174268894558e-003 	3.1985057241967568e-002
1.5600000000000000e+001 	3.0201334529593206e-002 	1.7845742230086716e-003 	3.1985908752601877e-002
1.6000000000000000e+001 	3.0201666779328829e-002 	1.7846740008240676e-003 	3.1986340780152896e-002
1.6800000000000001e+001 	3.0214241106399822e-002 	1.7847516217562220e-003 	3.1998992728156046e-002
1.7600000000000001e+001 	3.0199344508872236e-002 	1.7847091348184695e-003 	3.1984053643690689e-002
1.8399999999999999e+001 	3.0196011849181376e-002 	1.7845302054177105e-003 	3.1980542054599090e-002
1.9199999999999999e+001 	3.0191265562987270e-002 	1.7842224739150979e-003 	3.1975488036902373e-002
2.0000000000000000e+001 	3.0185145683370319e-002 	1.7837956950489699e-003 	3.1968941378419283e-002
2.0800000000000001e+001 	3.0177700751170076e-002 	1.7832603148573915e-003 	3.1960961066027457e-002
2.1600000000000001e+001 	3.0168985426491018e-002 	1.7826268849378594e-003 	3.1951612311428880e-002
2.2399999999999999e+001 	3.0159058464280054e-002 	1.7819057569111055e-003 	3.1940964221191158e-002
2.3199999999999999e+001 	3.0147981061965191e-002 	1.7811068732501523e-003 	3.1929087935215358e-002
2.4000000000000000e+001 	3.0135815537618477e-002 	1.7802395964434873e-003 	3.1916055134061955e-002
2.4800000000000001e+001 	3.0122624287047321e-002 	1.7793125625044628e-003 	3.1901936849551775e-002
2.5600000000000001e+001 	3.0108468968046396e-002 	1.7783335589033648e-003 	3.1886802526949767e-002
2.6399999999999999e+001 	3.0093409869014227e-002 	1.7773094295452027e-003 	3.1870719298559433e-002
2.7199999999999999e+001 	3.0077505425371964e-002 	1.7762460083714151e-003 	3.1853751433743388e-002
2.8000000000000000e+001 	3.0060811853999860e-002 	1.7751480814227553e-003 	3.1835959935422618e-002
2.8800000000000001e+001 	3.0043382884169155e-002 	1.7740193757518447e-003 	3.1817402259921003e-002
2.9600000000000001e+001 	3.0025269564823962e-002 	1.7728625726477285e-003 	3.1798132137471687e-002
3.0399999999999999e+001 	3.0006520135484365e-002 	1.7716793420352243e-003 	3.1778199477519593e-002
3.1199999999999999e+001 	2.9987179948485890e-002 	1.7704703946023427e-003 	3.1757650343088251e-002
3.2000000000000000e+001 	2.9967291433087458e-002 	1.7692355481533121e-003 	3.1736526981240784e-002
3.2800000000000004e+001 	2.9946894095006917e-002 	1.7679738047731118e-003 	3.1714867899780043e-002
3.3600000000000001e+001 	2.9926024544284554e-002 	1.7666834356057212e-003 	3.1692707979890267e-002
3.4399999999999999e+001 	2.9904716546702532e-002 	1.7653473334843586e-003 	3.1670063880186887e-002
3.6000000000000000e+001 	2.9866168694846106e-002 	1.7625577966040469e-003 	3.1628726491450154e-002
3.7600000000000001e+001 	2.9815747889023813e-002 	1.7596230602798129e-003 	3.1575370949303627e-002
3.9199999999999996e+001 	2.9769304602585731e-002 	1.7564915252653651e-003 	3.1525796127851086e-002
4.0800000000000004e+001 	2.9721749921396392e-002 	1.7531286457064307e-003 	3.1474878567102821e-002
4.2399999999999999e+001 	2.9673194134051988e-002 	1.7495008942160076e-003 	3.1422695028268000e-002
4.4000000000000000e+001 	2.9623720647646762e-002 	1.7455765847838244e-003 	3.1369297232430586e-002
4.5600000000000001e+001 	2.9573389142717846e-002 	1.7413269235683926e-003 	3.1314716066286240e-002
4.7199999999999996e+001 	2.9522239009028423e-002 	1.7367269056657328e-003 	3.1258965914694146e-002
4.8800000000000004e+001 	2.9470292707121808e-002 	1.7317559537572127e-003 	3.1202048660879014e-002
5.0399999999999999e+001 	2.9417558908834487e-002 	1.7263982951685498e-003 	3.1143957204003044e-002
5.2000000000000000e+001 	2.9364035354091409e-002 	1.7206431076883905e-003 	3.1084678461779799e-002
5.3600000000000001e+001 	2.9309711400198672e-002 	1.7144844738374004e-003 	3.1024195874036070e-002
5.5199999999999996e+001 	2.9254570259804602e-002 	1.7079211841292674e-003 	3.0962491443933877e-002
5.6800000000000004e+001 	2.9198590936584064e-002 	1.7009564274395601e-003 	3.0899547364023613e-002
5.8399999999999999e+001 	2.9141749873799496e-002 	1.6935974025077535e-003 	3.0835347276307240e-002
6.0000000000000000e+001 	2.9084022337468575e-002 	1.6858548797595487e-003 	3.0769877217228143e-002
6.1600000000000001e+001 	2.9025383556547858e-002 	1.6777427375905508e-003 	3.0703126294138402e-002
6.3200000000000003e+001 	2.8965809645445931e-002 	1.6692774924583220e-003 	3.0635087137904249e-002
6.4799999999999997e+001 	2.8905278333056682e-002 	1.6604778377623832e-003 	3.0565756170819067e-002
6.6400000000000006e+001 	2.8843769522788693e-002 	1.6513642026460434e-003 	3.0495133725434723e-002
6.8000000000000000e+001 	2.8781265705881878e-002 	1.6419583386348257e-003 	3.0423224044516705e-002
6.9599999999999994e+001 	2.8717752249506436e-002 	1.6321974058416280e-003 	3.0349949655348058e-002
7.2799999999999997e+001 	2.8589479776188999e-002 	1.6119839687024004e-003 	3.0201463744891389e-002
7.6000000000000000e+001 	2.8453417523310025e-002 	1.5911809541515113e-003 	3.0044598477461527e-002
7.9200000000000003e+001 	2.8315065722877501e-002 	1.5697953475450701e-003 	2.9884861070422569e-002
8.2400000000000006e+001 	2.8172632398161274e-002 	1.5479763079243366e-003 	2.9720608706085613e-002
8.5599999999999994e+001 	2.8026198009318062e-002 	1.5258763754408048e-003 	2.9552074384758861e-002
8.8799999999999997e+001 	2.7875878071254780e-002 	1.5036392622730964e-003 	2.9379517333527880e-002
9.2000000000000000e+001 	2.7721817893617457e-002 	1.4813950293695057e-003 	2.9203212922986974e-002
9.5200000000000003e+001 	2.7564187055108092e-002 	1.4592583449565225e-003 	2.9023445400064608e-002
9.8400000000000006e+001 	2.7403174049014246e-002 	1.4373281931403302e-003 	2.8840502242154578e-002
1.0159999999999999e+002 	2.7238981336152317e-002 	1.4156883500804891e-003 	2.8654669686232790e-002
1.0480000000000001e+002 	2.7071820924872265e-002 	1.3944082951087532e-003 	2.8466229219981015e-002
1.0800000000000000e+002 	2.6901910524560840e-002 	1.3735443655954038e-003 	2.8275454890156232e-002
1.1119999999999999e+002 	2.6729470272268019e-002 	1.3531410320962683e-003 	2.8082611304364284e-002
1.1440000000000001e+002 	2.6554720004023868e-002 	1.3332322097549592e-003 	2.7887952213778825e-002
1.1759999999999999e+002 	2.6377877025417409e-002 	1.3138425484680554e-003 	2.7691719573885457e-002
1.2080000000000001e+002 	2.6199154328025141e-002 	1.2949886635379765e-003 	2.7494142991563119e-002
1.2400000000000000e+002 	2.6018759196032682e-002 	1.2766802827915440e-003 	2.7295439478824242e-002
1.2720000000000000e+002 	2.5836892148507186e-002 	1.2589212967234833e-003 	2.7095813445230672e-002
1.3039999999999998e+002 	2.5653746165972321e-002 	1.2417107059171587e-003 	2.6895456871889479e-002
1.3359999999999999e+002 	2.5469506154877218e-002 	1.2250434654407800e-003 	2.6694549620318000e-002
1.3680000000000001e+002 	2.5284348608815080e-002 	1.2089112296138644e-003 	2.6493259838428949e-002
1.4000000000000000e+002 	2.5098441429659338e-002 	1.1934950474358312e-003 	2.6291936477095164e-002
1.4640000000000001e+002 	2.4727380132643070e-002 	1.1642021361898663e-003 	2.5891582268832945e-002
1.5279999999999998e+002 	2.4350774036788102e-002 	1.1364286047446047e-003 	2.5487202641532706e-002
1.5920000000000002e+002 	2.3976163649468009e-002 	1.1103797812960382e-003 	2.5086543430764038e-002
1.6559999999999999e+002 	2.3602267288579025e-002 	1.0859577263429183e-003 	2.4688225014921943e-002
1.7200000000000000e+002 	2.3229887527484540e-002 	1.0630396475107475e-003 	2.4292927174995291e-002
1.7840000000000001e+002 	2.2859727536905905e-002 	1.0414979676239017e-003 	2.3901225504529808e-002
1.8479999999999998e+002 	2.2492397782549804e-002 	1.0212085242683323e-003 	2.3513606306818133e-002
1.9120000000000002e+002 	2.2128424427246215e-002 	1.0020541349613022e-003 	2.3130478562207506e-002
1.9759999999999999e+002 	2.1768257905356640e-002 	9.8392614599743721e-004 	2.2752184051354082e-002
2.0400000000000000e+002 	2.1412281085185947e-002 	9.6672498780845512e-004 	2.2379006072994402e-002
2.1040000000000001e+002 	2.1060816802953613e-002 	9.5036018500219296e-004 	2.2011176987955794e-002
2.1679999999999998e+002 	2.0714134704977176e-002 	9.3475004919006525e-004 	2.1648884754167232e-002
2.2320000000000002e+002 	2.0372457402879133e-002 	9.1982118793094069e-004 	2.1292278590810083e-002
2.2959999999999999e+002 	2.0035965978320882e-002 	9.0550791458631548e-004 	2.0941473892907205e-002
2.3600000000000000e+002 	1.9704804887645842e-002 	8.9175161482681379e-004 	2.0596556502472645e-002
2.4240000000000001e+002 	1.9379086321671055e-002 	8.7850010646306704e-004 	2.0257586428134126e-002
2.4879999999999998e+002 	1.9058894075930494e-002 	8.6570701624604017e-004 	1.9924601092176537e-002
2.5519999999999999e+002 	1.8744286984052137e-002 	8.5333118825516518e-004 	1.9597618172307298e-002
2.6160000000000002e+002 	1.8435301962903196e-002 	8.4133613223561063e-004 	1.9276638095138812e-002
2.6800000000000000e+002 	1.8131956713717715e-002 	8.2968951592760369e-004 	1.8961646229645322e-002
2.7439999999999998e+002 	1.7834252118759081e-002 	8.1846793305714069e-004 	1.8652720051816219e-002
2.8719999999999999e+002 	1.7259213673080951e-002 	7.9687737791063452e-004 	1.8056091050991579e-002
3.0000000000000000e+002 	1.6699221840520039e-002 	7.7607158213840750e-004 	1.7475293422658446e-002
3.1280000000000001e+002 	1.6164577112118154e-002 	7.5612348942794168e-004 	1.6920700601546091e-002
3.2560000000000002e+002 	1.5651204915595567e-002 	7.3695124005631457e-004 	1.6388156155651892e-002
3.3839999999999998e+002 	1.5158512953391101e-002 	7.1847674909095985e-004 	1.5876989702482060e-002
3.5119999999999999e+002 	1.4685848101903374e-002 	7.0063340839215352e-004 	1.5386481510295529e-002
3.6400000000000000e+002 	1.4232516214200861e-002 	6.8336657351300155e-004 	1.4915882787713854e-002
3.7680000000000001e+002 	1.3797798289420311e-002 	6.6663193258777328e-004 	1.4464430222008088e-002
3.8960000000000002e+002 	1.3380963369789976e-002 	6.5039350483883510e-004 	1.4031356874628814e-002
4.0239999999999998e+002 	1.2981278666242584e-002 	6.3462182970782841e-004 	1.3615900495950418e-002
4.1519999999999999e+002 	1.2598017402846370e-002 	6.1929248778977235e-004 	1.3217309890636143e-002
4.2800000000000000e+002 	1.2230464809299622e-002 	6.0438494422012539e-004 	1.2834849753519745e-002
4.4080000000000001e+002 	1.1877922620497104e-002 	5.8988165855697523e-004 	1.2467804279054083e-002
4.5360000000000002e+002 	1.1539712377611418e-002 	5.7576740155309289e-004 	1.2115479779164516e-002
4.6639999999999998e+002 	1.1215177770166559e-002 	5.6202872992077314e-004 	1.1777206500087333e-002
4.7919999999999999e+002 	1.0903686213560677e-002 	5.4865358228927850e-004 	1.1452339795849954e-002
4.9200000000000000e+002 	1.0604629819487624e-002 	5.3563096891986258e-004 	1.1140260788407486e-002
5.0480000000000001e+002 	1.0317425887079913e-002 	5.2295073428117080e-004 	1.0840376621361085e-002
5.1759999999999991e+002 	1.0041517018332191e-002 	5.1060337622750313e-004 	1.0552120394559697e-002
5.3039999999999998e+002 	9.7763709416694971e-003 	4.9857990900182354e-004 	1.0274950850671320e-002
5.4320000000000005e+002 	9.5214801117463124e-003 	4.8698762019084950e-004 	1.0008467731937164e-002
5.6879999999999995e+002 	9.0441271604584476e-003 	4.6473366006093576e-004 	9.5088608205193843e-003
5.9440000000000009e+002 	8.5938981451026859e-003 	4.4341091299823332e-004 	9.0373090581009168e-003
6.2000000000000000e+002 	8.1801721948828940e-003 	4.2316283692535978e-004 	8.6033350318082524e-003
6.4559999999999991e+002 	7.7959141573073123e-003 	4.0395491782185898e-004 	8.1998690751291757e-003
6.7120000000000005e+002 	7.4384963386086578e-003 	3.8574007485812385e-004 	7.8242364134667817e-003
6.9679999999999995e+002 	7.1055428288924012e-003 	3.6846879952002971e-004 	7.4740116284124298e-003
7.2240000000000009e+002 	6.7949125811102547e-003 	3.5209239662342646e-004 	7.1470049777336807e-003
7.4800000000000000e+002 	6.5046782455321726e-003 	3.3656388464344098e-004 	6.8412421301756168e-003
7.7359999999999991e+002 	6.2331048698363650e-003 	3.2183821652373142e-004 	6.5549430863600967e-003
7.9920000000000005e+002 	5.9786298840336094e-003 	3.0787235248283458e-004 	6.2865022365164456e-003
8.2479999999999995e+002 	5.7398448103523469e-003 	2.9462529992316320e-004 	6.0344701102755119e-003
8.5040000000000009e+002 	5.5154787699752909e-003 	2.8205812462156189e-004 	5.7975368945968539e-003
8.7600000000000000e+002 	5.3043837158925225e-003 	2.7013392955117191e-004 	5.5745176454436935e-003
9.0159999999999991e+002 	5.1055212662726081e-003 	2.5881780649279919e-004 	5.3643390727654092e-003
9.2720000000000005e+002 	4.9179509945869188e-003 	2.4807676901137619e-004 	5.1660277635982967e-003
9.5279999999999995e+002 	4.7408200310823370e-003 	2.3787967419371534e-004 	4.9786997052760499e-003
9.7840000000000009e+002 	4.5733538362460902e-003 	2.2819713824844614e-004 	4.8015509744945327e-003
1.0040000000000000e+003 	4.4148480167705657e-003 	2.1900144926651106e-004 	4.6338494660370768e-003
1.0296000000000001e+003 	4.2646610657072221e-003 	2.1026647927300623e-004 	4.4749275449802286e-003
1.0551999999999998e+003 	4.1222079202084903e-003 	2.0196759702897606e-004 	4.3241755172374668e-003
1.0808000000000000e+003 	3.9869542414523182e-003 	1.9408158266968803e-004 	4.1810358241220064e-003
1.1064000000000001e+003 	3.8584113320180697e-003 	1.8658654498303364e-004 	4.0449978770011044e-003
1.1320000000000000e+003 	3.7361316156756140e-003 	1.7959054908974980e-004 	3.9157221647653628e-003
1.1832000000000000e+003 	3.5104277596808373e-003 	1.6663559084441001e-004 	3.6770633505252490e-003
1.2343999999999999e+003 	3.3009697963558783e-003 	1.5466977981065292e-004 	3.4556395761665311e-003
1.2856000000000001e+003 	3.1118292992007076e-003 	1.4380446188474319e-004 	3.2556337610854511e-003
1.3368000000000000e+003 	2.9387888927082224e-003 	1.3395343733868645e-004 	3.0727423300469089e-003
1.3880000000000000e+003 	2.7800391026315025e-003 	1.2502383207831837e-004 	2.9050629347098203e-003
1.4392000000000000e+003 	2.6340154217882983e-003 	1.1692739391617298e-004 	2.7509428157044707e-003
1.4903999999999999e+003 	2.4993646820718873e-003 	1.0958316101254921e-004 	2.6089478430844368e-003
1.5416000000000001e+003 	2.3749131954541058e-003 	1.0291761708363911e-004 	2.4778308125377449e-003
1.5928000000000000e+003 	2.2596391388733628e-003 	9.6864283720492886e-005 	2.3565034225938551e-003
1.6440000000000000e+003 	2.1526493453327853e-003 	9.1363200235950649e-005 	2.2440125455687361e-003
1.6952000000000000e+003 	2.0531599913168209e-003 	8.6360363607656672e-005 	2.1395203549244781e-003
1.7463999999999999e+003 	1.9604805505940561e-003 	8.1807160323285339e-005 	2.0422877109173418e-003
1.7976000000000001e+003 	1.8740004350699484e-003 	7.7659822662870303e-005 	1.9516602577328182e-003
1.8488000000000000e+003 	1.7931778342004860e-003 	7.3878930229653370e-005 	1.8670567644301389e-003
1.9000000000000000e+003 	1.7175303537766251e-003 	7.0428963203176057e-005 	1.7879593169797998e-003
1.9512000000000000e+003 	1.6466271312891101e-003 	6.7277905079004161e-005 	1.7139050363681144e-003
2.0024000000000001e+003 	1.5800821674180020e-003 	6.4396889471749128e-005 	1.6444790568897511e-003
2.0535999999999999e+003 	1.5175486631444628e-003 	6.1759885232951967e-005 	1.5793085483774153e-003
2.1048000000000002e+003 	1.4587141918126353e-003 	5.9343414836621906e-005 	1.5180576066492568e-003
2.1560000000000000e+003 	1.4032965672413516e-003 	5.7126301877685638e-005 	1.4604228691190368e-003
2.2071999999999998e+003 	1.3510402943890218e-003 	5.5089444229538260e-005 	1.4061297386185599e-003
2.2584000000000001e+003 	1.3017135094566983e-003 	5.3267467106220650e-005 	1.3549809765629193e-003
2.3607999999999997e+003 	1.2116556509342929e-003 	5.0043020623138812e-005 	1.2616986715574315e-003
2.4632000000000003e+003 	1.1292757361266517e-003 	4.7187341340519923e-005 	1.1764630774671720e-003
2.5655999999999999e+003 	1.0559991365735671e-003 	4.4717928611880905e-005 	1.1007170651854482e-003
2.6680000000000000e+003 	9.8992538477723721e-004 	4.2576722223367916e-005 	1.0325021070006048e-003
2.7704000000000001e+003 	9.3016386076666120e-004 	4.0709908838569723e-005 	9.7087376960523092e-004
2.8727999999999997e+003 	8.7595163445345064e-004 	3.9070982773522275e-005 	9.1502261722697291e-004
2.9752000000000003e+003 	8.2663465653556899e-004 	3.7620724918857834e-005 	8.6425538145442672e-004
3.0775999999999999e+003 	7.8165045836843885e-004 	3.6326588791679045e-005 	8.1797704716011826e-004
3.1800000000000000e+003 	7.4051344761839010e-004 	3.5161879154993181e-005 	7.7567532677338296e-004
3.2824000000000001e+003 	7.0280273353312572e-004 	3.4104835701111141e-005 	7.3690756923423654e-004
3.3847999999999997e+003 	6.6815211351382885e-004 	3.3137751453396780e-005 	7.0128986496722579e-004
3.4872000000000003e+003 	6.3624182726918594e-004 	3.2246207795115217e-005 	6.6848803506430082e-004
3.5895999999999999e+003 	6.0679173719979727e-004 	3.1418445611684430e-005 	6.3821018281148161e-004
3.6920000000000000e+003 	5.7955565811244642e-004 	3.0644858598729664e-005 	6.1020051671117589e-004
3.7944000000000001e+003 	5.5431661661512193e-004 	2.9917586280220367e-005 	5.8423420289534244e-004
3.8967999999999997e+003 	5.3088286681569744e-004 	2.9230186219492991e-005 	5.6011305303519038e-004
3.9992000000000003e+003 	5.0908452511682929e-004 	2.8577369105309062e-005 	5.3766189422213833e-004
4.1016000000000004e+003 	4.8877071492523883e-004 	2.7954784125870558e-005 	5.1672549905110924e-004
4.2040000000000000e+003 	4.6980713379874838e-004 	2.7358844797594043e-005 	4.9716597859634257e-004
4.3063999999999996e+003 	4.5207397246971602e-004 	2.6786587469443687e-005 	4.7886055993915977e-004
4.4088000000000002e+003 	4.3546412844372066e-004 	2.6235556283147315e-005 	4.6169968472686796e-004
4.5111999999999998e+003 	4.1988166735135542e-004 	2.5710319903671593e-005 	4.4559198725502693e-004
4.7160000000000000e+003 	3.9167443814033185e-004 	2.4710774211620566e-005 	4.1638521235195245e-004
4.9208000000000002e+003 	3.6604260567031410e-004 	2.3756496517655642e-005 	3.8979910218796976e-004
5.1256000000000004e+003 	3.4344252251222030e-004 	2.2852133535891692e-005 	3.6629465604811208e-004
5.3303999999999996e+003 	3.2317686739242486e-004 	2.1994313929272612e-005 	3.4517118132169764e-004
5.5351999999999998e+003 	3.0491606439647716e-004 	2.1179622876902229e-005 	3.2609568727337936e-004
5.7400000000000000e+003 	2.8838539196684613e-004 	2.0404617316066269e-005 	3.0879000928291263e-004
5.9448000000000002e+003 	2.7335570528621742e-004 	1.9666198067779437e-005 	2.9302190335399694e-004
6.1496000000000004e+003 	2.5963518194048815e-004 	1.8961777969530648e-005 	2.7859695991001875e-004
6.3543999999999996e+003 	2.4706247119329981e-004 	1.8289209631916302e-005 	2.6535168082521623e-004
6.5591999999999998e+003 	2.3550114796829177e-004 	1.7646648389832527e-005 	2.5314779635812431e-004
6.7640000000000000e+003 	2.2483525671825164e-004 	1.7032446298734489e-005 	2.4186770301698620e-004
6.9688000000000002e+003 	2.1496573158323652e-004 	1.6445089297657447e-005 	2.3141082088089398e-004
7.1736000000000004e+003 	2.0580751191643938e-004 	1.5883163180262820e-005 	2.2169067509670220e-004
7.3783999999999996e+003 	1.9728720816588620e-004 	1.5345335154514208e-005 	2.1263254332040037e-004
7.5831999999999998e+003 	1.8934120418844435e-004 	1.4830343434015827e-005 	2.0417154762246022e-004
7.7880000000000000e+003 	1.8191410698948740e-004 	1.4336991051413672e-005 	1.9625109804090107e-004
7.9928000000000002e+003 	1.7495747430070315e-004 	1.3864141980511794e-005 	1.8882161628121496e-004
8.1976000000000004e+003 	1.6842876540210897e-004 	1.3410718521946216e-005 	1.8183948392405517e-004
8.4023999999999996e+003 	1.6229047216606454e-004 	1.2975699334418671e-005 	1.7526617150048329e-004
8.6072000000000007e+003 	1.5650939625394764e-004 	1.2558117739019525e-005 	1.6906751399296715e-004
8.8120000000000000e+003 	1.5105604535841139e-004 	1.2163101725748693e-005 	1.6321914708416010e-004
9.2216000000000004e+003 	1.4112822776532249e-004 	1.1419295532461821e-005 	1.5254752329778423e-004
9.6311999999999989e+003 	1.3197741633030457e-004 	1.0718661895068431e-005 	1.4269607822537289e-004
1.0040800000000001e+004 	1.2384449977644485e-004 	1.0067141277989333e-005 	1.3391164105443424e-004
1.0450400000000000e+004 	1.1648429266469038e-004 	9.4617267222924472e-006 	1.2594601938698284e-004
1.0860000000000000e+004 	1.0979681608456130e-004 	8.8984276484987192e-006 	1.1869524373306006e-004
1.1269600000000000e+004 	1.0369820937376477e-004 	8.3732644676568765e-006 	1.1207147384142164e-004
1.1679199999999999e+004 	9.8117877846462333e-005 	7.8827270242018104e-006 	1.0600060487066410e-004
1.2088800000000001e+004 	9.2996029910059024e-005 	7.4237893133880220e-006 	1.0041981922344702e-004
1.2498400000000000e+004 	8.8281681725512295e-005 	6.9938110296879660e-006 	9.5275492755200303e-005
1.2908000000000000e+004 	8.3931073203619131e-005 	6.5904593301431879e-006 	9.0521532533762309e-005
1.3317600000000000e+004 	7.9906414045584606e-005 	6.2116591752078060e-006 	8.6118073220792376e-005
1.3727200000000001e+004 	7.6174886339426475e-005 	5.8555579163605418e-006 	8.2030444255787023e-005
1.4136799999999999e+004 	7.2707845013957495e-005 	5.5204960703819435e-006 	7.8228341084339453e-005
1.4546400000000000e+004 	6.9480171276876165e-005 	5.2049818841311902e-006 	7.4685153161007349e-005
1.4956000000000000e+004 	6.6469745200700372e-005 	4.9076691811925877e-006 	7.1377414381893007e-005
1.5365600000000000e+004 	6.3657011948418699e-005 	4.6273382290717033e-006 	6.8284350177490397e-005
1.5775200000000001e+004 	6.1024622294163618e-005 	4.3628793946808271e-006 	6.5387501688844469e-005
1.6184799999999999e+004 	5.8557132637235683e-005 	4.1132792993025640e-006 	6.2670411936538247e-005
1.6594400000000001e+004 	5.6240753074058601e-005 	3.8776090575451107e-006 	6.0118362131603732e-005
1.7004000000000000e+004 	5.4063134603538047e-005 	3.6550142956760975e-006 	5.7718148899214151e-005
1.7413599999999999e+004 	5.2013188436039543e-005 	3.4447066801377901e-006 	5.5457895116177321e-005
1.7823200000000001e+004 	5.0080931816996849e-005 	3.2459567039704665e-006 	5.3326888520967309e-005
1.8232799999999999e+004 	4.8257355885847981e-005 	3.0580875463503662e-006 	5.1315443432198356e-005
1.8642399999999998e+004 	4.6534311951946918e-005 	2.8804697965276684e-006 	4.9414781748474600e-005
1.9052000000000000e+004 	4.4904413243629368e-005 	2.7125168887767429e-006 	4.7616930132406114e-005
1.9461600000000002e+004 	4.3360949720403583e-005 	2.5536811650389258e-006 	4.5914630885442521e-005
1.9871200000000001e+004 	4.1897813962728621e-005 	2.4034504573787797e-006 	4.4301264420107400e-005
2.0280799999999999e+004 	4.0509436494686757e-005 	2.2613450867024793e-006 	4.2770781581389248e-005
2.0690400000000001e+004 	3.9190729170382239e-005 	2.1269152227268185e-006 	4.1317644393109054e-005
2.1100000000000000e+004 	3.7937035478472292e-005 	1.9997385430694553e-006 	3.9936774021541758e-005
2.1509599999999999e+004 	3.6744086802400553e-005 	1.8794181495133497e-006 	3.8623504951913893e-005
2.1919200000000001e+004 	3.5607963824217648e-005 	1.7655807092195616e-006 	3.7373544533437211e-005
2.2328800000000003e+004 	3.4525062384110301e-005 	1.6578747761927498e-006 	3.6182937160303042e-005
2.2738399999999998e+004 	3.3492063211006549e-005 	1.5559692714630666e-006 	3.5048032482469616e-005
2.3148000000000000e+004 	3.2505905025391612e-005 	1.4595521140973882e-006 	3.3965457139489001e-005
2.3557600000000002e+004 	3.1563760587657650e-005 	1.3683289755558438e-006 	3.2932089563213483e-005
2.3967199999999997e+004 	3.0663015325475963e-005 	1.2820221311582290e-006 	3.1945037456634189e-005
2.4376799999999999e+004 	2.9801248224951754e-005 	1.2003694024657311e-006 	3.1001617627417488e-005
2.4786400000000001e+004 	2.8976214713224747e-005 	1.1231231873250688e-006 	3.0099337900549823e-005
2.5196000000000000e+004 	2.8185831296845751e-005 	1.0500495680742913e-006 	2.9235880864920048e-005
2.5605599999999999e+004 	2.7428161751506458e-005 	9.7900542442044900e-007 	2.8407167175926908e-005
