-1050 0
-1.0500000000000000e+003 0.0000000000000000e+000 0.0000000000000000e+000
1
1 1 1 1
1
         t, ms                         dVp, mV                         dVs, mV                         dV, mV
2.5000000000000000e-001 	1.3727670064342590e-001 	1.7409744873063661e-002 	1.5468644551648947e-001
2.9999999999999999e-001 	1.3748044546551025e-001 	1.7413941390627470e-002 	1.5489438685613777e-001
3.4999999999999998e-001 	1.3758344525194538e-001 	1.7417622277848700e-002 	1.5500106752979409e-001
4.0000000000000002e-001 	1.3766113056912632e-001 	1.7420292518219100e-002 	1.5508142308734540e-001
4.5000000000000001e-001 	1.3773030715613660e-001 	1.7422030756296999e-002 	1.5515233791243349e-001
5.0000000000000000e-001 	1.3779440275585805e-001 	1.7422963887990132e-002 	1.5521736664384822e-001
5.5000000000000004e-001 	1.3785411222943578e-001 	1.7423228438262311e-002 	1.5527734066769808e-001
5.9999999999999998e-001 	1.3790969973155914e-001 	1.7422953946908300e-002 	1.5533265367846749e-001
6.5000000000000002e-001 	1.3796142186265964e-001 	1.7422257073054469e-002 	1.5538367893571411e-001
6.9999999999999996e-001 	1.3800956668449724e-001 	1.7421240204896587e-002 	1.5543080688939381e-001
7.5000000000000000e-001 	1.3805443310635099e-001 	1.7419991746388200e-002 	1.5547442485273916e-001
8.0000000000000004e-001 	1.3809631195489391e-001 	1.7418586978633875e-002 	1.5551489893352777e-001
8.4999999999999998e-001 	1.3813547545901736e-001 	1.7417089127881778e-002 	1.5555256458689912e-001
9.0000000000000002e-001 	1.3817217281156058e-001 	1.7415550508151887e-002 	1.5558772331971249e-001
9.4999999999999996e-001 	1.3820662922613119e-001 	1.7414013679304008e-002 	1.5562064290543520e-001
1.0000000000000000e+000 	1.3823904680957796e-001 	1.7412512586210134e-002 	1.5565155939578809e-001
1.0500000000000000e+000 	1.3826960626460441e-001 	1.7411073652632111e-002 	1.5568067991723655e-001
1.1000000000000001e+000 	1.3829846891576364e-001 	1.7409716809849842e-002 	1.5570818572561351e-001
1.1499999999999999e+000 	1.3832577877621091e-001 	1.7408456447886422e-002 	1.5573423522409724e-001
1.2000000000000000e+000 	1.3835166450064842e-001 	1.7407346372374236e-002 	1.5575901087302271e-001
1.3000000000000000e+000 	1.3889334646093357e-001 	1.7405474932568353e-002 	1.5629882139350196e-001
1.3999999999999999e+000 	1.3844334292766383e-001 	1.7403963576914996e-002 	1.5584730650457881e-001
1.5000000000000000e+000 	1.3848309110192086e-001 	1.7402860761859297e-002 	1.5588595186378021e-001
1.6000000000000001e+000 	1.3851949962016197e-001 	1.7402134845024321e-002 	1.5592163446518625e-001
1.7000000000000000e+000 	1.3855300366816284e-001 	1.7401738174351766e-002 	1.5595474184251459e-001
1.8000000000000000e+000 	1.3858396645665427e-001 	1.7401615377986086e-002 	1.5598558183464029e-001
1.8999999999999999e+000 	1.3861269201891921e-001 	1.7401708657884742e-002 	1.5601440067680403e-001
2.0000000000000000e+000 	1.3863943634105383e-001 	1.7401961286026467e-002 	1.5604139762708030e-001
2.1000000000000001e+000 	1.3866441642135091e-001 	1.7402319852548084e-002 	1.5606673627389905e-001
2.2000000000000002e+000 	1.3868781747624787e-001 	1.7402735627037088e-002 	1.5609055310328501e-001
2.2999999999999998e+000 	1.3870979864646366e-001 	1.7403165283293474e-002 	1.5611296392975713e-001
2.3999999999999999e+000 	1.3873049752063008e-001 	1.7403571178601758e-002 	1.5613406869923188e-001
2.5000000000000000e+000 	1.3875003375163342e-001 	1.7403921330616232e-002 	1.5615395508224969e-001
2.6000000000000001e+000 	1.3876851196165910e-001 	1.7404189185073728e-002 	1.5617270114673279e-001
2.7000000000000002e+000 	1.3878602409120083e-001 	1.7404353256536269e-002 	1.5619037734773711e-001
2.7999999999999998e+000 	1.3880265131251851e-001 	1.7404396691037764e-002 	1.5620704800355628e-001
2.8999999999999999e+000 	1.3881846559858085e-001 	1.7404306789963856e-002 	1.5622277238854471e-001
3.0000000000000000e+000 	1.3883353101197959e-001 	1.7404074519466503e-002 	1.5623760553144597e-001
3.1000000000000001e+000 	1.3884790477760212e-001 	1.7403694032232426e-002 	1.5625159880983464e-001
3.2000000000000002e+000 	1.3886163817045316e-001 	1.7403162211023743e-002 	1.5626480038147694e-001
3.2999999999999998e+000 	1.3887477726969530e-001 	1.7402478240824262e-002 	1.5627725551051966e-001
3.3999999999999999e+000 	1.3888736359220202e-001 	1.7401588159699721e-002 	1.5628895175190169e-001
3.6000000000000001e+000 	1.3905595213568228e-001 	1.7399359257071333e-002 	1.5645531139275359e-001
3.7999999999999998e+000 	1.3893296384577239e-001 	1.7396690715731706e-002 	1.5632965456150416e-001
4.0000000000000000e+000 	1.3895326392822765e-001 	1.7393535174306796e-002 	1.5634679910253435e-001
4.2000000000000002e+000 	1.3897214692143214e-001 	1.7389929986684628e-002 	1.5636207690811676e-001
4.4000000000000004e+000 	1.3898977002627769e-001 	1.7385922634866980e-002 	1.5637569266114471e-001
4.5999999999999996e+000 	1.3900627049077807e-001 	1.7381564462142316e-002 	1.5638783495292044e-001
4.7999999999999998e+000 	1.3902176975198127e-001 	1.7376906887293493e-002 	1.5639867663927479e-001
5.0000000000000000e+000 	1.3903637690510007e-001 	1.7371999338796146e-002 	1.5640837624389628e-001
5.2000000000000002e+000 	1.3905019129939750e-001 	1.7366888316548437e-002 	1.5641707961594595e-001
5.4000000000000004e+000 	1.3906330431329966e-001 	1.7361617071610415e-002 	1.5642492138491002e-001
5.5999999999999996e+000 	1.3907580044930301e-001 	1.7356225602302450e-002 	1.5643202605160542e-001
5.7999999999999998e+000 	1.3908775791945946e-001 	1.7350750795096966e-002 	1.5643850871455642e-001
6.0000000000000000e+000 	1.3909924887835143e-001 	1.7345226603358632e-002 	1.5644447548171006e-001
6.2000000000000002e+000 	1.3911033943542397e-001 	1.7339684226554877e-002 	1.5645002366197885e-001
6.4000000000000004e+000 	1.3912108956878250e-001 	1.7334152262760458e-002 	1.5645524183154297e-001
6.5999999999999996e+000 	1.3913155300824123e-001 	1.7328656816784013e-002 	1.5646020982502515e-001
6.7999999999999998e+000 	1.3914177715460355e-001 	1.7323221572812186e-002 	1.5646499872741579e-001
7.0000000000000000e+000 	1.3915180306186672e-001 	1.7317867840458811e-002 	1.5646967090232550e-001
7.2000000000000002e+000 	1.3916166550536757e-001 	1.7312614574658575e-002 	1.5647428008002615e-001
7.4000000000000004e+000 	1.3917139313251067e-001 	1.7307478379344179e-002 	1.5647887151185486e-001
7.5999999999999996e+000 	1.3918100869416247e-001 	1.7302532754270485e-002 	1.5648354144843304e-001
8.0000000000000000e+000 	1.3927801044957461e-001 	1.7293109774627391e-002 	1.5657112022420197e-001
8.4000000000000004e+000 	1.3921861882581524e-001 	1.7284209566067268e-002 	1.5650282839188256e-001
8.8000000000000007e+000 	1.3923693830602352e-001 	1.7275942365360866e-002 	1.5651288067138436e-001
9.1999999999999993e+000 	1.3925488924109783e-001 	1.7268311179636474e-002 	1.5652320042073420e-001
9.5999999999999996e+000 	1.3927238501962741e-001 	1.7261283597765610e-002 	1.5653366861739304e-001
1.0000000000000000e+001 	1.3928930789252139e-001 	1.7254798026656349e-002 	1.5654410591917781e-001
1.0400000000000000e+001 	1.3930551862023502e-001 	1.7248768194290078e-002 	1.5655428681452510e-001
1.0800000000000001e+001 	1.3932086499630811e-001 	1.7243087124629401e-002 	1.5656395212093754e-001
1.1199999999999999e+001 	1.3933518890750260e-001 	1.7237631062842297e-002 	1.5657281997034497e-001
1.1600000000000000e+001 	1.3934833190606083e-001 	1.7232263398084920e-002 	1.5658059530414581e-001
1.2000000000000000e+001 	1.3936013940601791e-001 	1.7226838466226236e-002 	1.5658697787224415e-001
1.2400000000000000e+001 	1.3937046368686479e-001 	1.7221205099106154e-002 	1.5659166878597094e-001
1.2800000000000001e+001 	1.3937916590172750e-001 	1.7215209844325209e-002 	1.5659437574605273e-001
1.3199999999999999e+001 	1.3938611728625747e-001 	1.7208699803876869e-002 	1.5659481709013442e-001
1.3600000000000000e+001 	1.3939119974556807e-001 	1.7201525075639150e-002 	1.5659272482120731e-001
1.4000000000000000e+001 	1.3939430597266814e-001 	1.7193540802699931e-002 	1.5658784677536811e-001
1.4400000000000000e+001 	1.3939533922831968e-001 	1.7184608851645727e-002 	1.5657994807996542e-001
1.4800000000000001e+001 	1.3939421288663303e-001 	1.7174599141461709e-002 	1.5656881202809472e-001
1.5199999999999999e+001 	1.3939084983001795e-001 	1.7163390654447934e-002 	1.5655424048446595e-001
1.5600000000000000e+001 	1.3938518175729553e-001 	1.7150872174189161e-002 	1.5653605393148473e-001
1.6000000000000000e+001 	1.3937714845547775e-001 	1.7136327476085920e-002 	1.5651347593156362e-001
1.6800000000000001e+001 	1.3940724787970363e-001 	1.7102352175295744e-002 	1.5650960005499936e-001
1.7600000000000001e+001 	1.3932030122971217e-001 	1.7062891029551421e-002 	1.5638319225926356e-001
1.8399999999999999e+001 	1.3927662283740830e-001 	1.7016629026357442e-002 	1.5629325186376575e-001
1.9199999999999999e+001 	1.3922249999969713e-001 	1.6963219909173852e-002 	1.5618571990887098e-001
2.0000000000000000e+001 	1.3915779216131968e-001 	1.6902491165563294e-002 	1.5606028332688296e-001
2.0800000000000001e+001 	1.3908240392405258e-001 	1.6834408629381990e-002 	1.5591681255343462e-001
2.1600000000000001e+001 	1.3899627824981542e-001 	1.6759052262096105e-002 	1.5575533051191154e-001
2.2399999999999999e+001 	1.3889939081175337e-001 	1.6676594837134698e-002 	1.5557598564888811e-001
2.3199999999999999e+001 	1.3879174565467428e-001 	1.6587284251162751e-002 	1.5537902990583710e-001
2.4000000000000000e+001 	1.3867337197021748e-001 	1.6491428723130985e-002 	1.5516480069334851e-001
2.4800000000000001e+001 	1.3854432171271347e-001 	1.6389383797453798e-002 	1.5493370551016727e-001
2.5600000000000001e+001 	1.3840466779879729e-001 	1.6281540629000262e-002 	1.5468620842779754e-001
2.6399999999999999e+001 	1.3825450268159950e-001 	1.6168315474012193e-002 	1.5442281815561165e-001
2.7199999999999999e+001 	1.3809393714504201e-001 	1.6050140438588906e-002 	1.5414407758363094e-001
2.8000000000000000e+001 	1.3792309920749285e-001 	1.5927455511871497e-002 	1.5385055471936435e-001
2.8800000000000001e+001 	1.3774213306426511e-001 	1.5800701842802231e-002 	1.5354283490706733e-001
2.9600000000000001e+001 	1.3755119802568738e-001 	1.5670316162393571e-002 	1.5322151418808092e-001
3.0399999999999999e+001 	1.3735046742861759e-001 	1.5536726241112426e-002 	1.5288719366973005e-001
3.1199999999999999e+001 	1.3714012751627741e-001 	1.5400347261316991e-002 	1.5254047477759436e-001
3.2000000000000000e+001 	1.3692037628582593e-001 	1.5261578991553988e-002 	1.5218195527737993e-001
3.2800000000000004e+001 	1.3669142231531750e-001 	1.5120803655168217e-002 	1.5181222597048583e-001
3.3600000000000001e+001 	1.3645348357934325e-001 	1.4978384394508205e-002 	1.5143186797385150e-001
3.4399999999999999e+001 	1.3620678626656593e-001 	1.4834410105074410e-002 	1.5104119637164037e-001
3.6000000000000000e+001 	1.3570923633334525e-001 	1.4544302493478479e-002 	1.5025353882682363e-001
3.7600000000000001e+001 	1.3513793028281865e-001 	1.4253482047091657e-002 	1.4939141232991046e-001
3.9199999999999996e+001 	1.3455735067026736e-001 	1.3963065504656470e-002 	1.4852041617492381e-001
4.0800000000000004e+001 	1.3394862160078347e-001 	1.3674582099044590e-002 	1.4762320369982807e-001
4.2399999999999999e+001 	1.3331374193078011e-001 	1.3389392453456581e-002 	1.4670313438423668e-001
4.4000000000000000e+001 	1.3265469665329391e-001 	1.3108641964022854e-002 	1.4576333861731677e-001
4.5600000000000001e+001 	1.3197343492776797e-001 	1.2833259188669181e-002 	1.4480669411643721e-001
4.7199999999999996e+001 	1.3127185357806467e-001 	1.2563973496499238e-002 	1.4383582707456394e-001
4.8800000000000004e+001 	1.3055178457496636e-001 	1.2301338929469613e-002 	1.4285312350443602e-001
5.0399999999999999e+001 	1.2981498578209041e-001 	1.2045758348167530e-002 	1.4186074413025798e-001
5.2000000000000000e+001 	1.2906313446541173e-001 	1.1797505943715836e-002 	1.4086064040912760e-001
5.3600000000000001e+001 	1.2829782314451774e-001 	1.1556747677347752e-002 	1.3985457082186545e-001
5.5199999999999996e+001 	1.2752055739918006e-001 	1.1323559559349498e-002 	1.3884411695852958e-001
5.6800000000000004e+001 	1.2673275527805164e-001 	1.1097943766822438e-002 	1.3783069904487405e-001
5.8399999999999999e+001 	1.2593574799397078e-001 	1.0879842668266988e-002 	1.3681559066223775e-001
6.0000000000000000e+001 	1.2513078162620203e-001 	1.0669150886730285e-002 	1.3579993251293235e-001
6.1600000000000001e+001 	1.2431901959040523e-001 	1.0465725576604065e-002 	1.3478474516700928e-001
6.3200000000000003e+001 	1.2350154567163041e-001 	1.0269395103842584e-002 	1.3377094077547305e-001
6.4799999999999997e+001 	1.2267936745150262e-001 	1.0079966320088578e-002 	1.3275933377159119e-001
6.6400000000000006e+001 	1.2185341998980791e-001 	9.8972306131463669e-003 	1.3175065060295432e-001
6.8000000000000000e+001 	1.2102456964864798e-001 	9.7209689016220912e-003 	1.3074553855027007e-001
6.9599999999999994e+001 	1.2019361796906562e-001 	9.5531979894402166e-003 	1.2974681595850585e-001
7.2799999999999997e+001 	1.1853768145815621e-001 	9.2356677973408508e-003 	1.2777334925549708e-001
7.6000000000000000e+001 	1.1686449093900812e-001 	8.9357082457431417e-003 	1.2580019918475124e-001
7.9200000000000003e+001 	1.1520385689637561e-001 	8.6555983727786591e-003 	1.2385945526915428e-001
8.2400000000000006e+001 	1.1355097989930497e-001 	8.3941419680132467e-003 	1.2194512186731823e-001
8.5599999999999994e+001 	1.1190904807020545e-001 	8.1499355392073754e-003 	1.2005898360941285e-001
8.8799999999999997e+001 	1.1028074754606716e-001 	7.9215808208214760e-003 	1.1820232836688865e-001
9.2000000000000000e+001 	1.0866831984771376e-001 	7.7077565100177438e-003 	1.1637607635773148e-001
9.5200000000000003e+001 	1.0707362032879089e-001 	7.5072400423243030e-003 	1.1458086037111521e-001
9.8400000000000006e+001 	1.0549817170240097e-001 	7.3189113679751564e-003 	1.1281708307037615e-001
1.0159999999999999e+002 	1.0394321117030098e-001 	7.1417497988840797e-003 	1.1108496096918506e-001
1.0480000000000001e+002 	1.0240973124602645e-001 	6.9748279892266974e-003 	1.0938455923525314e-001
1.0800000000000000e+002 	1.0089851486519254e-001 	6.8173047784707789e-003 	1.0771581964366325e-001
1.1119999999999999e+002 	9.9410165493135985e-002 	6.6684177530280594e-003 	1.0607858324616405e-001
1.1440000000000001e+002 	9.7945132919025998e-002 	6.5274759776726378e-003 	1.0447260889669863e-001
1.1759999999999999e+002 	9.6503735359256521e-002 	6.3938531293493937e-003 	1.0289758848860593e-001
1.2080000000000001e+002 	9.5086178413833322e-002 	6.2669811419175121e-003 	1.0135315955575080e-001
1.2400000000000000e+002 	9.3692571343849562e-002 	6.1463444003363350e-003 	9.9838915744185880e-002
1.2720000000000000e+002 	9.2322941068743655e-002 	6.0314744809182985e-003 	9.8354415549661983e-002
1.3039999999999998e+002 	9.0977244221182654e-002 	5.9219454093213109e-003 	9.6899189630503924e-002
1.3359999999999999e+002 	8.9655377545448889e-002 	5.8173694014710441e-003 	9.5472746946919984e-002
1.3680000000000001e+002 	8.8357186880656025e-002 	5.7173930468818607e-003 	9.4074579927537927e-002
1.4000000000000000e+002 	8.7082474932293569e-002 	5.6231338532065798e-003 	9.2705608785500146e-002
1.4640000000000001e+002 	8.4615743930781182e-002 	5.4462326154045707e-003 	9.0061976546185793e-002
1.5279999999999998e+002 	8.2212322268084032e-002 	5.2801214757954573e-003 	8.7492443743879447e-002
1.5920000000000002e+002 	7.9910574012693483e-002 	5.1258165827455593e-003 	8.5036390595439021e-002
1.6559999999999999e+002 	7.7694185449720038e-002 	4.9821781132423854e-003 	8.2676363562962346e-002
1.7200000000000000e+002 	7.5560289943100156e-002 	4.8480603148944113e-003 	8.0408350257994574e-002
1.7840000000000001e+002 	7.3505933419429265e-002 	4.7224212711827057e-003 	7.8228354690611956e-002
1.8479999999999998e+002 	7.1528127707345873e-002 	4.6043441532305331e-003 	7.6132471860576423e-002
1.9120000000000002e+002 	6.9623890718327919e-002 	4.4930324252993393e-003 	7.4116923143627236e-002
1.9759999999999999e+002 	6.7790276413898995e-002 	4.3877968225064581e-003 	7.2178073236405418e-002
2.0400000000000000e+002 	6.6024396808759073e-002 	4.2880404725178798e-003 	7.0312437281276952e-002
2.1040000000000001e+002 	6.4323437784825438e-002 	4.1932449655909245e-003 	6.8516682750416363e-002
2.1679999999999998e+002 	6.2684670114994512e-002 	4.1029583185130721e-003 	6.6787628433507620e-002
2.2320000000000002e+002 	6.1105456792816037e-002 	4.0167848824714785e-003 	6.5122241675287532e-002
2.2959999999999999e+002 	5.9583257523789367e-002 	3.9343769476377702e-003 	6.3517634471427123e-002
2.3600000000000000e+002 	5.8115631044907801e-002 	3.8554277616297543e-003 	6.1971058806537561e-002
2.4240000000000001e+002 	5.6700235792130307e-002 	3.7796657077947215e-003 	6.0479901499925007e-002
2.4879999999999998e+002 	5.5334829321085376e-002 	3.7068494294808870e-003 	5.9041678750566276e-002
2.5519999999999999e+002 	5.4017266797226952e-002 	3.6367637299726248e-003 	5.7654030527199571e-002
2.6160000000000002e+002 	5.2745498802414983e-002 	3.5692161104290878e-003 	5.6314714912844080e-002
2.6800000000000000e+002 	5.1517568650667978e-002 	3.5040338335179952e-003 	5.5021602484185965e-002
2.7439999999999998e+002 	5.0331609363137214e-002 	3.4418241898741685e-003 	5.3773433553011375e-002
2.8719999999999999e+002 	4.8093924884141971e-002 	3.3234923622137485e-003 	5.1417417246355734e-002
3.0000000000000000e+002 	4.5968443707500223e-002 	3.2108600769605788e-003 	4.9179303784460789e-002
3.1280000000000001e+002 	4.3996226627925759e-002 	3.1045433053150666e-003 	4.7100769933240846e-002
3.2560000000000002e+002 	4.2148969185606469e-002 	3.0040494760554307e-003 	4.5153018661661888e-002
3.3839999999999998e+002 	4.0416747224916706e-002 	2.9088681811007097e-003 	4.3325615406017412e-002
3.5119999999999999e+002 	3.8790504487967670e-002 	2.8185247119678902e-003 	4.1609029199935574e-002
3.6400000000000000e+002 	3.7261997431092535e-002 	2.7325973154443363e-003 	3.9994594746536868e-002
3.7680000000000001e+002 	3.5823725609122795e-002 	2.6507176783689976e-003 	3.8474443287491777e-002
3.8960000000000002e+002 	3.4468861869020852e-002 	2.5725647696161354e-003 	3.7041426638637007e-002
4.0239999999999998e+002 	3.3191186991864088e-002 	2.4978575894778810e-003 	3.5689044581341971e-002
4.1519999999999999e+002 	3.1985030050207475e-002 	2.4263487123102525e-003 	3.4411378762517722e-002
4.2800000000000000e+002 	3.0845214560176824e-002 	2.3578189251084840e-003 	3.3203033485285305e-002
4.4080000000000001e+002 	2.9767010096897278e-002 	2.2920728487327794e-003 	3.2059082945630049e-002
4.5360000000000002e+002 	2.8746088913982122e-002 	2.2289353656710503e-003 	3.0975024279653169e-002
4.6639999999999998e+002 	2.7778487085590709e-002 	2.1682486952788404e-003 	2.9946735780869541e-002
4.7919999999999999e+002 	2.6860569708060805e-002 	2.1098699880995639e-003 	2.8970439696160366e-002
4.9200000000000000e+002 	2.5988999731513682e-002 	2.0536693340318323e-003 	2.8042669065545527e-002
5.0480000000000001e+002 	2.5160710030292598e-002 	1.9995281022723078e-003 	2.7160238132564910e-002
5.1759999999999991e+002 	2.4372878359664146e-002 	1.9473375507653883e-003 	2.6320215910429535e-002
5.3039999999999998e+002 	2.3622904883111084e-002 	1.8969976522275108e-003 	2.5519902535338590e-002
5.4320000000000005e+002 	2.2908391988746075e-002 	1.8490482759666133e-003 	2.4757440264712695e-002
5.6879999999999995e+002 	2.1587500325634466e-002 	1.7581338620930908e-003 	2.3345634187727553e-002
5.9440000000000009e+002 	2.0357881381148486e-002 	1.6719793150026816e-003 	2.2029860696151170e-002
6.2000000000000000e+002 	1.9245546609020170e-002 	1.5911932463030180e-003 	2.0836739855323177e-002
6.4559999999999991e+002 	1.8225976877999716e-002 	1.5154562453418867e-003 	1.9741433123341607e-002
6.7120000000000005e+002 	1.7289029880338140e-002 	1.4444050277539341e-003 	1.8733434908092070e-002
6.9679999999999995e+002 	1.6425862021648634e-002 	1.3776843958233900e-003 	1.7803546417472026e-002
7.2240000000000009e+002 	1.5628765643268490e-002 	1.3149651827997872e-003 	1.6943730826068284e-002
7.4800000000000000e+002 	1.4891010273518308e-002 	1.2559479298316339e-003 	1.6146958203349941e-002
7.7359999999999991e+002 	1.4206702332199400e-002 	1.2003616066295795e-003 	1.5407063938828978e-002
7.9920000000000005e+002 	1.3570665252635880e-002 	1.1479608791063673e-003 	1.4718626131742248e-002
8.2479999999999995e+002 	1.2978338189466178e-002 	1.0985231553022152e-003 	1.4076861344768394e-002
8.5040000000000009e+002 	1.2425690631015538e-002 	1.0518458563022522e-003 	1.3477536487317796e-002
8.7600000000000000e+002 	1.1909150328653757e-002 	1.0077440395180983e-003 	1.2916894368171856e-002
9.0159999999999991e+002 	1.1425542302148784e-002 	9.6604837215583800e-004 	1.2391590674304620e-002
9.2720000000000005e+002 	1.0972037052107846e-002 	9.2660340702673135e-004 	1.1898640459134581e-002
9.5279999999999995e+002 	1.0546106441363542e-002 	8.8926610702507077e-004 	1.1435372548388615e-002
9.7840000000000009e+002 	1.0145485983419415e-002 	8.5390457393489088e-004 	1.0999390557354308e-002
1.0040000000000000e+003 	9.7681425020056042e-003 	8.2039694456275878e-004 	1.0588539446568367e-002
1.0296000000000001e+003 	9.4122463088582835e-003 	7.8863042565440790e-004 	1.0200876734512691e-002
1.0551999999999998e+003 	9.0761471954910189e-003 	7.5850044681931251e-004 	9.8346476423103336e-003
1.0808000000000000e+003 	8.7583536551643811e-003 	7.2990991237818748e-004 	9.4882635675425687e-003
1.1064000000000001e+003 	8.4575148496337516e-003 	7.0276853633138251e-004 	9.1602833859651348e-003
1.1320000000000000e+003 	8.1724049154310498e-003 	6.7747428239414676e-004 	8.8498791978251935e-003
1.1832000000000000e+003 	7.6488865462270104e-003 	6.3068152703669989e-004 	8.2795680732637104e-003
1.2343999999999999e+003 	7.1658783152628927e-003 	5.8744374561109109e-004 	7.7533220608739855e-003
1.2856000000000001e+003 	6.7325246559175158e-003 	5.4815732593957336e-004 	7.2806819818570885e-003
1.3368000000000000e+003 	6.3382725265610203e-003 	5.1250519811935720e-004 	6.8507777246803762e-003
1.3880000000000000e+003 	5.9784429410207193e-003 	4.8014345482703323e-004 	6.4585863958477518e-003
1.4392000000000000e+003 	5.6490346071260090e-003 	4.5074222321761514e-004 	6.0997768303436249e-003
1.4903999999999999e+003 	5.3466222225024510e-003 	4.2399942823279546e-004 	5.7706216507352444e-003
1.5416000000000001e+003 	5.0682630218378171e-003 	3.9964372242066131e-004 	5.4679067442584793e-003
1.5928000000000000e+003 	4.8114174463920077e-003 	3.7743311654070839e-004 	5.1888505629327187e-003
1.6440000000000000e+003 	4.5738836167066492e-003 	3.5715215573114744e-004 	4.9310357724377972e-003
1.6952000000000000e+003 	4.3537436355527695e-003 	3.3860887146816549e-004 	4.6923525070209351e-003
1.7463999999999999e+003 	4.1493195850513549e-003 	3.2163196888926494e-004 	4.4709515539406199e-003
1.7976000000000001e+003 	3.9591373483479969e-003 	3.0606836534442935e-004 	4.2652057136924257e-003
1.8488000000000000e+003 	3.7818967273702724e-003 	2.9178106729345604e-004 	4.0736777946637267e-003
1.9000000000000000e+003 	3.6164466371021425e-003 	2.7864733702585593e-004 	3.8950939741279971e-003
1.9512000000000000e+003 	3.4617644099996102e-003 	2.6655710032353963e-004 	3.7283215103231498e-003
2.0024000000000001e+003 	3.3169384445683099e-003 	2.5541155446010374e-004 	3.5723499990284137e-003
2.0535999999999999e+003 	3.1811535887929011e-003 	2.4512194530126110e-004 	3.4262755340941625e-003
2.1048000000000002e+003 	3.0536787714415983e-003 	2.3560848865691116e-004 	3.2892872600985106e-003
2.1560000000000000e+003 	2.9338564900199576e-003 	2.2679941552861504e-004 	3.1606559055485720e-003
2.2071999999999998e+003 	2.8210938394312070e-003 	2.1863012557867876e-004 	3.0397239650098856e-003
2.2584000000000001e+003 	2.7148548249324549e-003 	2.1123792560009285e-004 	2.9260927505325479e-003
2.3607999999999997e+003 	2.5213894620966198e-003 	1.9796839424177920e-004 	2.7193578563384003e-003
2.4632000000000003e+003 	2.3449759253016725e-003 	1.8602280961804504e-004 	2.5309987349197180e-003
2.5655999999999999e+003 	2.1885696014998148e-003 	1.7549628036542643e-004 	2.3640658818652408e-003
2.6680000000000000e+003 	2.0479516247575670e-003 	1.6620531489805720e-004 	2.2141569396556251e-003
2.7704000000000001e+003 	1.9211148346053209e-003 	1.5796850260041872e-004 	2.0790833372057397e-003
2.8727999999999997e+003 	1.8063485961008299e-003 	1.5062369173939988e-004 	1.9569722878402303e-003
2.9752000000000003e+003 	1.7021935030582822e-003 	1.4403294990124121e-004 	1.8462264529595241e-003
3.0775999999999999e+003 	1.6074001925859868e-003 	1.3808159261684451e-004 	1.7454817852028321e-003
3.1800000000000000e+003 	1.5208946220322584e-003 	1.3267497313021310e-004 	1.6535695951624709e-003
3.2824000000000001e+003 	1.4417495188971668e-003 	1.2773495865443094e-004 	1.5694844775515980e-003
3.3847999999999997e+003 	1.3691610485334954e-003 	1.2319683428625017e-004 	1.4923578828197454e-003
3.4872000000000003e+003 	1.3024297148033781e-003 	1.1900678013048345e-004 	1.4214364949338614e-003
3.5895999999999999e+003 	1.2409446524130853e-003 	1.1511985610861823e-004 	1.3560645085217034e-003
3.6920000000000000e+003 	1.1841706349757424e-003 	1.1149839079130810e-004 	1.2956690257670508e-003
3.7944000000000001e+003 	1.1316372666662121e-003 	1.0811068517534668e-004 	1.2397479518415592e-003
3.8967999999999997e+003 	1.0829299402508028e-003 	1.0492996283439771e-004 	1.1878599030852007e-003
3.9992000000000003e+003 	1.0376822333522130e-003 	1.0193351622671209e-004 	1.1396157495789248e-003
4.1016000000000004e+003 	9.9556948334192071e-004 	9.9102010371842261e-005 	1.0946714937137632e-003
4.2040000000000000e+003 	9.5630333401356142e-004 	9.6418912922702872e-005 	1.0527222469362643e-003
4.3063999999999996e+003 	9.1962708805334262e-004 	9.3870027573500579e-005 	1.0134971156268431e-003
4.4088000000000002e+003 	8.8531173119527095e-004 	9.1443110522487740e-005 	9.7675484171775846e-004
4.5111999999999998e+003 	8.5315251898736809e-004 	8.9169308722765789e-005 	9.4232182771013392e-004
4.7160000000000000e+003 	7.9502242825413142e-004 	8.4916641003827747e-005 	8.7993906925795933e-004
4.9208000000000002e+003 	7.4228459848131459e-004 	8.0919051835210768e-005 	8.2320365031652546e-004
5.1256000000000004e+003 	6.9586893598411160e-004 	7.7212345173162858e-005 	7.7308128115727477e-004
5.3303999999999996e+003 	6.5431241926376953e-004 	7.3773278801696044e-005 	7.2808569806546530e-004
5.5351999999999998e+003 	6.1692029453683651e-004 	7.0573611832929105e-005 	6.8749390636976555e-004
5.7400000000000000e+003 	5.8311488696090590e-004 	6.7586671541692872e-005 	6.5070155850259872e-004
5.9448000000000002e+003 	5.5241550419609764e-004 	6.4789830628310280e-005 	6.1720533482440779e-004
6.1496000000000004e+003 	5.2442064560775047e-004 	6.2164355234059124e-005 	5.8658500084180984e-004
6.3543999999999996e+003 	4.9879329276316796e-004 	5.9694534324204878e-005 	5.5848782708737264e-004
6.5591999999999998e+003 	4.7524904109520207e-004 	5.7366912915419651e-005 	5.3261595401062176e-004
6.7640000000000000e+003 	4.5354659309420047e-004 	5.5169765954766003e-005 	5.0871635904896654e-004
6.9688000000000002e+003 	4.3348014262030562e-004 	5.3092747982436777e-005 	4.8657289060274254e-004
7.1736000000000004e+003 	4.1487325459545448e-004 	5.1126648234070661e-005 	4.6599990282952510e-004
7.3783999999999996e+003 	3.9757392443186637e-004 	4.9263209096330459e-005 	4.4683713352819691e-004
7.5831999999999998e+003 	3.8145057023217054e-004 	4.7494986129452920e-005 	4.2894555636162340e-004
7.7880000000000000e+003 	3.6638876551378825e-004 	4.5815237610937783e-005 	4.1220400312472612e-004
7.9928000000000002e+003 	3.5228856265093363e-004 	4.4217835307011081e-005 	3.9650639795794457e-004
8.1976000000000004e+003 	3.3906228986276183e-004 	4.2697191224114229e-005 	3.8175948108687614e-004
8.4023999999999996e+003 	3.2663272966929117e-004 	4.1248196802676642e-005 	3.6788092647196789e-004
8.6072000000000007e+003 	3.1493160608711941e-004 	3.9866171701611941e-005 	3.5479777778873149e-004
8.8120000000000000e+003 	3.0389832283684524e-004 	3.8571044164832179e-005 	3.4246936700167734e-004
9.2216000000000004e+003 	2.8382436953354890e-004 	3.6151245563484863e-005 	3.1997561509703381e-004
9.6311999999999989e+003 	2.6533086712005993e-004 	3.3884631537298046e-005 	2.9921549865735811e-004
1.0040800000000001e+004 	2.4890638081920318e-004 	3.1796824023813524e-005 	2.8070320484301677e-004
1.0450400000000000e+004 	2.3405077201546257e-004 	2.9874330008075942e-005 	2.6392510202353863e-004
1.0860000000000000e+004 	2.2055985006141265e-004 	2.8099840613663628e-005 	2.4865969067507630e-004
1.1269600000000000e+004 	2.0826254338978200e-004 	2.6457417592734471e-005 	2.3471996098251650e-004
1.1679199999999999e+004 	1.9701499963244309e-004 	2.4933510530095721e-005 	2.2194851016253884e-004
1.2088800000000001e+004 	1.8669550243793559e-004 	2.3516569686017303e-005 	2.1021207212395287e-004
1.2498400000000000e+004 	1.7720036025795408e-004 	2.2196593752795441e-005 	1.9939695401074954e-004
1.2908000000000000e+004 	1.6844064754900867e-004 	2.0964833717903103e-005 	1.8940548126691179e-004
1.3317600000000000e+004 	1.6033962852919718e-004 	1.9813594311440733e-005 	1.8015322284063796e-004
1.3727200000000001e+004 	1.5283071062928473e-004 	1.8736080809133797e-005 	1.7156679143841849e-004
1.4136799999999999e+004 	1.4585580584597851e-004 	1.7726270997847300e-005 	1.6358207684382580e-004
1.4546400000000000e+004 	1.3936400706345982e-004 	1.6778806153298136e-005 	1.5614281321675794e-004
1.4956000000000000e+004 	1.3331050937695743e-004 	1.5888898412053307e-005 	1.4919940778901071e-004
1.5365600000000000e+004 	1.2765572374751991e-004 	1.5052252400839462e-005 	1.4270797614835936e-004
1.5775200000000001e+004 	1.2236454309347836e-004 	1.4264999242701410e-005 	1.3662954233617975e-004
1.6184799999999999e+004 	1.1740573033030020e-004 	1.3523640925373988e-005 	1.3092937125567419e-004
1.6594400000000001e+004 	1.1275140482802906e-004 	1.2825003155266802e-005 	1.2557640798329582e-004
1.7004000000000000e+004 	1.0837660894224609e-004 	1.2166195622351917e-005 	1.2054280456459801e-004
1.7413599999999999e+004 	1.0425894018101720e-004 	1.1544578208334671e-005 	1.1580351838935189e-004
1.7823200000000001e+004 	1.0037823754090658e-004 	1.0957732072074495e-005 	1.1133596961298111e-004
1.8232799999999999e+004 	9.6716312828329742e-005 	1.0403435078411876e-005 	1.0711974790674155e-004
1.8642399999999998e+004 	9.3256719554083448e-005 	9.8796407596244212e-006 	1.0313636031370788e-004
1.9052000000000000e+004 	8.9984553375290291e-005 	9.3844599402395829e-006 	9.9369013315529821e-005
1.9461600000000002e+004 	8.6886279154678168e-005 	8.9161449272952173e-006 	9.5802424081973411e-005
1.9871200000000001e+004 	8.3949580578541452e-005 	8.4730758916276990e-006 	9.2422656470169203e-005
2.0280799999999999e+004 	8.1163228973618436e-005 	8.0537487465889616e-006 	8.9216977720207429e-005
2.0690400000000001e+004 	7.8516968527562558e-005 	7.6567646746339217e-006 	8.6173733202196497e-005
2.1100000000000000e+004 	7.6001415575664030e-005 	7.2808208542010935e-006 	8.3282236429865113e-005
2.1509599999999999e+004 	7.3607969991141108e-005 	6.9247022047251668e-006 	8.0532672195866292e-005
2.1919200000000001e+004 	7.1328737023926433e-005 	6.5872741389720292e-006 	7.7916011162898463e-005
2.2328800000000003e+004 	6.9156458186629981e-005 	6.2674759150215457e-006 	7.5423934101651524e-005
2.2738399999999998e+004 	6.7084449997483405e-005 	5.9643148254421526e-006 	7.3048764822925555e-005
2.3148000000000000e+004 	6.5106549564855181e-005 	5.6768610101981316e-006 	7.0783410575053329e-005
2.3557600000000002e+004 	6.3217066145549868e-005 	5.4042426887407910e-006 	6.8621308834290666e-005
2.3967199999999997e+004 	6.1410737931733836e-005 	5.1456418762081560e-006 	6.6556379807942005e-005
2.4376799999999999e+004 	5.9682693425651950e-005 	4.9002904883068526e-006 	6.4582983913958770e-005
2.4786400000000001e+004 	5.8028416848919458e-005 	4.6674667797372266e-006 	6.2695883628656690e-005
2.5196000000000000e+004 	5.6443717107924462e-005 	4.4464921013211540e-006 	6.0890209209245612e-005
2.5605599999999999e+004 	5.4924699900085789e-005 	4.2312774734523532e-006 	5.9155977373538133e-005
-1350 0
-1.3500000000000000e+003 0.0000000000000000e+000 0.0000000000000000e+000
1
1 1 1 1
1
         t, ms                         dVp, mV                         dVs, mV                         dV, mV
2.5000000000000000e-001 	1.1004494949573680e-001 	1.4464123690102717e-002 	1.2450907318583952e-001
2.9999999999999999e-001 	1.1020298178002118e-001 	1.4454096226667641e-002 	1.2465707800668883e-001
3.4999999999999998e-001 	1.1028287382575899e-001 	1.4444324050202687e-002 	1.2472719787596173e-001
4.0000000000000002e-001 	1.1034313081151043e-001 	1.4434982122839135e-002 	1.2477811293434950e-001
4.5000000000000001e-001 	1.1039678770069500e-001 	1.4425952212045186e-002 	1.2482273991274016e-001
5.0000000000000000e-001 	1.1044650325156946e-001 	1.4417182448837279e-002 	1.2486368570040675e-001
5.5000000000000004e-001 	1.1049281651767973e-001 	1.4408657306173182e-002 	1.2490147382385289e-001
5.9999999999999998e-001 	1.1053593245854232e-001 	1.4400379818692558e-002 	1.2493631227723483e-001
6.5000000000000002e-001 	1.1057605015312832e-001 	1.4392362007002491e-002 	1.2496841216013078e-001
6.9999999999999996e-001 	1.1061339306813794e-001 	1.4384619603986029e-002 	1.2499801267212396e-001
7.5000000000000000e-001 	1.1064819307219398e-001 	1.4377168922160191e-002 	1.2502536199435413e-001
8.0000000000000004e-001 	1.1068067575811971e-001 	1.4370024887343661e-002 	1.2505070064546339e-001
8.4999999999999998e-001 	1.1071105228948137e-001 	1.4363199830224025e-002 	1.2507425211970538e-001
9.0000000000000002e-001 	1.1073951595775459e-001 	1.4356702817850649e-002 	1.2509621877560523e-001
9.4999999999999996e-001 	1.1076624145445130e-001 	1.4350539376837130e-002 	1.2511678083128841e-001
1.0000000000000000e+000 	1.1079138554460694e-001 	1.4344711496436591e-002 	1.2513609704104350e-001
1.0500000000000000e+000 	1.1081508839247589e-001 	1.4339217821957361e-002 	1.2515430621443327e-001
1.1000000000000001e+000 	1.1083747513012304e-001 	1.4334053968099223e-002 	1.2517152909822224e-001
1.1499999999999999e+000 	1.1085865746111749e-001 	1.4329212899113626e-002 	1.2518787036023116e-001
1.2000000000000000e+000 	1.1087873517750438e-001 	1.4324797219744436e-002 	1.2520353239724885e-001
1.3000000000000000e+000 	1.1129886981116748e-001 	1.4316863476449834e-002 	1.2561573328761727e-001
1.3999999999999999e+000 	1.1094984351390270e-001 	1.4309789464866019e-002 	1.2525963297876869e-001
1.5000000000000000e+000 	1.1098067325202744e-001 	1.4303663081124834e-002 	1.2528433633315231e-001
1.6000000000000001e+000 	1.1100891263652564e-001 	1.4298390453637703e-002 	1.2530730309016341e-001
1.7000000000000000e+000 	1.1103489921498670e-001 	1.4293862962191380e-002 	1.2532876217717809e-001
1.8000000000000000e+000 	1.1105891470832113e-001 	1.4289970941370102e-002 	1.2534888564969124e-001
1.8999999999999999e+000 	1.1108119493607133e-001 	1.4286609743532255e-002 	1.2536780467960359e-001
2.0000000000000000e+000 	1.1110193845043427e-001 	1.4283682612199089e-002 	1.2538562106263332e-001
2.1000000000000001e+000 	1.1112131356382660e-001 	1.4281102002979421e-002 	1.2540241556680606e-001
2.2000000000000002e+000 	1.1113946393601952e-001 	1.4278790051015473e-002 	1.2541825398703502e-001
2.2999999999999998e+000 	1.1115651300233884e-001 	1.4276678519197923e-002 	1.2543319152153679e-001
2.3999999999999999e+000 	1.1117256748169488e-001 	1.4274708423872897e-002 	1.2544727590556778e-001
2.5000000000000000e+000 	1.1118772017991466e-001 	1.4272829465681825e-002 	1.2546054964559647e-001
2.6000000000000001e+000 	1.1120205224674798e-001 	1.4270999339841819e-002 	1.2547305158658978e-001
2.7000000000000002e+000 	1.1121563499336461e-001 	1.4269182992445929e-002 	1.2548481798581054e-001
2.7999999999999998e+000 	1.1122853138016195e-001 	1.4267351858592431e-002 	1.2549588323875438e-001
2.8999999999999999e+000 	1.1124079723090509e-001 	1.4265483111560619e-002 	1.2550628034246575e-001
3.0000000000000000e+000 	1.1125248223571652e-001 	1.4263558938752637e-002 	1.2551604117446916e-001
3.1000000000000001e+000 	1.1126363077898350e-001 	1.4261565865295032e-002 	1.2552519664427858e-001
3.2000000000000002e+000 	1.1127428263144985e-001 	1.4259494129112916e-002 	1.2553377676056274e-001
3.2999999999999998e+000 	1.1128447353349190e-001 	1.4257337109595349e-002 	1.2554181064308728e-001
3.3999999999999999e+000 	1.1129423568695189e-001 	1.4255056471844151e-002 	1.2554929215879607e-001
3.6000000000000001e+000 	1.1142499472016604e-001 	1.4250213421772141e-002 	1.2567520814193819e-001
3.7999999999999998e+000 	1.1132960392534218e-001 	1.4245086431512692e-002 	1.2557469035685490e-001
4.0000000000000000e+000 	1.1134534894927733e-001 	1.4239644457204773e-002 	1.2558499340648219e-001
4.2000000000000002e+000 	1.1135999484962061e-001 	1.4233910042095245e-002 	1.2559390489171590e-001
4.4000000000000004e+000 	1.1137366355982503e-001 	1.4227915983165047e-002 	1.2560157954299009e-001
4.5999999999999996e+000 	1.1138646153590569e-001 	1.4221700602537255e-002 	1.2560816213844297e-001
4.7999999999999998e+000 	1.1139848296572326e-001 	1.4215304094354052e-002 	1.2561378706007731e-001
5.0000000000000000e+000 	1.1140981245702501e-001 	1.4208766223093671e-002 	1.2561857868011866e-001
5.2000000000000002e+000 	1.1142052704620736e-001 	1.4202125105725156e-002 	1.2562265215193255e-001
5.4000000000000004e+000 	1.1143069756834209e-001 	1.4195416649654619e-002 	1.2562611421799671e-001
5.5999999999999996e+000 	1.1144038950161098e-001 	1.4188674356436348e-002 	1.2562906385804729e-001
5.7999999999999998e+000 	1.1144966341390067e-001 	1.4181929312341799e-002 	1.2563159272624239e-001
6.0000000000000000e+000 	1.1145857513555392e-001 	1.4175210248114866e-002 	1.2563378538366882e-001
6.2000000000000002e+000 	1.1146717576344922e-001 	1.4168543623586645e-002 	1.2563571938703585e-001
6.4000000000000004e+000 	1.1147551158567737e-001 	1.4161953703451887e-002 	1.2563746528912925e-001
6.5999999999999996e+000 	1.1148362398570290e-001 	1.4155462601633913e-002 	1.2563908658733677e-001
6.7999999999999998e+000 	1.1149154937265103e-001 	1.4149090300862820e-002 	1.2564063967351383e-001
7.0000000000000000e+000 	1.1149931916525778e-001 	1.4142854654519933e-002 	1.2564217381977774e-001
7.2000000000000002e+000 	1.1150695983847272e-001 	1.4136771369054491e-002 	1.2564373120752714e-001
7.4000000000000004e+000 	1.1151449303895053e-001 	1.4130853976322267e-002 	1.2564534701527275e-001
7.5999999999999996e+000 	1.1152193576389414e-001 	1.4125188672657220e-002 	1.2564712443655141e-001
8.0000000000000000e+000 	1.1159712403262569e-001 	1.4114452258041329e-002 	1.2571157629066698e-001
8.4000000000000004e+000 	1.1155099143001769e-001 	1.4104355720510237e-002 	1.2565534715052792e-001
8.8000000000000007e+000 	1.1156509793918451e-001 	1.4095019235351013e-002 	1.2566011717453551e-001
9.1999999999999993e+000 	1.1157887743268076e-001 	1.4086431004906577e-002 	1.2566530843758736e-001
9.5999999999999996e+000 	1.1159225299753225e-001 	1.4078542379380983e-002 	1.2567079537691325e-001
1.0000000000000000e+001 	1.1160512278662042e-001 	1.4071275705958225e-002 	1.2567639849257864e-001
1.0400000000000000e+001 	1.1161736763999743e-001 	1.4064529389223760e-002 	1.2568189702922122e-001
1.0800000000000001e+001 	1.1162885782154837e-001 	1.4058182058017409e-002 	1.2568703987956578e-001
1.1199999999999999e+001 	1.1163945861145209e-001 	1.4052096563370220e-002 	1.2569155517482231e-001
1.1600000000000000e+001 	1.1164903472497244e-001 	1.4046123934929660e-002 	1.2569515865990213e-001
1.2000000000000000e+001 	1.1165745364807529e-001 	1.4040107199503604e-002 	1.2569756084757891e-001
1.2400000000000000e+001 	1.1166458803289099e-001 	1.4033884932218601e-002 	1.2569847296510961e-001
1.2800000000000001e+001 	1.1167031730382798e-001 	1.4027294466053209e-002 	1.2569761176988120e-001
1.3199999999999999e+001 	1.1167452863250768e-001 	1.4020174708350744e-002 	1.2569470334085839e-001
1.3600000000000000e+001 	1.1167711742058782e-001 	1.4012368549770740e-002 	1.2568948597035853e-001
1.4000000000000000e+001 	1.1167798741099916e-001 	1.4003724872596485e-002 	1.2568171228359565e-001
1.4400000000000000e+001 	1.1167705053360213e-001 	1.3994100181623718e-002 	1.2567115071522580e-001
1.4800000000000001e+001 	1.1167422656513605e-001 	1.3983359880769340e-002 	1.2565758644590544e-001
1.5199999999999999e+001 	1.1166944267334306e-001 	1.3971379228837885e-002 	1.2564082190218095e-001
1.5600000000000000e+001 	1.1166263289398733e-001 	1.3958044021421338e-002 	1.2562067691540868e-001
1.6000000000000000e+001 	1.1165373758037982e-001 	1.3942616518005223e-002 	1.2559635409838504e-001
1.6800000000000001e+001 	1.1167084228691110e-001 	1.3906722797686852e-002 	1.2557756508459794e-001
1.7600000000000001e+001 	1.1159618264223484e-001 	1.3865180875214073e-002 	1.2546136351744891e-001
1.8399999999999999e+001 	1.1155373450246459e-001 	1.3816646521230873e-002 	1.2537038102369549e-001
1.9199999999999999e+001 	1.1150183298028617e-001 	1.3760777045289347e-002 	1.2526261002557548e-001
2.0000000000000000e+001 	1.1144027734280626e-001 	1.3697409505557995e-002 	1.2513768684836435e-001
2.0800000000000001e+001 	1.1136890647978867e-001 	1.3626523911830848e-002 	1.2499543039161953e-001
2.1600000000000001e+001 	1.1128759468390451e-001 	1.3548217855024832e-002 	1.2483581253892934e-001
2.2399999999999999e+001 	1.1119624811311245e-001 	1.3462684179423553e-002 	1.2465893229253602e-001
2.3199999999999999e+001 	1.1109480211382483e-001 	1.3370192555776083e-002 	1.2446499466960095e-001
2.4000000000000000e+001 	1.1098321926338073e-001 	1.3271074156704896e-002 	1.2425429342008565e-001
2.4800000000000001e+001 	1.1086148791842912e-001 	1.3165708254722078e-002 	1.2402719617315112e-001
2.5600000000000001e+001 	1.1072962107256666e-001 	1.3054510166519550e-002 	1.2378413123908616e-001
2.6399999999999999e+001 	1.1058765536721402e-001 	1.2937920449145057e-002 	1.2352557581635910e-001
2.7199999999999999e+001 	1.1043565014663451e-001 	1.2816395394668311e-002 	1.2325204554130280e-001
2.8000000000000000e+001 	1.1027368648526380e-001 	1.2690398847589985e-002 	1.2296408533285380e-001
2.8800000000000001e+001 	1.1010186614765217e-001 	1.2560395300150006e-002 	1.2266226144780221e-001
2.9600000000000001e+001 	1.0992031046353591e-001 	1.2426844162573610e-002 	1.2234715462610950e-001
3.0399999999999999e+001 	1.0972915911614717e-001 	1.2290195093543307e-002 	1.2201935420969044e-001
3.1199999999999999e+001 	1.0952856885467196e-001 	1.2150884267185974e-002 	1.2167945312185793e-001
3.2000000000000000e+001 	1.0931871214445395e-001 	1.2009331460772302e-002 	1.2132804360522625e-001
3.2800000000000004e+001 	1.0909977577483596e-001 	1.1865937853299162e-002 	1.2096571362813514e-001
3.3600000000000001e+001 	1.0887195944375663e-001 	1.1721084434519653e-002 	1.2059304387827634e-001
3.4399999999999999e+001 	1.0863547433758065e-001 	1.1574966877148757e-002 	1.2021044121472940e-001
3.6000000000000000e+001 	1.0815367010843366e-001 	1.1281286994657365e-002 	1.1943495710309097e-001
3.7600000000000001e+001 	1.0760815687771284e-001 	1.0987713776277788e-002 	1.1859587065399062e-001
3.9199999999999996e+001 	1.0704871166063767e-001 	1.0695580229712669e-002 	1.1774429189035036e-001
4.0800000000000004e+001 	1.0646135590738141e-001 	1.0406496303019978e-002 	1.1686785221040140e-001
4.2399999999999999e+001 	1.0584811485908234e-001 	1.0121879532371286e-002 	1.1596999439145364e-001
4.4000000000000000e+001 	1.0521101894286067e-001 	9.8429136172712966e-003 	1.1505393256013194e-001
4.5600000000000001e+001 	1.0455207745348691e-001 	9.5705491592279288e-003 	1.1412262661271481e-001
4.7199999999999996e+001 	1.0387325804194070e-001 	9.3055230347890809e-003 	1.1317878107672978e-001
4.8800000000000004e+001 	1.0317647067752106e-001 	9.0483838477303444e-003 	1.1222485452525142e-001
5.0399999999999999e+001 	1.0246355538514333e-001 	8.7995176055880552e-003 	1.1126307299073132e-001
5.2000000000000000e+001 	1.0173627323420827e-001 	8.5591717183146794e-003 	1.1029544495252296e-001
5.3600000000000001e+001 	1.0099630011428921e-001 	8.3274768801964091e-003 	1.0932377699448567e-001
5.5199999999999996e+001 	1.0024522286373215e-001 	8.1044667327258933e-003 	1.0834968959645805e-001
5.6800000000000004e+001 	9.9484537350224417e-002 	7.8900952894335411e-003 	1.0737463263965796e-001
5.8399999999999999e+001 	9.8715648142401330e-002 	7.6842521750924656e-003 	1.0639990031749380e-001
6.0000000000000000e+001 	9.7939869450407627e-002 	7.4867758009029969e-003 	1.0542664525131069e-001
6.1600000000000001e+001 	9.7158427057925975e-002 	7.2974646457656953e-003 	1.0445589170369163e-001
6.3200000000000003e+001 	9.6372461005882398e-002 	7.1160868322445699e-003 	1.0348854783812694e-001
6.4799999999999997e+001 	9.5583028828540681e-002 	6.9423881895153278e-003 	1.0252541701805601e-001
6.6400000000000006e+001 	9.4791109173600244e-002 	6.7760989898197257e-003 	1.0156720816341999e-001
6.8000000000000000e+001 	9.3997605671696016e-002 	6.6169395318357756e-003 	1.0061454520353180e-001
6.9599999999999994e+001 	9.3203350943220770e-002 	6.4670521441918026e-003 	9.9670403087412596e-002
7.2799999999999997e+001 	9.1623360217898311e-002 	6.1867904800498768e-003 	9.7810150697948142e-002
7.6000000000000000e+001 	9.0034948304780635e-002 	5.9253657757543654e-003 	9.5960314080534986e-002
7.9200000000000003e+001 	8.8463134344350935e-002 	5.6850414246776655e-003 	9.4148175769028578e-002
8.2400000000000006e+001 	8.6904711968338794e-002 	5.4643088949138316e-003 	9.2369020863252618e-002
8.5599999999999994e+001 	8.5362793686543550e-002 	5.2614563655749604e-003 	9.0624250052118507e-002
8.8799999999999997e+001 	8.3839940444538325e-002 	5.0748041502043390e-003 	8.8914744594742620e-002
9.2000000000000000e+001 	8.2338227617271262e-002 	4.9027832774391862e-003 	8.7241010894710411e-002
9.5200000000000003e+001 	8.0859311828042291e-002 	4.7439580329131795e-003 	8.5603269860955455e-002
9.8400000000000006e+001 	7.9404492119750689e-002 	4.5970281224820232e-003 	8.4001520242232702e-002
1.0159999999999999e+002 	7.7974763832715122e-002 	4.4608229292556981e-003 	8.2435586761970867e-002
1.0480000000000001e+002 	7.6570865247490946e-002 	4.3342925219099406e-003 	8.0905157769400868e-002
1.0800000000000000e+002 	7.5193317621240471e-002 	4.2164974373077365e-003 	7.9409815058548217e-002
1.1119999999999999e+002 	7.3842459396180060e-002 	4.1065982557776451e-003 	7.7949057651957698e-002
1.1440000000000001e+002 	7.2518475353713072e-002 	4.0038455121553128e-003 	7.6522320865868396e-002
1.1759999999999999e+002 	7.1221421425256490e-002 	3.9075702254863171e-003 	7.5128991650742827e-002
1.2080000000000001e+002 	6.9951245791587249e-002 	3.8171751798703238e-003 	7.3768420971457582e-002
1.2400000000000000e+002 	6.8707806820521647e-002 	3.7321270016162163e-003 	7.2439933822137856e-002
1.2720000000000000e+002 	6.7490888316917214e-002 	3.6519490246116342e-003 	7.1142837341528847e-002
1.3039999999999998e+002 	6.6300212490152124e-002 	3.5762149033176094e-003 	6.9876427393469692e-002
1.3359999999999999e+002 	6.5135450983570375e-002 	3.5045429222691311e-003 	6.8639993905839483e-002
1.3680000000000001e+002 	6.3996234258417703e-002 	3.4365909429685385e-003 	6.7432825201386229e-002
1.4000000000000000e+002 	6.2882159579715671e-002 	3.3731727861534659e-003 	6.6255332365869155e-002
1.4640000000000001e+002 	6.0738840090629548e-002 	3.2553957839452155e-003 	6.3994235874574784e-002
1.5279999999999998e+002 	5.8666931110899823e-002 	3.1458638278374566e-003 	6.1812794938737314e-002
1.5920000000000002e+002 	5.6698026451145307e-002 	3.0452279723817296e-003 	5.9743254423527042e-002
1.6559999999999999e+002 	5.4816528907225562e-002 	2.9524847173965354e-003 	5.7769013624622077e-002
1.7200000000000000e+002 	5.3018556979765596e-002 	2.8666660810563642e-003 	5.5885223060821977e-002
1.7840000000000001e+002 	5.1300257831397779e-002 	2.7869166543442276e-003 	5.4087174485742011e-002
1.8479999999999998e+002 	4.9657853277475600e-002 	2.7125019291771705e-003 	5.2370355206652751e-002
1.9120000000000002e+002 	4.8087670502216059e-002 	2.6427982056588394e-003 	5.0730468707874891e-002
1.9759999999999999e+002 	4.6586162286939355e-002 	2.5772773684646223e-003 	4.9163439655403957e-002
2.0400000000000000e+002 	4.5149919699898199e-002 	2.5154912248748309e-003 	4.7665410924773041e-002
2.1040000000000001e+002 	4.3775679283544706e-002 	2.4570575486329888e-003 	4.6232736832177705e-002
2.1679999999999998e+002 	4.2460326217877466e-002 	2.4016484576024396e-003 	4.4861974675479900e-002
2.2320000000000002e+002 	4.1200894555928902e-002 	2.3489809888952852e-003 	4.3549875544824201e-002
2.2959999999999999e+002 	3.9994565349939504e-002 	2.2988095048931422e-003 	4.2293374854832637e-002
2.3600000000000000e+002 	3.8838663281198574e-002 	2.2509195695960783e-003 	4.1089582850794643e-002
2.4240000000000001e+002 	3.7730652253378405e-002 	2.2051229906324475e-003 	3.9935775244010825e-002
2.4879999999999998e+002 	3.6668130294296934e-002 	2.1612537810497597e-003 	3.8829384075346696e-002
2.5519999999999999e+002 	3.5648824024353279e-002 	2.1191648513569565e-003 	3.7767988875710222e-002
2.6160000000000002e+002 	3.4670582884867976e-002 	2.0787252836321451e-003 	3.6749308168500132e-002
2.6800000000000000e+002 	3.3731373269750509e-002 	2.0398180707273802e-003 	3.5771191340477883e-002
2.7439999999999998e+002 	3.2829272666523635e-002 	2.0028322943660675e-003 	3.4832104960889718e-002
2.8719999999999999e+002 	3.1141283154599363e-002 	1.9327774234177946e-003 	3.3074060578017157e-002
3.0000000000000000e+002 	2.9552468220635467e-002 	1.8663558041160499e-003 	3.1418824024751511e-002
3.1280000000000001e+002 	2.8094097399509275e-002 	1.8039435136182618e-003 	2.9898040913127529e-002
3.2560000000000002e+002 	2.6741409886963316e-002 	1.7452136760054675e-003 	2.8486623562968768e-002
3.3839999999999998e+002 	2.5484843043454018e-002 	1.6898287032054613e-003 	2.7174671746659482e-002
3.5119999999999999e+002 	2.4315792876684176e-002 	1.6374718770927400e-003 	2.5953264753776920e-002
3.6400000000000000e+002 	2.3226535348467310e-002 	1.5878605456462712e-003 	2.4814395894113578e-002
3.7680000000000001e+002 	2.2210136954684257e-002 	1.5407479031906729e-003 	2.3750884857874931e-002
3.8960000000000002e+002 	2.1260368795628839e-002 	1.4959193355891310e-003 	2.2756288131217963e-002
4.0239999999999998e+002 	2.0371628325483095e-002 	1.4531876323855986e-003 	2.1824815957868695e-002
4.1519999999999999e+002 	1.9538869519873780e-002 	1.4123886318568478e-003 	2.0951258151730622e-002
4.2800000000000000e+002 	1.8757541053079592e-002 	1.3733775775073276e-003 	2.0130918630586917e-002
4.4080000000000001e+002 	1.8023531736979480e-002 	1.3360261302280546e-003 	1.9359557867207541e-002
4.5360000000000002e+002 	1.7333122417810185e-002 	1.3002199246265258e-003 	1.8633342342436705e-002
4.6639999999999998e+002 	1.6682943567493360e-002 	1.2658565634775141e-003 	1.7948800130970874e-002
4.7919999999999999e+002 	1.6069937877171491e-002 	1.2328439632976035e-003 	1.7302781840469093e-002
4.9200000000000000e+002 	1.5491327236992978e-002 	1.2010989785160640e-003 	1.6692426215509041e-002
5.0480000000000001e+002 	1.4944583559426586e-002 	1.1705462485777560e-003 	1.6115129808004343e-002
5.1759999999999991e+002 	1.4427402970329035e-002 	1.1411172271568299e-003 	1.5568520197485863e-002
5.3039999999999998e+002 	1.3937682951823356e-002 	1.1127493576596444e-003 	1.5050432309482997e-002
5.4320000000000005e+002 	1.3473502073991242e-002 	1.0857504977630833e-003 	1.4559252571754328e-002
5.6879999999999995e+002 	1.2621810741024040e-002 	1.0345844226426685e-003 	1.3656395163666707e-002
5.9440000000000009e+002 	1.1835091454755602e-002 	9.8608463525001332e-004 	1.2821176090005616e-002
6.2000000000000000e+002 	1.1130138640863346e-002 	9.4058807805056223e-004 	1.2070726718913904e-002
6.4559999999999991e+002 	1.0489234516867492e-002 	8.9791282819047134e-004 	1.1387147345057960e-002
6.7120000000000005e+002 	9.9047554714597388e-003 	8.5785114405530390e-004 	1.0762606615515039e-002
6.9679999999999995e+002 	9.3701427667002499e-003 	8.2019860080853981e-004 	1.0190341367508789e-002
7.2240000000000009e+002 	8.8797537008463261e-003 	7.8476620585668738e-004 	9.6645199067030077e-003
7.4800000000000000e+002 	8.4287213612392643e-003 	7.5138336404462897e-004 	9.1801047252838899e-003
7.7359999999999991e+002 	8.0128334099900111e-003 	7.1989717588224512e-004 	8.7327305858722563e-003
7.9920000000000005e+002 	7.6284304188485906e-003 	6.9017053078714496e-004 	8.3186009496357370e-003
8.2479999999999995e+002 	7.2723214139412571e-003 	6.6208000522224343e-004 	7.9344014191635066e-003
8.5040000000000009e+002 	6.9417138096002961e-003 	6.3551396357189815e-004 	7.5772277731721936e-003
8.7600000000000000e+002 	6.6341551568974179e-003 	6.1037096260625463e-004 	7.2445261195036737e-003
9.0159999999999991e+002 	6.3474845452380522e-003 	5.8655844001130966e-004 	6.9340429852493626e-003
9.2720000000000005e+002 	6.0797918955136174e-003 	5.6399163304612693e-004 	6.6437835285597458e-003
9.5279999999999995e+002 	5.8293837236240067e-003 	5.4259267636586766e-004 	6.3719763999898760e-003
9.7840000000000009e+002 	5.5947542295678799e-003 	5.2228984155978529e-004 	6.1170440711276657e-003
1.0040000000000000e+003 	5.3745607881429836e-003 	5.0301688896134498e-004 	5.8775776771043320e-003
1.0296000000000001e+003 	5.1676030928680013e-003 	4.8471251005211544e-004 	5.6523156029201181e-003
1.0551999999999998e+003 	4.9728053445235818e-003 	4.6731984569345000e-004 	5.4401251902170293e-003
1.0808000000000000e+003 	4.7892009871838359e-003 	4.5078606610316271e-004 	5.2399870532870013e-003
1.1064000000000001e+003 	4.6159195840207124e-003 	4.3506200106708707e-004 	5.0509815850877998e-003
1.1320000000000000e+003 	4.4521754970362057e-003 	4.2037772791273100e-004 	4.8725532249489362e-003
1.1832000000000000e+003 	4.1527345571057564e-003 	3.9314201254634853e-004 	4.5458765696521049e-003
1.2343999999999999e+003 	3.8777375377276177e-003 	3.6789233312928499e-004 	4.2456298708569047e-003
1.2856000000000001e+003 	3.6322799007654050e-003 	3.4486240402107092e-004 	3.9771423047864751e-003
1.3368000000000000e+003 	3.4099786570593706e-003 	3.2388601186799797e-004 	3.7338646689273692e-003
1.3880000000000000e+003 	3.2079406290931459e-003 	3.0477650371743862e-004 	3.5127171328105844e-003
1.4392000000000000e+003 	3.0237095378180695e-003 	2.8735099903689809e-004 	3.3110605368549665e-003
1.4903999999999999e+003 	2.8551971645262124e-003 	2.7144058426249761e-004 	3.1266377487887105e-003
1.5416000000000001e+003 	2.7006210986054192e-003 	2.5689323228621149e-004 	2.9575143308916301e-003
1.5928000000000000e+003 	2.5584524878686770e-003 	2.4357335174975724e-004 	2.8020258396184335e-003
1.6440000000000000e+003 	2.4273732961031815e-003 	2.3136016744398159e-004 	2.6587334635471633e-003
1.6952000000000000e+003 	2.3062415838039653e-003 	2.2014594411673495e-004 	2.5263875279206991e-003
1.7463999999999999e+003 	2.1940632866714288e-003 	2.0983439062948744e-004 	2.4038976773009166e-003
1.7976000000000001e+003 	2.0899691858898848e-003 	2.0033929689278529e-004 	2.2903084827826706e-003
1.8488000000000000e+003 	1.9931960180431460e-003 	1.9158337345415486e-004 	2.1847793914973007e-003
1.9000000000000000e+003 	1.9030708949682310e-003 	1.8349725330085422e-004 	2.0865681482690858e-003
1.9512000000000000e+003 	1.8189983828749425e-003 	1.7601862365564479e-004 	1.9950170065305877e-003
2.0024000000000001e+003 	1.7404497297752101e-003 	1.6909146427593780e-004 	1.9095411940511478e-003
2.0535999999999999e+003 	1.6669538382465979e-003 	1.6266537572171360e-004 	1.8296192139683116e-003
2.1048000000000002e+003 	1.5980896639907355e-003 	1.5669498462556313e-004 	1.7547846486162986e-003
2.1560000000000000e+003 	1.5334797853457415e-003 	1.5113941532094268e-004 	1.6846192006666838e-003
2.2071999999999998e+003 	1.4727849393323539e-003 	1.4596182007165303e-004 	1.6187467594040070e-003
2.2584000000000001e+003 	1.4156993593702292e-003 	1.4124877313431721e-004 	1.5569481325045467e-003
2.3607999999999997e+003 	1.3119866133449083e-003 	1.3272662820025394e-004 	1.4447132415451617e-003
2.4632000000000003e+003 	1.2176863710069913e-003 	1.2499086323391998e-004 	1.3426772342409114e-003
2.5655999999999999e+003 	1.1343310629780951e-003 	1.1810958050689259e-004 	1.2524406434849874e-003
2.6680000000000000e+003 	1.0595927911829822e-003 	1.1198145261013189e-004 	1.1715742437931145e-003
2.7704000000000001e+003 	9.9234988157421143e-004 	1.0650167169650929e-004 	1.0988515532707206e-003
2.8727999999999997e+003 	9.3165042715073385e-004 	1.0157482919588131e-004 	1.0332252563466150e-003
2.9752000000000003e+003 	8.7668562717944465e-004 	9.7119475546226668e-005 	9.7380510272567140e-004
3.0775999999999999e+003 	8.2676575320952267e-004 	9.3067837765924120e-005 	9.1983359097544664e-004
3.1800000000000000e+003 	7.8130001027367705e-004 	8.9363817659812231e-005 	8.7066382793348938e-004
3.2824000000000001e+003 	7.3978006651230293e-004 	8.5960842157534759e-005 	8.2574090866983777e-004
3.3847999999999997e+003 	7.0176665946563189e-004 	8.2820049119939937e-005 	7.8458670858557182e-004
3.4872000000000003e+003 	6.6687868348441911e-004 	7.9908846502176726e-005 	7.4678752998659601e-004
3.5895999999999999e+003 	6.3478425476989702e-004 	7.7199773358843060e-005 	7.1198402812874026e-004
3.6920000000000000e+003 	6.0519335223896973e-004 	7.4669590509993916e-005 	6.7986294274896390e-004
3.7944000000000001e+003 	5.7785171963907218e-004 	7.2298547414835173e-005 	6.5015026705390747e-004
3.8967999999999997e+003 	5.5253578347997290e-004 	7.0069786272103628e-005 	6.2260556975207650e-004
3.9992000000000003e+003 	5.2904839463850152e-004 	6.7968855847854795e-005 	5.9701725048635641e-004
4.1016000000000004e+003 	5.0721524227879435e-004 	6.5983313596483357e-005 	5.7319855587527758e-004
4.2040000000000000e+003 	4.8688181999490931e-004 	6.4102398638895471e-005 	5.5098421863380466e-004
4.3063999999999996e+003 	4.6791084819304096e-004 	6.2316763214257870e-005 	5.3022761140729912e-004
4.4088000000000002e+003 	4.5018007545760485e-004 	6.0618250870762330e-005 	5.1079832632836724e-004
4.5111999999999998e+003 	4.3358039630284664e-004 	5.9030753524752404e-005 	4.9261114982759890e-004
4.7160000000000000e+003 	4.0361795994700540e-004 	5.6068519386759153e-005 	4.5968647933376442e-004
4.9208000000000002e+003 	3.7647794592017759e-004 	5.3289523247645967e-005 	4.2976746916782352e-004
5.1256000000000004e+003 	3.5263430649354620e-004 	5.0722943242401991e-005 	4.0335724973594814e-004
5.3303999999999996e+003 	3.3131976892330925e-004 	4.8352328599495820e-005 	3.7967209752280521e-004
5.5351999999999998e+003 	3.1216833664422610e-004 	4.6156469111848586e-005 	3.5832480575607447e-004
5.7400000000000000e+003 	2.9487640684444313e-004 	4.4115438012961981e-005 	3.3899184485740514e-004
5.9448000000000002e+003 	2.7919191634190961e-004 	4.2212421939943768e-005 	3.2140433828185339e-004
6.1496000000000004e+003 	2.6490477573460030e-004 	4.0433439962087301e-005 	3.0533821569668756e-004
6.3543999999999996e+003 	2.5183898750095459e-004 	3.8766675670506471e-005 	2.9060566317146104e-004
6.5591999999999998e+003 	2.3984630586456075e-004 	3.7201954830593577e-005 	2.7704826069515438e-004
6.7640000000000000e+003 	2.2880117246466586e-004 	3.5730397278686556e-005 	2.6453156974335241e-004
6.9688000000000002e+003 	2.1859667003330520e-004 	3.4344178987465862e-005 	2.5294084902077111e-004
7.1736000000000004e+003 	2.0914127848534533e-004 	3.3036357925851399e-005 	2.4217763641119679e-004
7.3783999999999996e+003 	2.0035626220245517e-004 	3.1800739392631825e-005 	2.3215700159508703e-004
7.5831999999999998e+003 	1.9217355503214946e-004 	3.0631768860376779e-005 	2.2280532389252618e-004
7.7880000000000000e+003 	1.8453403943489581e-004 	2.9524445473796869e-005 	2.1405848490869267e-004
7.9928000000000002e+003 	1.7738613931561994e-004 	2.8474250840769551e-005 	2.0586039015638949e-004
8.1976000000000004e+003 	1.7068466377983122e-004 	2.7477089771098515e-005 	1.9816175355092967e-004
8.4023999999999996e+003 	1.6438985261868545e-004 	2.6529240632792080e-005 	1.9091909325147748e-004
8.6072000000000007e+003 	1.5846658475969163e-004 	2.5627313310785445e-005 	1.8409389807047701e-004
8.8120000000000000e+003 	1.5288371898049488e-004 	2.4785127230644376e-005 	1.7766884621113932e-004
9.2216000000000004e+003 	1.4273252307187890e-004 	2.3216170068474897e-005 	1.6594869314035383e-004
9.6311999999999989e+003 	1.3338538406929207e-004 	2.1749584925221246e-005 	1.5513496899451326e-004
1.0040800000000001e+004 	1.2509013573740651e-004 	2.0403821517023382e-005 	1.4549395725442995e-004
1.0450400000000000e+004 	1.1759159885690133e-004 	1.9169127010222068e-005 	1.3676072586712345e-004
1.0860000000000000e+004 	1.1078546373775213e-004 	1.8033191468930647e-005 	1.2881865520668283e-004
1.1269600000000000e+004 	1.0458444192644552e-004 	1.6984956295464276e-005 	1.2156939822190978e-004
1.1679199999999999e+004 	9.8915214085016652e-005 	1.6015106663037653e-005 	1.1493032074805432e-004
1.2088800000000001e+004 	9.3715806054896976e-005 	1.5115718472995687e-005 	1.0883152452789267e-004
1.2498400000000000e+004 	8.8933470197292597e-005 	1.4279942669804464e-005 	1.0321341286709705e-004
1.2908000000000000e+004 	8.4523008499687570e-005 	1.3501806041565538e-005 	9.8024814541253086e-005
1.3317600000000000e+004 	8.0445448712058469e-005 	1.2776073396826239e-005 	9.3221522108884739e-005
1.3727200000000001e+004 	7.6666994004772631e-005 	1.2098138538559241e-005 	8.8765132543331868e-005
1.4136799999999999e+004 	7.3158182952741789e-005 	1.1463932951647296e-005 	8.4622115904389104e-005
1.4546400000000000e+004 	6.9893211711806658e-005 	1.0869848556130466e-005 	8.0763060267937165e-005
1.4956000000000000e+004 	6.6849382204419938e-005 	1.0312672529709501e-005 	7.7162054734129424e-005
1.5365600000000000e+004 	6.4006649113598413e-005 	9.7895324367503327e-006 	7.3796181550348725e-005
1.5775200000000001e+004 	6.1347245107610512e-005 	9.2978501731672254e-006 	7.0645095280777746e-005
1.6184799999999999e+004 	5.8855368588149956e-005 	8.8353032234933580e-006 	6.7690671811643287e-005
1.6594400000000001e+004 	5.6516921851500394e-005 	8.3997918196564553e-006 	6.4916713671156853e-005
1.7004000000000000e+004 	5.4319290231595348e-005 	7.9894112994669876e-006 	6.2308701531062341e-005
1.7413599999999999e+004 	5.2251154808566104e-005 	7.6024285784267178e-006 	5.9853583386992819e-005
1.7823200000000001e+004 	5.0302332798019862e-005 	7.2372619896847527e-006 	5.7539594787704589e-005
1.8232799999999999e+004 	4.8463640911650777e-005 	6.8924641508325744e-006 	5.5356105062483341e-005
1.8642399999999998e+004 	4.6726777891053505e-005 	6.5667073030994934e-006 	5.3293485194153022e-005
1.9052000000000000e+004 	4.5084223129783100e-005 	6.2587704746921669e-006 	5.1342993604475265e-005
1.9461600000000002e+004 	4.3529148860970245e-005 	5.9675284391551963e-006 	4.9496677300125437e-005
1.9871200000000001e+004 	4.2055343835404264e-005 	5.6919422241487834e-006 	4.7747286059553048e-005
2.0280799999999999e+004 	4.0657146773347932e-005 	5.4310506232726020e-006 	4.6088197396620550e-005
2.0690400000000001e+004 	3.9329388162605535e-005 	5.1839629107544643e-006 	4.4513351073359991e-005
2.1100000000000000e+004 	3.8067339210054786e-005 	4.9498523842964038e-006 	4.3017191594351195e-005
2.1509599999999999e+004 	3.6866666945500423e-005 	4.7279506121286231e-006 	4.1594617557629067e-005
2.1919200000000001e+004 	3.5723394634147792e-005 	4.5175424284106048e-006 	4.0240937062558388e-005
2.2328800000000003e+004 	3.4633866783772679e-005 	4.3179613049366476e-006 	3.8951828088709325e-005
2.2738399999999998e+004 	3.3594718140310806e-005 	4.1285853354818605e-006 	3.7723303475792671e-005
2.3148000000000000e+004 	3.2602846155219192e-005 	3.9488336796583073e-006 	3.6551679834877489e-005
2.3557600000000002e+004 	3.1655386482920558e-005 	3.7781632864910022e-006 	3.5433549769411559e-005
2.3967199999999997e+004 	3.0749691129481553e-005 	3.6160659671175088e-006 	3.4365757096599037e-005
2.4376799999999999e+004 	2.9883308926739260e-005 	3.4620657419574094e-006 	3.3345374668696675e-005
2.4786400000000001e+004 	2.9053968050724611e-005 	3.3157164227610883e-006 	3.2369684473485691e-005
2.5196000000000000e+004 	2.8259560341464429e-005 	3.1765994184309276e-006 	3.1436159759895365e-005
2.5605599999999999e+004 	2.7498127213181178e-005 	3.0409972461275599e-006 	3.0539124459308745e-005
-750 0
-7.5000000000000000e+002 0.0000000000000000e+000 0.0000000000000000e+000
1
1 1 1 1
1
         t, ms                         dVp, mV                         dVs, mV                         dV, mV
2.5000000000000000e-001 	2.9676737069501500e-002 	3.2223740069465268e-003 	3.2899111076448030e-002
2.9999999999999999e-001 	2.9725946722850404e-002 	3.2358156026667476e-003 	3.2961762325517154e-002
3.4999999999999998e-001 	2.9750822533215197e-002 	3.2485094038161182e-003 	3.2999331937031313e-002
4.0000000000000002e-001 	2.9769584408380987e-002 	3.2598042365552145e-003 	3.3029388644936201e-002
4.5000000000000001e-001 	2.9786291558019568e-002 	3.2698903108863350e-003 	3.3056181868905896e-002
5.0000000000000000e-001 	2.9801771809517281e-002 	3.2789428301585690e-003 	3.3080714639675851e-002
5.5000000000000004e-001 	2.9816192907958561e-002 	3.2871120340190211e-003 	3.3103304941977579e-002
5.9999999999999998e-001 	2.9829618590771354e-002 	3.2945235529851335e-003 	3.3124142143756495e-002
6.5000000000000002e-001 	2.9842110789497025e-002 	3.3012816381225510e-003 	3.3143392427619586e-002
6.9999999999999996e-001 	2.9853739047531261e-002 	3.3074727787671442e-003 	3.3161211826298408e-002
7.5000000000000000e-001 	2.9864575538785694e-002 	3.3131689521892814e-003 	3.3177744490974964e-002
8.0000000000000004e-001 	2.9874690490911196e-002 	3.3184303415756291e-003 	3.3193120832486829e-002
8.4999999999999998e-001 	2.9884149643125298e-002 	3.3233075468747904e-003 	3.3207457190000088e-002
9.0000000000000002e-001 	2.9893013174963949e-002 	3.3278433635220883e-003 	3.3220856538486013e-002
9.4999999999999996e-001 	2.9901335474950920e-002 	3.3320742087913284e-003 	3.3233409683742270e-002
1.0000000000000000e+000 	2.9909165354345655e-002 	3.3360312648592913e-003 	3.3245196619204956e-002
1.0500000000000000e+000 	2.9916546453613461e-002 	3.3397413965214405e-003 	3.3256287850134902e-002
1.1000000000000001e+000 	2.9923517734629156e-002 	3.3432278894712794e-003 	3.3266745624100452e-002
1.1499999999999999e+000 	2.9930113979009573e-002 	3.3465110462136821e-003 	3.3276625025223251e-002
1.2000000000000000e+000 	2.9936366257853921e-002 	3.3495483194118472e-003 	3.3285914577265756e-002
1.3000000000000000e+000 	3.0067209450639579e-002 	3.3551338921472985e-003 	3.3422343342786875e-002
1.3999999999999999e+000 	2.9958509789776502e-002 	3.3602754067498762e-003 	3.3318785196526382e-002
1.5000000000000000e+000 	2.9968110400882070e-002 	3.3649378269285071e-003 	3.3333048227810587e-002
1.6000000000000001e+000 	2.9976904388802881e-002 	3.3691759811824299e-003 	3.3346080369985306e-002
1.7000000000000000e+000 	2.9984996861460615e-002 	3.3730429885577258e-003 	3.3358039850018346e-002
1.8000000000000000e+000 	2.9992475542910294e-002 	3.3765857086537634e-003 	3.3369061251564060e-002
1.8999999999999999e+000 	2.9999413865350627e-002 	3.3798442851766530e-003 	3.3379258150527273e-002
2.0000000000000000e+000 	3.0005873656452579e-002 	3.3828528626286300e-003 	3.3388726519081202e-002
2.1000000000000001e+000 	3.0011907326620096e-002 	3.3856405121973879e-003 	3.3397547838817487e-002
2.2000000000000002e+000 	3.0017559611544904e-002 	3.3882320802001899e-003 	3.3405791691745096e-002
2.2999999999999998e+000 	3.0022868948078072e-002 	3.3906488981151565e-003 	3.3413517846193230e-002
2.3999999999999999e+000 	3.0027868567427132e-002 	3.3929093611379138e-003 	3.3420777928565043e-002
2.5000000000000000e+000 	3.0032587370391609e-002 	3.3950293977695225e-003 	3.3427616768161118e-002
2.6000000000000001e+000 	3.0037050625061349e-002 	3.3970228528939178e-003 	3.3434073477955281e-002
2.7000000000000002e+000 	3.0041280538759471e-002 	3.3989018025611479e-003 	3.3440182341320616e-002
2.7999999999999998e+000 	3.0045296716578625e-002 	3.4006768147805829e-003 	3.3445973531359204e-002
2.8999999999999999e+000 	3.0049116543027117e-002 	3.4023571668966258e-003 	3.3451473709923740e-002
3.0000000000000000e+000 	3.0052755490048443e-002 	3.4039510279432520e-003 	3.3456706517991701e-002
3.1000000000000001e+000 	3.0056227380308925e-002 	3.4054656124538666e-003 	3.3461692992762797e-002
3.2000000000000002e+000 	3.0059544598169830e-002 	3.4069073106099096e-003 	3.3466451908779740e-002
3.2999999999999998e+000 	3.0062718273200652e-002 	3.4082817987918733e-003 	3.3471000071992531e-002
3.3999999999999999e+000 	3.0065758433035175e-002 	3.4095733848971545e-003 	3.3475331817932330e-002
3.6000000000000001e+000 	3.0106481077757707e-002 	3.4119888190983520e-003 	3.3518469896856064e-002
3.7999999999999998e+000 	3.0076772975156499e-002 	3.4142486019326387e-003 	3.3491021577089143e-002
4.0000000000000000e+000 	3.0081676391014230e-002 	3.4163377093033025e-003 	3.3498014100317532e-002
4.2000000000000002e+000 	3.0086237521606805e-002 	3.4182721415437658e-003 	3.3504509663150578e-002
4.4000000000000004e+000 	3.0090494332834540e-002 	3.4200678385647933e-003 	3.3510562171399340e-002
4.5999999999999996e+000 	3.0094479972514618e-002 	3.4217390804647013e-003 	3.3516219052979322e-002
4.7999999999999998e+000 	3.0098223773848243e-002 	3.4232982600383910e-003 	3.3521522033886635e-002
5.0000000000000000e+000 	3.0101752095558997e-002 	3.4247560609327499e-003 	3.3526508156491740e-002
5.2000000000000002e+000 	3.0105088953122534e-002 	3.4261217186315391e-003 	3.3531210671754082e-002
5.4000000000000004e+000 	3.0108256453619708e-002 	3.4274032650062057e-003 	3.3535659718625904e-002
5.5999999999999996e+000 	3.0111275064259427e-002 	3.4286077328444073e-003 	3.3539882797103827e-002
5.7999999999999998e+000 	3.0114163760605030e-002 	3.4297413202518611e-003 	3.3543905080856889e-002
6.0000000000000000e+000 	3.0116940089823602e-002 	3.4308095214559565e-003 	3.3547749611279550e-002
6.2000000000000002e+000 	3.0119620178498719e-002 	3.4318172310283238e-003 	3.3551437409527055e-002
6.4000000000000004e+000 	3.0122218719303918e-002 	3.4327688275844299e-003 	3.3554987546888349e-002
6.5999999999999996e+000 	3.0124748947229114e-002 	3.4336682418284561e-003 	3.3558417189057554e-002
6.7999999999999998e+000 	3.0127222626487156e-002 	3.4345190124524761e-003 	3.3561741638939643e-002
7.0000000000000000e+000 	3.0129650047865473e-002 	3.4353243327610288e-003 	3.3564974380626507e-002
7.2000000000000002e+000 	3.0132040050992293e-002 	3.4360870900134676e-003 	3.3568127141005766e-002
7.4000000000000004e+000 	3.0134400061737794e-002 	3.4368098989680149e-003 	3.3571209960705804e-002
7.5999999999999996e+000 	3.0136736148535331e-002 	3.4374821642474155e-003 	3.3574218312782747e-002
8.0000000000000000e+000 	3.0160208801338902e-002 	3.4387221336532811e-003 	3.3598930934992187e-002
8.4000000000000004e+000 	3.0145922668032205e-002 	3.4398624023531496e-003 	3.3585785070385343e-002
8.8000000000000007e+000 	3.0150438084770324e-002 	3.4408911160689775e-003 	3.3591329200839300e-002
9.1999999999999993e+000 	3.0154900755545951e-002 	3.4418158169106975e-003 	3.3596716572456650e-002
9.5999999999999996e+000 	3.0159298266940519e-002 	3.4426443428886432e-003 	3.3601942609829155e-002
1.0000000000000000e+001 	3.0163611328197587e-002 	3.4433837870747061e-003 	3.3606995115272306e-002
1.0400000000000000e+001 	3.0167815966296394e-002 	3.4440402892642230e-003 	3.3611856255560610e-002
1.0800000000000001e+001 	3.0171885461547882e-002 	3.4446190921274774e-003 	3.3616504553675354e-002
1.1199999999999999e+001 	3.0175791938197090e-002 	3.4451246683999907e-003 	3.3620916606597107e-002
1.1600000000000000e+001 	3.0179507615034643e-002 	3.4455608553624392e-003 	3.3625068470397070e-002
1.2000000000000000e+001 	3.0183005739861945e-002 	3.4459309772898591e-003 	3.3628936717151822e-002
1.2400000000000000e+001 	3.0186261251899712e-002 	3.4462379513213338e-003 	3.3632499203221061e-002
1.2800000000000001e+001 	3.0189251222358719e-002 	3.4464843767692110e-003 	3.3635735599127921e-002
1.3199999999999999e+001 	3.0191955115005428e-002 	3.4466726094329572e-003 	3.3638627724438375e-002
1.3600000000000000e+001 	3.0194354908308942e-002 	3.4468048226592106e-003 	3.3641159730968165e-002
1.4000000000000000e+001 	3.0196435114926333e-002 	3.4468830567747463e-003 	3.3643318171701082e-002
1.4400000000000000e+001 	3.0198182724544411e-002 	3.4469092584086107e-003 	3.3645091982953013e-002
1.4800000000000001e+001 	3.0199587096220341e-002 	3.4468853109940576e-003 	3.3646472407214391e-002
1.5199999999999999e+001 	3.0200639815136245e-002 	3.4468130576783421e-003 	3.3647452872814600e-002
1.5600000000000000e+001 	3.0201334529552638e-002 	3.4466943176488301e-003 	3.3648028847201472e-002
1.6000000000000000e+001 	3.0201666779320853e-002 	3.4465149988701484e-003 	3.3648181778190990e-002
1.6800000000000001e+001 	3.0214241106414411e-002 	3.4460286266515842e-003 	3.3660269733065996e-002
1.7600000000000001e+001 	3.0199344508873311e-002 	3.4454187649469725e-003 	3.3644763273820273e-002
1.8399999999999999e+001 	3.0196011849166308e-002 	3.4446706354429187e-003 	3.3640682484609226e-002
1.9199999999999999e+001 	3.0191265562982093e-002 	3.4437944271782407e-003 	3.3635059990160331e-002
2.0000000000000000e+001 	3.0185145683369018e-002 	3.4428019173660201e-003 	3.3627947600735043e-002
2.0800000000000001e+001 	3.0177700751178413e-002 	3.4417047693807656e-003 	3.3619405520559170e-002
2.1600000000000001e+001 	3.0168985426507609e-002 	3.4405138102187507e-003 	3.3609499236726355e-002
2.2399999999999999e+001 	3.0159058464290615e-002 	3.4392386591790124e-003 	3.3598297123469609e-002
2.3199999999999999e+001 	3.0147981061960805e-002 	3.4378875045422519e-003 	3.3585868566503065e-002
2.4000000000000000e+001 	3.0135815537624320e-002 	3.4364669647707438e-003 	3.3572282502395065e-002
2.4800000000000001e+001 	3.0122624287028301e-002 	3.4349820120649606e-003 	3.3557606299093268e-002
2.5600000000000001e+001 	3.0108468968038597e-002 	3.4334359478865057e-003 	3.3541904915925097e-002
2.6399999999999999e+001 	3.0093409869038860e-002 	3.4318304233468557e-003 	3.3525240292385697e-002
2.7199999999999999e+001 	3.0077505425351623e-002 	3.4301654980767441e-003 	3.3507670923428372e-002
2.8000000000000000e+001 	3.0060811853996134e-002 	3.4284397312520469e-003 	3.3489251585248181e-002
2.8800000000000001e+001 	3.0043382884155194e-002 	3.4266502983409408e-003 	3.3470033182496139e-002
2.9600000000000001e+001 	3.0025269564828854e-002 	3.4247931271969632e-003 	3.3450062692025821e-002
3.0399999999999999e+001 	3.0006520135478679e-002 	3.4228630475097240e-003 	3.3429383182988402e-002
3.1199999999999999e+001 	2.9987179948501818e-002 	3.4208539482136055e-003 	3.3408033896715428e-002
3.2000000000000000e+001 	2.9967291433091299e-002 	3.4187589380359098e-003 	3.3386050371127206e-002
3.2800000000000004e+001 	2.9946894095006914e-002 	3.4165705051680444e-003 	3.3363464600174954e-002
3.3600000000000001e+001 	2.9926024544275915e-002 	3.4142806727172695e-003 	3.3340305216993188e-002
3.4399999999999999e+001 	2.9904716546730731e-002 	3.4118315241599361e-003 	3.3316548070890649e-002
3.6000000000000000e+001 	2.9866168694847029e-002 	3.4065390396048841e-003 	3.3272707734451915e-002
3.7600000000000001e+001 	2.9815747889020083e-002 	3.4007859504901058e-003 	3.3216533839510190e-002
3.9199999999999996e+001 	2.9769304602584819e-002 	3.3944394875038151e-003 	3.3163744090088626e-002
4.0800000000000004e+001 	2.9721749921397977e-002 	3.3874370496951912e-003 	3.3109186971093170e-002
4.2399999999999999e+001 	2.9673194134051489e-002 	3.3797266793511066e-003 	3.3052920813402595e-002
4.4000000000000000e+001 	2.9623720647658315e-002 	3.3712658618013937e-003 	3.2994986509459708e-002
4.5600000000000001e+001 	2.9573389142708760e-002 	3.3620215764488272e-003 	3.2935410719157593e-002
4.7199999999999996e+001 	2.9522239009028797e-002 	3.3519704430722426e-003 	3.2874209452101039e-002
4.8800000000000004e+001 	2.9470292707113450e-002 	3.3410986516979784e-003 	3.2811391358811420e-002
5.0399999999999999e+001 	2.9417558908827798e-002 	3.3294016314358767e-003 	3.2746960540263673e-002
5.2000000000000000e+001 	2.9364035354102418e-002 	3.3168834955702082e-003 	3.2680918849672634e-002
5.3600000000000001e+001 	2.9309711400193009e-002 	3.3035563202634269e-003 	3.2613267720456439e-002
5.5199999999999996e+001 	2.9254570259811367e-002 	3.2894393132509312e-003 	3.2544009573062291e-002
5.6800000000000004e+001 	2.9198590936577177e-002 	3.2745579214474166e-003 	3.2473148858024582e-002
5.8399999999999999e+001 	2.9141749873804582e-002 	3.2589429175869187e-003 	3.2400692791391489e-002
6.0000000000000000e+001 	2.9084022337473717e-002 	3.2426294973981933e-003 	3.2326651834871920e-002
6.1600000000000001e+001 	2.9025383556537433e-002 	3.2256564111140941e-003 	3.2251039967651531e-002
6.3200000000000003e+001 	2.8965809645458574e-002 	3.2080651464384867e-003 	3.2173874791897053e-002
6.4799999999999997e+001 	2.8905278333054351e-002 	3.1898991744412838e-003 	3.2095177507495624e-002
6.6400000000000006e+001 	2.8843769522784234e-002 	3.1712032652884969e-003 	3.2014972788072721e-002
6.8000000000000000e+001 	2.8781265705887255e-002 	3.1520228770616381e-003 	3.1933288582948895e-002
6.9599999999999994e+001 	2.8717752249514304e-002 	3.1322696542504681e-003 	3.1850021903764784e-002
7.2799999999999997e+001 	2.8589479776185096e-002 	3.0916762397000387e-003 	3.1681156015885135e-002
7.6000000000000000e+001 	2.8453417523306761e-002 	3.0501903458401681e-003 	3.1503607869146938e-002
7.9200000000000003e+001 	2.8315065722874920e-002 	3.0078527222936868e-003 	3.1322918445168602e-002
8.2400000000000006e+001 	2.8172632398161503e-002 	2.9649236159066078e-003 	3.1137556014068115e-002
8.5599999999999994e+001 	2.8026198009315904e-002 	2.9216607774243757e-003 	3.0947858786740286e-002
8.8799999999999997e+001 	2.7875878071255845e-002 	2.8783009371281644e-003 	3.0754179008384008e-002
9.2000000000000000e+001 	2.7721817893617124e-002 	2.8350535580523297e-003 	3.0556871451669448e-002
9.5200000000000003e+001 	2.7564187055105847e-002 	2.7920995142349764e-003 	3.0356286569340824e-002
9.8400000000000006e+001 	2.7403174049016436e-002 	2.7495919046889032e-003 	3.0152765953705342e-002
1.0159999999999999e+002 	2.7238981336146124e-002 	2.7076578585203278e-003 	2.9946639194666443e-002
1.0480000000000001e+002 	2.7071820924881571e-002 	2.6664008031714488e-003 	2.9738221728053030e-002
1.0800000000000000e+002 	2.6901910524552829e-002 	2.6259029178301828e-003 	2.9527813442383012e-002
1.1119999999999999e+002 	2.6729470272271051e-002 	2.5862276089243441e-003 	2.9315697881195393e-002
1.1440000000000001e+002 	2.6554720004023747e-002 	2.5474219064270109e-003 	2.9102141910450758e-002
1.1759999999999999e+002 	2.6377877025420094e-002 	2.5095187182461744e-003 	2.8887395743666260e-002
1.2080000000000001e+002 	2.6199154328024672e-002 	2.4725389063414652e-003 	2.8671693234366125e-002
1.2400000000000000e+002 	2.6018759196026111e-002 	2.4364931668857236e-003 	2.8455252362911843e-002
1.2720000000000000e+002 	2.5836892148509125e-002 	2.4013837098919273e-003 	2.8238275858401052e-002
1.3039999999999998e+002 	2.5653746165968286e-002 	2.3672057426495389e-003 	2.8020951908617819e-002
1.3359999999999999e+002 	2.5469506154882651e-002 	2.3339487670855680e-003 	2.7803454921968219e-002
1.3680000000000001e+002 	2.5284348608815330e-002 	2.3015977045948810e-003 	2.7585946313410225e-002
1.4000000000000000e+002 	2.5098441429662166e-002 	2.2704599929729737e-003 	2.7368901422635143e-002
1.4640000000000001e+002 	2.4727380132642404e-002 	2.2107989415255597e-003 	2.6938179074167970e-002
1.5279999999999998e+002 	2.4350774036783283e-002 	2.1537299965174034e-003 	2.6504504033300697e-002
1.5920000000000002e+002 	2.3976163649471111e-002 	2.0996186528479139e-003 	2.6075782302319026e-002
1.6559999999999999e+002 	2.3602267288577245e-002 	2.0483200807249963e-003 	2.5650587369302248e-002
1.7200000000000000e+002 	2.3229887527483683e-002 	1.9996494686666312e-003 	2.5229536996150308e-002
1.7840000000000001e+002 	2.2859727536906526e-002 	1.9534145223350256e-003 	2.4813142059241559e-002
1.8479999999999998e+002 	2.2492397782548496e-002 	1.9094281915108047e-003 	2.4401825974059311e-002
1.9120000000000002e+002 	2.2128424427245705e-002 	1.8675138902922753e-003 	2.3995938317537983e-002
1.9759999999999999e+002 	2.1768257905356664e-002 	1.8275075766913305e-003 	2.3595765482047983e-002
2.0400000000000000e+002 	2.1412281085185329e-002 	1.7892583655810190e-003 	2.3201539450766345e-002
2.1040000000000001e+002 	2.1060816802954067e-002 	1.7526283894337366e-003 	2.2813445192387809e-002
2.1679999999999998e+002 	2.0714134704977658e-002 	1.7174922515995133e-003 	2.2431626956577157e-002
2.2320000000000002e+002 	2.0372457402877530e-002 	1.6837362595364532e-003 	2.2056193662413997e-002
2.2959999999999999e+002 	2.0035965978321139e-002 	1.6512575500768698e-003 	2.1687223528398022e-002
2.3600000000000000e+002 	1.9704804887647691e-002 	1.6199631775603938e-003 	2.1324768065208093e-002
2.4240000000000001e+002 	1.9379086321671998e-002 	1.5897692101186798e-003 	2.0968855531790679e-002
2.4879999999999998e+002 	1.9058894075926817e-002 	1.5605998623480801e-003 	2.0619493938274901e-002
2.5519999999999999e+002 	1.8744286984053664e-002 	1.5323866809371298e-003 	2.0276673664990790e-002
2.6160000000000002e+002 	1.8435301962903418e-002 	1.5050677918166011e-003 	1.9940369754720022e-002
2.6800000000000000e+002 	1.8131956713718613e-002 	1.4785872120059581e-003 	1.9610543925724574e-002
2.7439999999999998e+002 	1.7834252118757631e-002 	1.4531652603292507e-003 	1.9287417379086885e-002
2.8719999999999999e+002 	1.7259213673080472e-002 	1.4045075114002110e-003 	1.8663721184480689e-002
3.0000000000000000e+002 	1.6699221840520057e-002 	1.3579293333509386e-003 	1.8057151173871001e-002
3.1280000000000001e+002 	1.6164577112118338e-002 	1.3136726392526026e-003 	1.7478249751370939e-002
3.2560000000000002e+002 	1.5651204915594848e-002 	1.2715719854692446e-003 	1.6922776901064095e-002
3.3839999999999998e+002 	1.5158512953391719e-002 	1.2314543001778471e-003 	1.6389967253569573e-002
3.5119999999999999e+002 	1.4685848101902333e-002 	1.1931607632365176e-003 	1.5879008865138846e-002
3.6400000000000000e+002 	1.4232516214201614e-002 	1.1565512846445740e-003 	1.5389067498846186e-002
3.7680000000000001e+002 	1.3797798289420040e-002 	1.1215034349417615e-003 	1.4919301724361803e-002
3.8960000000000002e+002 	1.3380963369789872e-002 	1.0879099769270065e-003 	1.4468873346716883e-002
4.0239999999999998e+002 	1.2981278666241970e-002 	1.0556763829017890e-003 	1.4036955049143764e-002
4.1519999999999999e+002 	1.2598017402846697e-002 	1.0247187129157078e-003 	1.3622736115762406e-002
4.2800000000000000e+002 	1.2230464809299332e-002 	9.9496188545947608e-004 	1.3225426694758810e-002
4.4080000000000001e+002 	1.1877922620497416e-002 	9.6633828026155622e-004 	1.2844260900758971e-002
4.5360000000000002e+002 	1.1539712377610043e-002 	9.3878660585443991e-004 	1.2478498983464486e-002
4.6639999999999998e+002 	1.1215177770166895e-002 	9.1225097746426174e-004 	1.2127428747631156e-002
4.7919999999999999e+002 	1.0903686213561564e-002 	8.8668016331586738e-004 	1.1790366376877436e-002
4.9200000000000000e+002 	1.0604629819486034e-002 	8.6202696637747403e-004 	1.1466656785863507e-002
5.0480000000000001e+002 	1.0317425887080775e-002 	8.3824771504116167e-004 	1.1155673602121940e-002
5.1759999999999991e+002 	1.0041517018330962e-002 	8.1530184131524538e-004 	1.0856818859646204e-002
5.3039999999999998e+002 	9.7763709416694225e-003 	7.9315152930069536e-004 	1.0569522470970122e-002
5.4320000000000005e+002 	9.5214801117456983e-003 	7.7203105198816807e-004 	1.0293511163733868e-002
5.6879999999999995e+002 	9.0441271604584771e-003 	7.3195927867755100e-004 	9.7760864391360260e-003
5.9440000000000009e+002 	8.5938981451026460e-003 	6.9399503847411288e-004 	9.2878931835767599e-003
6.2000000000000000e+002 	8.1801721948824152e-003 	6.5841254792020577e-004 	8.8385847428026198e-003
6.4559999999999991e+002 	7.7959141573072082e-003 	6.2507403125087806e-004 	8.4209881885580849e-003
6.7120000000000005e+002 	7.4384963386089136e-003 	5.9382297776722323e-004 	8.0323193163761349e-003
6.9679999999999995e+002 	7.1055428288920343e-003 	5.6450738524862739e-004 	7.6700502141406604e-003
7.2240000000000009e+002 	6.7949125811102851e-003 	5.3698591448002645e-004 	7.3318984955903091e-003
7.4800000000000000e+002 	6.5046782455322315e-003 	5.1112868338750719e-004 	7.0158069289197400e-003
7.7359999999999991e+002 	6.2331048698358871e-003 	4.8681667992324184e-004 	6.7199215497591291e-003
7.9920000000000005e+002 	5.9786298840339078e-003 	4.6394091116753181e-004 	6.4425707952014402e-003
8.2479999999999995e+002 	5.7398448103521908e-003 	4.4240152881640341e-004 	6.1822463391685949e-003
8.5040000000000009e+002 	5.5154787699750957e-003 	4.2210698214025503e-004 	5.9375857521153496e-003
8.7600000000000000e+002 	5.3043837158924714e-003 	4.0297322409748302e-004 	5.7073569399899568e-003
9.0159999999999991e+002 	5.1055212662725587e-003 	3.8492298684481393e-004 	5.4904442531173757e-003
9.2720000000000005e+002 	4.9179509945868069e-003 	3.6788513157984525e-004 	5.2858361261666513e-003
9.5279999999999995e+002 	4.7408200310822962e-003 	3.5179406931302488e-004 	5.0926141003953219e-003
9.7840000000000009e+002 	4.5733538362459584e-003 	3.3658924541682693e-004 	4.9099430816627859e-003
1.0040000000000000e+003 	4.4148480167705258e-003 	3.2221468009177996e-004 	4.7370626968623042e-003
1.0296000000000001e+003 	4.2646610657070105e-003 	3.0861855762310587e-004 	4.5732796233301171e-003
1.0551999999999998e+003 	4.1222079202085952e-003 	2.9575285836882620e-004 	4.4179607785774198e-003
1.0808000000000000e+003 	3.9869542414521023e-003 	2.8357302834971945e-004 	4.2705272698018212e-003
1.1064000000000001e+003 	3.8584113320180185e-003 	2.7203768201536734e-004 	4.1304490140333843e-003
1.1320000000000000e+003 	3.7361316156757419e-003 	2.6131649850580997e-004 	3.9974481141815512e-003
1.1832000000000000e+003 	3.5104277596805832e-003 	2.4155064565332306e-004 	3.7519784053339058e-003
1.2343999999999999e+003 	3.3009697963558952e-003 	2.2336568235471640e-004 	3.5243354787106106e-003
1.2856000000000001e+003 	3.1118292992007505e-003 	2.0692644126703167e-004 	3.3187557404677805e-003
1.3368000000000000e+003 	2.9387888927079895e-003 	1.9208149292040331e-004 	3.1308703856283938e-003
1.3880000000000000e+003 	2.7800391026315588e-003 	1.7867255514455139e-004 	2.9587116577761102e-003
1.4392000000000000e+003 	2.6340154217882536e-003 	1.6655150158524740e-004 	2.8005669233735018e-003
1.4903999999999999e+003 	2.4993646820720161e-003 	1.5558410532903036e-004 	2.6549487874010461e-003
1.5416000000000001e+003 	2.3749131954539020e-003 	1.4565009378744677e-004 	2.5205632892413492e-003
1.5928000000000000e+003 	2.2596391388733936e-003 	1.3664222573299897e-004 	2.3962813646063929e-003
1.6440000000000000e+003 	2.1526493453326080e-003 	1.2846507139326700e-004 	2.2811144167258750e-003
1.6952000000000000e+003 	2.0531599913169571e-003 	1.2103372605654286e-004 	2.1741937173735009e-003
1.7463999999999999e+003 	1.9604805505939005e-003 	1.1427258219627703e-004 	2.0747531327901764e-003
1.7976000000000001e+003 	1.8740004350699020e-003 	1.0811422277183168e-004 	1.9821146578417343e-003
1.8488000000000000e+003 	1.7931778342004470e-003 	1.0249845192352458e-004 	1.8956762861239715e-003
1.9000000000000000e+003 	1.7175303537766853e-003 	9.7371454353340785e-005 	1.8149018081300258e-003
1.9512000000000000e+003 	1.6466271312890691e-003 	9.2685066353315703e-005 	1.7393121976423847e-003
2.0024000000000001e+003 	1.5800821674179873e-003 	8.8396141194602287e-005 	1.6684783086125888e-003
2.0535999999999999e+003 	1.5175486631443969e-003 	8.4465994109352683e-005 	1.6020146572537494e-003
2.1048000000000002e+003 	1.4587141918124373e-003 	8.0859914904001916e-005 	1.5395741067164388e-003
2.1560000000000000e+003 	1.4032965672414689e-003 	7.7546738469596541e-005 	1.4808433057110649e-003
2.2071999999999998e+003 	1.3510402943889904e-003 	7.4498465243433992e-005 	1.4255387596324239e-003
2.2584000000000001e+003 	1.3017135094565892e-003 	7.1766777347836088e-005 	1.3734802868044247e-003
2.3607999999999997e+003 	1.2116556509342694e-003 	6.6922060860566174e-005 	1.2785777117948355e-003
2.4632000000000003e+003 	1.1292757361266209e-003 	6.2621495634451309e-005 	1.1918972317610723e-003
2.5655999999999999e+003 	1.0559991365735857e-003 	5.8893229725839602e-005 	1.1148923662994250e-003
2.6680000000000000e+003 	9.8992538477724610e-004 	5.5654532719228281e-005 	1.0455799174964742e-003
2.7704000000000001e+003 	9.3016386076662228e-004 	5.2828014363073010e-005 	9.8299187512969517e-004
2.8727999999999997e+003 	8.7595163445347048e-004 	5.0346166803177630e-005 	9.2629780125664813e-004
2.9752000000000003e+003 	8.2663465653553723e-004 	4.8151848730614638e-005 	8.7478650526615206e-004
3.0775999999999999e+003 	7.8165045836840036e-004 	4.6197596269355449e-005 	8.2784805463775586e-004
3.1800000000000000e+003 	7.4051344761833491e-004 	4.4444393838671185e-005 	7.8495784145700626e-004
3.2824000000000001e+003 	7.0280273353315770e-004 	4.2860281459477910e-005 	7.4566301499263586e-004
3.3847999999999997e+003 	6.6815211351380207e-004 	4.1419059695507764e-005 	7.0957117320930984e-004
3.4872000000000003e+003 	6.3624182726920448e-004 	4.0099198296912822e-005 	6.7634102556611716e-004
3.5895999999999999e+003 	6.0679173719974371e-004 	3.8882952975512025e-005 	6.4567469017525576e-004
3.6920000000000000e+003 	5.7955565811242669e-004 	3.7755657957401358e-005 	6.1731131606982802e-004
3.7944000000000001e+003 	5.5431661661512963e-004 	3.6705158281134850e-005 	5.9102177489626429e-004
3.8967999999999997e+003 	5.3088286681566470e-004 	3.5721352010429058e-005 	5.6660421882609381e-004
3.9992000000000003e+003 	5.0908452511684663e-004 	3.4795819509463499e-005 	5.4388034462631008e-004
4.1016000000000004e+003 	4.8877071492522343e-004 	3.3921522317108885e-005 	5.2269223724233239e-004
4.2040000000000000e+003 	4.6980713379876415e-004 	3.3092557971757219e-005 	5.0289969177052152e-004
4.3063999999999996e+003 	4.5207397246964983e-004 	3.2303960061955308e-005 	4.8437793253160513e-004
4.4088000000000002e+003 	4.3546412844370011e-004 	3.1551534874892617e-005 	4.6701566331859253e-004
4.5111999999999998e+003 	4.1988166735137077e-004 	3.0842954160747009e-005 	4.5072462151211792e-004
4.7160000000000000e+003 	3.9167443814032963e-004 	2.9511255770974776e-005 	4.2118569391130437e-004
4.9208000000000002e+003 	3.6604260567028299e-004 	2.8254206242745793e-005 	3.9429681191302892e-004
5.1256000000000004e+003 	3.4344252251220934e-004 	2.7079001927021998e-005 	3.7052152443923137e-004
5.3303999999999996e+003 	3.2317686739243272e-004 	2.5978581552119115e-005 	3.4915544894455170e-004
5.5351999999999998e+003 	3.0491606439647109e-004 	2.4945549128159023e-005 	3.2986161352463011e-004
5.7400000000000000e+003 	2.8838539196682998e-004 	2.3972826541531067e-005 	3.1235821850836098e-004
5.9448000000000002e+003 	2.7335570528621211e-004 	2.3054322280785534e-005 	2.9641002756699772e-004
6.1496000000000004e+003 	2.5963518194049487e-004 	2.2185049958104428e-005 	2.8182023189859934e-004
6.3543999999999996e+003 	2.4706247119327368e-004 	2.1360914823187227e-005 	2.6842338601646104e-004
6.5591999999999998e+003 	2.3550114796829289e-004 	2.0578462562485014e-005 	2.5607961053077788e-004
6.7640000000000000e+003 	2.2483525671823887e-004 	1.9834696860636240e-005 	2.4466995357887519e-004
6.9688000000000002e+003 	2.1496573158323191e-004 	1.9126963660152146e-005 	2.3409269524338411e-004
7.1736000000000004e+003 	2.0580751191643154e-004 	1.8452877670561274e-005 	2.2426038958699279e-004
7.3783999999999996e+003 	1.9728720816586438e-004 	1.7810273189208018e-005 	2.1509748135507240e-004
7.5831999999999998e+003 	1.8934120418844907e-004 	1.7197169345564784e-005 	2.0653837353401373e-004
7.7880000000000000e+003 	1.8191410698947604e-004 	1.6611744528837041e-005 	1.9852585151831307e-004
7.9928000000000002e+003 	1.7495747430069935e-004 	1.6052316996556891e-005 	1.9100979129725628e-004
8.1976000000000004e+003 	1.6842876540209940e-004 	1.5517329727758498e-005 	1.8394609512985797e-004
8.4023999999999996e+003 	1.6229047216607118e-004 	1.5005338276210702e-005 	1.7729581044228184e-004
8.6072000000000007e+003 	1.5650939625392525e-004 	1.4515000758047978e-005 	1.7102439701197322e-004
8.8120000000000000e+003 	1.5105604535841941e-004 	1.4052613475914584e-005 	1.6510865883433400e-004
9.2216000000000004e+003 	1.4112822776531482e-004 	1.3184347672760389e-005 	1.5431257543807524e-004
9.6311999999999989e+003 	1.3197741633029909e-004 	1.2368149592932555e-005 	1.4434556592323163e-004
1.0040800000000001e+004 	1.2384449977644803e-004 	1.1611466865672128e-005 	1.3545596664212017e-004
1.0450400000000000e+004 	1.1648429266468219e-004 	1.0910407530622996e-005 	1.2739470019530521e-004
1.0860000000000000e+004 	1.0979681608456259e-004 	1.0259795354263361e-005 	1.2005661143882594e-004
1.1269600000000000e+004 	1.0369820937375932e-004 	9.6546011000772054e-006 	1.1335281047383654e-004
1.1679199999999999e+004 	9.8117877846461195e-005 	9.0904656358831441e-006 	1.0720834348234435e-004
1.2088800000000001e+004 	9.2996029910055107e-005 	8.5636586758824668e-006 	1.0155968858593759e-004
1.2498400000000000e+004 	8.8281681725510479e-005 	8.0709380578267969e-006 	9.6352619783337298e-005
1.2908000000000000e+004 	8.3931073203615770e-005 	7.6094502920679636e-006 	9.1540523495683740e-005
1.3317600000000000e+004 	7.9906414045582315e-005 	7.1766679156699497e-006 	8.7083081961252272e-005
1.3727200000000001e+004 	7.6174886339423886e-005 	6.7703437222219372e-006 	8.2945230061645772e-005
1.4136799999999999e+004 	7.2707845013953010e-005 	6.3884727030364128e-006 	7.9096317716989412e-005
1.4546400000000000e+004 	6.9480171276874498e-005 	6.0292591596876059e-006 	7.5509430436562124e-005
1.4956000000000000e+004 	6.6469745200697025e-005 	5.6910883344761975e-006 	7.2160833535173216e-005
1.5365600000000000e+004 	6.3657011948418753e-005 	5.3725021466890204e-006 	6.9029514095107745e-005
1.5775200000000001e+004 	6.1024622294161666e-005 	5.0721786168425308e-006 	6.6096800911004196e-005
1.6184799999999999e+004 	5.8557132637233135e-005 	4.7889144470119360e-006 	6.3346047084245072e-005
1.6594400000000001e+004 	5.6240753074056562e-005 	4.5216102652196588e-006 	6.0762363339276226e-005
1.7004000000000000e+004 	5.4063134603541164e-005 	4.2692581540097413e-006 	5.8332392757550905e-005
1.7413599999999999e+004 	5.2013188436035782e-005 	4.0309310646165992e-006 	5.6044119500652389e-005
1.7823200000000001e+004 	5.0080931816995033e-005 	3.8057737855633308e-006 	5.3886705602558362e-005
1.8232799999999999e+004 	4.8257355885846843e-005 	3.5929952686246025e-006 	5.1850351154471474e-005
1.8642399999999998e+004 	4.6534311951946857e-005 	3.3918620505616441e-006 	4.9926174002508497e-005
1.9052000000000000e+004 	4.4904413243627417e-005 	3.2016925378644116e-006 	4.8106105781491825e-005
1.9461600000000002e+004 	4.3360949720401468e-005 	3.0218520861010340e-006 	4.6382801806502518e-005
1.9871200000000001e+004 	4.1897813962728357e-005 	2.8517487420121754e-006 	4.4749562704740532e-005
2.0280799999999999e+004 	4.0509436494686873e-005 	2.6908294930363325e-006 	4.3200265987723200e-005
2.0690400000000001e+004 	3.9190729170381785e-005 	2.5385769801355114e-006 	4.1729306150517297e-005
2.1100000000000000e+004 	3.7937035478471418e-005 	2.3945065928446984e-006 	4.0331542071316122e-005
2.1509599999999999e+004 	3.6744086802396609e-005 	2.2581638884223608e-006 	3.9002250690818965e-005
2.1919200000000001e+004 	3.5607963824221768e-005 	2.1291222826264611e-006 	3.7737086106848243e-005
2.2328800000000003e+004 	3.4525062384107963e-005 	2.0069809666967691e-006 	3.6532043350804725e-005
2.2738399999999998e+004 	3.3492063211003669e-005 	1.8913630577416239e-006 	3.5383426268745301e-005
2.3148000000000000e+004 	3.2505905025392147e-005 	1.7819139214403210e-006 	3.4287818946832466e-005
2.3557600000000002e+004 	3.1563760587657393e-005 	1.6782996373255075e-006 	3.3242060224982903e-005
2.3967199999999997e+004 	3.0663015325475875e-005 	1.5802056041489034e-006 	3.2243220929624797e-005
2.4376799999999999e+004 	2.9801248224950633e-005 	1.4873352635811974e-006 	3.1288583488531820e-005
2.4786400000000001e+004 	2.8976214713222491e-005 	1.3994089258375362e-006 	3.0375623639060030e-005
2.5196000000000000e+004 	2.8185831296845395e-005 	1.3161626928196240e-006 	2.9501993989665016e-005
2.5605599999999999e+004 	2.7428161751504490e-005 	1.2351924480176646e-006 	2.8663354199522149e-005
