-550 0
-5.5000000000000000e+002 0.0000000000000000e+000 0.0000000000000000e+000
1
1 1 1 1
1
         t, ms                         dVp, mV                         dVs, mV                         dV, mV
2.5000000000000000e-001 	1.3727670064294159e-001 	4.3118821732480474e-004 	1.3770788886026641e-001
2.9999999999999999e-001 	1.3748044546562244e-001 	4.5233985001808750e-004 	1.3793278531564057e-001
3.4999999999999998e-001 	1.3758344525190119e-001 	4.7230979977919358e-004 	1.3805575505168038e-001
4.0000000000000002e-001 	1.3766113056884993e-001 	4.9007127377547507e-004 	1.3815120184262542e-001
4.5000000000000001e-001 	1.3773030715595411e-001 	5.0592799807717959e-004 	1.3823623515403133e-001
5.0000000000000000e-001 	1.3779440275615132e-001 	5.2015788171646778e-004 	1.3831456063786779e-001
5.5000000000000004e-001 	1.3785411223001340e-001 	5.3299803816735537e-004 	1.3838711026818074e-001
5.9999999999999998e-001 	1.3790969973166731e-001 	5.4464590925460223e-004 	1.3845434564092182e-001
6.5000000000000002e-001 	1.3796142186269786e-001 	5.5526475348247279e-004 	1.3851668661618025e-001
6.9999999999999996e-001 	1.3800956668416500e-001 	5.6498961313941316e-004 	1.3857455629730442e-001
7.5000000000000000e-001 	1.3805443310618518e-001 	5.7393260711891578e-004 	1.3862836571330403e-001
8.0000000000000004e-001 	1.3809631195536382e-001 	5.8218732019771325e-004 	1.3867849927556145e-001
8.4999999999999998e-001 	1.3813547545902302e-001 	5.8983234958635085e-004 	1.3872530780860934e-001
9.0000000000000002e-001 	1.3817217281160823e-001 	5.9693414150949751e-004 	1.3876910695311775e-001
9.4999999999999996e-001 	1.3820662922661903e-001 	6.0354925300743964e-004 	1.3881017847962651e-001
1.0000000000000000e+000 	1.3823904680989363e-001 	6.0972615499142941e-004 	1.3884877296488496e-001
1.0500000000000000e+000 	1.3826960626432247e-001 	6.1550667238345483e-004 	1.3888511293670594e-001
1.1000000000000001e+000 	1.3829846891584224e-001 	6.2092713675248375e-004 	1.3891939605259465e-001
1.1499999999999999e+000 	1.3832577877591415e-001 	6.2601931184466447e-004 	1.3895179808775876e-001
1.2000000000000000e+000 	1.3835166450109815e-001 	6.3071298911531511e-004 	1.3898237749021342e-001
1.3000000000000000e+000 	1.3889334646076404e-001 	6.3930546582273635e-004 	1.3953265192658668e-001
1.3999999999999999e+000 	1.3844334292748414e-001 	6.4717376712396387e-004 	1.3909051669460804e-001
1.5000000000000000e+000 	1.3848309110222445e-001 	6.5425942649385024e-004 	1.3913735052871831e-001
1.6000000000000001e+000 	1.3851949962026586e-001 	6.6065072583835463e-004 	1.3918015034610426e-001
1.7000000000000000e+000 	1.3855300366807072e-001 	6.6643397104380506e-004 	1.3921943763911451e-001
1.8000000000000000e+000 	1.3858396645667204e-001 	6.7168590569600733e-004 	1.3925565236236795e-001
1.8999999999999999e+000 	1.3861269201895557e-001 	6.7647276157477483e-004 	1.3928916478053027e-001
2.0000000000000000e+000 	1.3863943634081452e-001 	6.8085124717542867e-004 	1.3932028758798995e-001
2.1000000000000001e+000 	1.3866441642133090e-001 	6.8486991872393499e-004 	1.3934928634005492e-001
2.2000000000000002e+000 	1.3868781747640682e-001 	6.8857046552235797e-004 	1.3937638794192922e-001
2.2999999999999998e+000 	1.3870979864628513e-001 	6.9198880268322711e-004 	1.3940178744896831e-001
2.3999999999999999e+000 	1.3873049752064837e-001 	6.9515597459292745e-004 	1.3942565349524136e-001
2.5000000000000000e+000 	1.3875003375168962e-001 	6.9809889881288737e-004 	1.3944813265050254e-001
2.6000000000000001e+000 	1.3876851196137510e-001 	7.0084098110718366e-004 	1.3946935294248228e-001
2.7000000000000002e+000 	1.3878602409110435e-001 	7.0340262710767004e-004 	1.3948942671821205e-001
2.7999999999999998e+000 	1.3880265131264696e-001 	7.0580167060348088e-004 	1.3950845298325046e-001
2.8999999999999999e+000 	1.3881846559847136e-001 	7.0805373406437444e-004 	1.3952651933253568e-001
3.0000000000000000e+000 	1.3883353101217671e-001 	7.1017253335396507e-004 	1.3954370354553078e-001
3.1000000000000001e+000 	1.3884790477769332e-001 	7.1217013649795132e-004 	1.3956007491419128e-001
3.2000000000000002e+000 	1.3886163817015271e-001 	7.1405718410826979e-004 	1.3957569535426093e-001
3.2999999999999998e+000 	1.3887477726981795e-001 	7.1584307789977731e-004 	1.3959062034771780e-001
3.3999999999999999e+000 	1.3888736359215942e-001 	7.1750561313745553e-004 	1.3960486920529680e-001
3.6000000000000001e+000 	1.3905595213575017e-001 	7.2058345954395466e-004 	1.3977653559529427e-001
3.7999999999999998e+000 	1.3893296384578194e-001 	7.2343449362380070e-004 	1.3965639833940571e-001
4.0000000000000000e+000 	1.3895326392807530e-001 	7.2603874756370596e-004 	1.3967930267563891e-001
4.2000000000000002e+000 	1.3897214692144197e-001 	7.2842151912964155e-004 	1.3970056844057155e-001
4.4000000000000004e+000 	1.3898977002627191e-001 	7.3060740712999615e-004 	1.3972037743340190e-001
4.5999999999999996e+000 	1.3900627049090913e-001 	7.3261807626773961e-004 	1.3973888856717681e-001
4.7999999999999998e+000 	1.3902176975191866e-001 	7.3447206194741433e-004 	1.3975624181386609e-001
5.0000000000000000e+000 	1.3903637690505147e-001 	7.3618515795832371e-004 	1.3977256206300975e-001
5.2000000000000002e+000 	1.3905019129943474e-001 	7.3777090027378066e-004 	1.3978796219970840e-001
5.4000000000000004e+000 	1.3906330431329247e-001 	7.3924099854600430e-004 	1.3980254531183844e-001
5.5999999999999996e+000 	1.3907580044926154e-001 	7.4060568256826566e-004 	1.3981640613182988e-001
5.7999999999999998e+000 	1.3908775791957539e-001 	7.4187396858006250e-004 	1.3982963188815548e-001
6.0000000000000000e+000 	1.3909924887820482e-001 	7.4305386015181265e-004 	1.3984230273835671e-001
6.2000000000000002e+000 	1.3911033943546305e-001 	7.4415249924884223e-004 	1.3985449193471186e-001
6.4000000000000004e+000 	1.3912108956873689e-001 	7.4517628059515178e-004 	1.3986626584933204e-001
6.5999999999999996e+000 	1.3913155300839755e-001 	7.4613093993730975e-004 	1.3987768394833486e-001
6.7999999999999998e+000 	1.3914177715454049e-001 	7.4702162408145313e-004 	1.3988879877862195e-001
7.0000000000000000e+000 	1.3915180306190958e-001 	7.4785294843284769e-004 	1.3989965601034246e-001
7.2000000000000002e+000 	1.3916166550537948e-001 	7.4862904610534513e-004 	1.3991029455148479e-001
7.4000000000000004e+000 	1.3917139313245117e-001 	7.4935361119542198e-004 	1.3992074674364652e-001
7.5999999999999996e+000 	1.3918100869409558e-001 	7.5001337937533258e-004 	1.3993102207347091e-001
8.0000000000000000e+000 	1.3927801044958762e-001 	7.5119928515306026e-004 	1.4002920973474065e-001
8.4000000000000004e+000 	1.3921861882582343e-001 	7.5225772355409250e-004 	1.3997087654937745e-001
8.8000000000000007e+000 	1.3923693830601208e-001 	7.5317292649118811e-004 	1.3999011123250324e-001
9.1999999999999993e+000 	1.3925488924109136e-001 	7.5395341876084818e-004 	1.4000884265985217e-001
9.5999999999999996e+000 	1.3927238501967021e-001 	7.5460759108716871e-004 	1.4002699261075746e-001
1.0000000000000000e+001 	1.3928930789247487e-001 	7.5514250967059098e-004 	1.4004445040214533e-001
1.0400000000000000e+001 	1.3930551862026580e-001 	7.5556377728157689e-004 	1.4006108239754739e-001
1.0800000000000001e+001 	1.3932086499625551e-001 	7.5587568269633342e-004 	1.4007674067895190e-001
1.1199999999999999e+001 	1.3933518890749663e-001 	7.5608139441499201e-004 	1.4009127030191160e-001
1.1600000000000000e+001 	1.3934833190608567e-001 	7.5618312900625068e-004 	1.4010451503509197e-001
1.2000000000000000e+001 	1.3936013940600256e-001 	7.5618227998617941e-004 	1.4011632168598867e-001
1.2400000000000000e+001 	1.3937046368688649e-001 	7.5607951043094675e-004 	1.4012654319731749e-001
1.2800000000000001e+001 	1.3937916590168614e-001 	7.5587481764995612e-004 	1.4013504071933622e-001
1.3199999999999999e+001 	1.3938611728621536e-001 	7.5556757917665137e-004 	1.4014168486539205e-001
1.3600000000000000e+001 	1.3939119974558256e-001 	7.5515658833432580e-004 	1.4014635633391687e-001
1.4000000000000000e+001 	1.3939430597264785e-001 	7.5464008599465985e-004 	1.4014894605864245e-001
1.4400000000000000e+001 	1.3939533922835673e-001 	7.5401579324780687e-004 	1.4014935502160453e-001
1.4800000000000001e+001 	1.3939421288666123e-001 	7.5328094788556447e-004 	1.4014749383454678e-001
1.5199999999999999e+001 	1.3939084982992384e-001 	7.5243234624498855e-004 	1.4014328217616889e-001
1.5600000000000000e+001 	1.3938518175739717e-001 	7.5146639080599402e-004 	1.4013664814820315e-001
1.6000000000000000e+001 	1.3937714845549434e-001 	7.5032837223489588e-004 	1.4012747682772925e-001
1.6800000000000001e+001 	1.3940724787969141e-001 	7.4764732240787258e-004 	1.4015489520209939e-001
1.7600000000000001e+001 	1.3932030122972985e-001 	7.4451528220347745e-004 	1.4006481651193334e-001
1.8399999999999999e+001 	1.3927662283740352e-001 	7.4081806262570125e-004 	1.4001744090002921e-001
1.9199999999999999e+001 	1.3922249999969893e-001 	7.3651299903243277e-004 	1.3995901299873137e-001
2.0000000000000000e+001 	1.3915779216130966e-001 	7.3156425912259749e-004 	1.3988935642043229e-001
2.0800000000000001e+001 	1.3908240392405882e-001 	7.2594099955412350e-004 	1.3980834492361302e-001
2.1600000000000001e+001 	1.3899627824979113e-001 	7.1961743833354229e-004 	1.3971589568812465e-001
2.2399999999999999e+001 	1.3889939081174435e-001 	7.1257336852060908e-004 	1.3961196418026497e-001
2.3199999999999999e+001 	1.3879174565468858e-001 	7.0479464725341668e-004 	1.3949654030194195e-001
2.4000000000000000e+001 	1.3867337197020874e-001 	6.9627350698607852e-004 	1.3936964547719474e-001
2.4800000000000001e+001 	1.3854432171272132e-001 	6.8700865173616332e-004 	1.3923133036445748e-001
2.5600000000000001e+001 	1.3840466779880883e-001 	6.7700515177243278e-004 	1.3908167295058127e-001
2.6399999999999999e+001 	1.3825450268159811e-001 	6.6627417035511729e-004 	1.3892077685195328e-001
2.7199999999999999e+001 	1.3809393714504054e-001 	6.5483256062657256e-004 	1.3874876970566710e-001
2.8000000000000000e+001 	1.3792309920747808e-001 	6.4270236851321245e-004 	1.3856580157599127e-001
2.8800000000000001e+001 	1.3774213306429542e-001 	6.2991027322545465e-004 	1.3837204333752082e-001
2.9600000000000001e+001 	1.3755119802564508e-001 	6.1648699223415331e-004 	1.3816768501787918e-001
3.0399999999999999e+001 	1.3735046742864107e-001 	6.0246667304364454e-004 	1.3795293410168469e-001
3.1199999999999999e+001 	1.3714012751627885e-001 	5.8788628979805733e-004 	1.3772801380607694e-001
3.2000000000000000e+001 	1.3692037628581843e-001 	5.7278505889230707e-004 	1.3749316134471068e-001
3.2800000000000004e+001 	1.3669142231531561e-001 	5.5720388417259369e-004 	1.3724862619948819e-001
3.3600000000000001e+001 	1.3645348357937950e-001 	5.4118483925689814e-004 	1.3699466841863636e-001
3.4399999999999999e+001 	1.3620678626654797e-001 	5.2465228401824774e-004 	1.3673143855056627e-001
3.6000000000000000e+001 	1.3570923633333459e-001 	4.9062603085435442e-004 	1.3619986236418888e-001
3.7600000000000001e+001 	1.3513793028283186e-001 	4.5583489067476849e-004 	1.3559376517350666e-001
3.9199999999999996e+001 	1.3455735067028843e-001 	4.2034617164168257e-004 	1.3497769684193003e-001
4.0800000000000004e+001 	1.3394862160077159e-001 	3.8442846964289621e-004 	1.3433305007041446e-001
4.2399999999999999e+001 	1.3331374193077675e-001 	3.4835143621699173e-004 	1.3366209336699372e-001
4.4000000000000000e+001 	1.3265469665328050e-001 	3.1236747208201825e-004 	1.3296706412536263e-001
4.5600000000000001e+001 	1.3197343492778138e-001 	2.7670463167908221e-004 	1.3225013955946044e-001
4.7199999999999996e+001 	1.3127185357806417e-001 	2.4156415419949738e-004 	1.3151341773226363e-001
4.8800000000000004e+001 	1.3055178457497738e-001 	2.0712013813165356e-004 	1.3075890471310903e-001
5.0399999999999999e+001 	1.2981498578208692e-001 	1.7352034454823923e-004 	1.2998850612663518e-001
5.2000000000000000e+001 	1.2906313446541429e-001 	1.4088764957476173e-004 	1.2920402211498905e-001
5.3600000000000001e+001 	1.2829782314451768e-001 	1.0932187501057462e-004 	1.2840714501952821e-001
5.5199999999999996e+001 	1.2752055739918197e-001 	7.8901821095888800e-005 	1.2759945922027785e-001
5.6800000000000004e+001 	1.2673275527806091e-001 	4.9687379010734852e-005 	1.2678244265707167e-001
5.8399999999999999e+001 	1.2593574799395196e-001 	2.1721636352516699e-005 	1.2595746963030441e-001
6.0000000000000000e+001 	1.2513078162622063e-001 	-4.9670852061552774e-006 	1.2512581454101451e-001
6.1600000000000001e+001 	1.2431901959040492e-001 	-3.0363301147618572e-005 	1.2428865628925730e-001
6.3200000000000003e+001 	1.2350154567162722e-001 	-5.4462570160934377e-005 	1.2344708310146624e-001
6.4799999999999997e+001 	1.2267936745149059e-001 	-7.7269849385096269e-005 	1.2260209760210553e-001
6.6400000000000006e+001 	1.2185341998982666e-001 	-9.8798004530211260e-005 	1.2175462198529648e-001
6.8000000000000000e+001 	1.2102456964863377e-001 	-1.1906647425518843e-004 	1.2090550317437863e-001
6.9599999999999994e+001 	1.2019361796906580e-001 	-1.3764594293001986e-004 	1.2005597202613577e-001
7.2799999999999997e+001 	1.1853768145816532e-001 	-1.7116519386603659e-004 	1.1836651626429925e-001
7.6000000000000000e+001 	1.1686449093901283e-001 	-2.0107992030731896e-004 	1.1666341101870550e-001
7.9200000000000003e+001 	1.1520385689636715e-001 	-2.2689146961853569e-004 	1.1497696542674861e-001
8.2400000000000006e+001 	1.1355097989931058e-001 	-2.4881834135844492e-004 	1.1330216155795210e-001
8.5599999999999994e+001 	1.1190904807020778e-001 	-2.6714081555676749e-004 	1.1164190725465098e-001
8.8799999999999997e+001 	1.1028074754607277e-001 	-2.8215478226712408e-004 	1.0999859276380569e-001
9.2000000000000000e+001 	1.0866831984770829e-001 	-2.9415286257736170e-004 	1.0837416698513092e-001
9.5200000000000003e+001 	1.0707362032879109e-001 	-3.0341591624928496e-004 	1.0677020441254179e-001
9.8400000000000006e+001 	1.0549817170240597e-001 	-3.1020900015640867e-004 	1.0518796270224952e-001
1.0159999999999999e+002 	1.0394321117030444e-001 	-3.1477952990536530e-004 	1.0362843164039909e-001
1.0480000000000001e+002 	1.0240973124602074e-001 	-3.1735666886006925e-004 	1.0209237457716068e-001
1.0800000000000000e+002 	1.0089851486519807e-001 	-3.1815145006558736e-004 	1.0058036341513250e-001
1.1119999999999999e+002 	9.9410165493143590e-002 	-3.1735734721478914e-004 	9.9092808145928843e-002
1.1440000000000001e+002 	9.7945132919024375e-002 	-3.1515111701789484e-004 	9.7629981802006494e-002
1.1759999999999999e+002 	9.6503735359262446e-002 	-3.1169379552869721e-004 	9.6192041563733718e-002
1.2080000000000001e+002 	9.5086178413827341e-002 	-3.0713176864476913e-004 	9.4779046645182594e-002
1.2400000000000000e+002 	9.3692571343858652e-002 	-3.0159786247981187e-004 	9.3390973481378772e-002
1.2720000000000000e+002 	9.2322941068742212e-002 	-2.9521241729779755e-004 	9.2027728651444374e-002
1.3039999999999998e+002 	9.0977244221186096e-002 	-2.8808432161223004e-004 	9.0689159899573865e-002
1.3359999999999999e+002 	8.9655377545439660e-002 	-2.8031199225977803e-004 	8.9375065553179894e-002
1.3680000000000001e+002 	8.8357186880660674e-002 	-2.7198429270665640e-004 	8.8085202587954034e-002
1.4000000000000000e+002 	8.7082474932297413e-002 	-2.6305156899084921e-004 	8.6819423363306572e-002
1.4640000000000001e+002 	8.4615743930783582e-002 	-2.4411855623682812e-004 	8.4371625374546774e-002
1.5279999999999998e+002 	8.2212322268086349e-002 	-2.2438812318390110e-004 	8.1987934144902477e-002
1.5920000000000002e+002 	7.9910574012698049e-002 	-2.0394995054408315e-004 	7.9706624062154022e-002
1.6559999999999999e+002 	7.7694185449722744e-002 	-1.8308521652130361e-004 	7.7511100233201416e-002
1.7200000000000000e+002 	7.5560289943103529e-002 	-1.6204459299905163e-004 	7.5398245350104448e-002
1.7840000000000001e+002 	7.3505933419429431e-002 	-1.4103701316153713e-004 	7.3364896406267893e-002
1.8479999999999998e+002 	7.1528127707346456e-002 	-1.2023091987322076e-004 	7.1407896787473210e-002
1.9120000000000002e+002 	6.9623890718335413e-002 	-9.9759326753909538e-005 	6.9524131391581478e-002
1.9759999999999999e+002 	6.7790276413898357e-002 	-7.9725524252833636e-005 	6.7710550889645491e-002
2.0400000000000000e+002 	6.6024396808759794e-002 	-6.0208322557833779e-005 	6.5964188486201975e-002
2.1040000000000001e+002 	6.4323437784829587e-002 	-4.1266534269305772e-005 	6.4282171250560294e-002
2.1679999999999998e+002 	6.2684670114995872e-002 	-2.2942702064978647e-005 	6.2661727412930898e-002
2.2320000000000002e+002 	6.1105456792816509e-002 	-5.2661676735364662e-006 	6.1100190625143005e-002
2.2959999999999999e+002 	5.9583257523790130e-002 	1.1744409051884238e-005 	5.9595001932842027e-002
2.3600000000000000e+002 	5.8115631044911083e-002 	2.8078983659505281e-005 	5.8143710028570599e-002
2.4240000000000001e+002 	5.6700235792133111e-002 	4.3734431895204101e-005 	5.6743970224028314e-002
2.4879999999999998e+002 	5.5334829321088935e-002 	5.8713159039706011e-005 	5.5393542480128663e-002
2.5519999999999999e+002 	5.4017266797226460e-002 	7.3021959225942076e-005 	5.4090288756452408e-002
2.6160000000000002e+002 	5.2745498802417336e-002 	8.6671080114456326e-005 	5.2832169882531810e-002
2.6800000000000000e+002 	5.1517568650666465e-002 	9.9673456334649870e-005 	5.1617242107001089e-002
2.7439999999999998e+002 	5.0331609363139046e-002 	1.1181232840916266e-004 	5.0443421691548231e-002
2.8719999999999999e+002 	4.8093924884144268e-002 	1.3423360349839512e-004 	4.8228158487642649e-002
3.0000000000000000e+002 	4.5968443707502395e-002 	1.5481882197787699e-004 	4.6123262529480284e-002
3.1280000000000001e+002 	4.3996226627926273e-002 	1.7331164065813689e-004 	4.4169538268584406e-002
3.2560000000000002e+002 	4.2148969185608100e-002 	1.8981667911330372e-004 	4.2338785864721402e-002
3.3839999999999998e+002 	4.0416747224918705e-002 	2.0446643569134820e-004 	4.0621213660610077e-002
3.5119999999999999e+002 	3.8790504487967711e-002 	2.1739967898146373e-004 	3.9007904166949173e-002
3.6400000000000000e+002 	3.7261997431094283e-002 	2.2875302303179378e-004 	3.7490750454126073e-002
3.7680000000000001e+002 	3.5823725609123655e-002 	2.3865719048787645e-004 	3.6062382799611548e-002
3.8960000000000002e+002 	3.4468861869023003e-002 	2.4723531363827464e-004 	3.4716097182661283e-002
4.0239999999999998e+002 	3.3191186991865407e-002 	2.5460230111471344e-004 	3.3445789292980137e-002
4.1519999999999999e+002 	3.1985030050207461e-002 	2.6086478479645414e-004 	3.2245894835003910e-002
4.2800000000000000e+002 	3.0845214560177581e-002 	2.6612136237276479e-004 	3.1111335922550349e-002
4.4080000000000001e+002 	2.9767010096898919e-002 	2.7046297513123603e-004 	3.0037473072030148e-002
4.5360000000000002e+002 	2.8746088913983586e-002 	2.7397334064950448e-004 	2.9020062254633085e-002
4.6639999999999998e+002 	2.7778487085592170e-002 	2.7672940424909099e-004 	2.8055216489841276e-002
4.7919999999999999e+002 	2.6860569708060160e-002 	2.7880179293168279e-004 	2.7139371500991834e-002
4.9200000000000000e+002 	2.5988999731516919e-002 	2.8025526285397983e-004 	2.6269254994370893e-002
5.0480000000000001e+002 	2.5160710030292261e-002 	2.8114913396460218e-004 	2.5441859164256862e-002
5.1759999999999991e+002 	2.4372878359664115e-002 	2.8153770690606824e-004 	2.4654416066570171e-002
5.3039999999999998e+002 	2.3622904883113704e-002 	2.8147065872740007e-004 	2.3904375541841095e-002
5.4320000000000005e+002 	2.2908391988746946e-002 	2.8086560695308701e-004 	2.3189257595700032e-002
5.6879999999999995e+002 	2.1587500325635344e-002 	2.7861888012372510e-004 	2.1866119205759062e-002
5.9440000000000009e+002 	2.0357881381149353e-002 	2.7547871188281030e-004 	2.0633360093032151e-002
6.2000000000000000e+002 	1.9245546609020749e-002 	2.7141979795318531e-004 	1.9516966406973941e-002
6.4559999999999991e+002 	1.8225976878000826e-002 	2.6660927011747446e-004 	1.8492586148118311e-002
6.7120000000000005e+002 	1.7289029880339070e-002 	2.6120700822500510e-004 	1.7550236888564084e-002
6.9679999999999995e+002 	1.6425862021649213e-002 	2.5535418793844384e-004 	1.6681216209587652e-002
7.2240000000000009e+002 	1.5628765643269000e-002 	2.4917092403660412e-004 	1.5877936567305604e-002
7.4800000000000000e+002 	1.4891010273518777e-002 	2.4275746989380835e-004 	1.5133767743412584e-002
7.7359999999999991e+002 	1.4206702332200200e-002 	2.3619675188489545e-004 	1.4442899084085100e-002
7.9920000000000005e+002 	1.3570665252636220e-002 	2.2955710564962289e-004 	1.3800222358285848e-002
8.2479999999999995e+002 	1.2978338189466952e-002 	2.2289471956114950e-004 	1.3201232909028101e-002
8.5040000000000009e+002 	1.2425690631015673e-002 	2.1625566815333013e-004 	1.2641946299168998e-002
8.7600000000000000e+002 	1.1909150328654814e-002 	2.0967757598173200e-004 	1.2118827904636554e-002
9.0159999999999991e+002 	1.1425542302148746e-002 	2.0319098548798197e-004 	1.1628733287636731e-002
9.2720000000000005e+002 	1.0972037052109274e-002 	1.9682049166440076e-004 	1.1168857543773674e-002
9.5279999999999995e+002 	1.0546106441363187e-002 	1.9058568969432640e-004 	1.0736692131057513e-002
9.7840000000000009e+002 	1.0145485983420625e-002 	1.8450196959250066e-004 	1.0329987953013126e-002
1.0040000000000000e+003 	9.7681425020059859e-003 	1.7858118408077461e-004 	9.9467236860867614e-003
1.0296000000000001e+003 	9.4122463088589462e-003 	1.7283221078915522e-004 	9.5850785196481044e-003
1.0551999999999998e+003 	9.0761471954912028e-003 	1.6726142620768060e-004 	9.2434086216988866e-003
1.0808000000000000e+003 	8.7583536551646777e-003 	1.6187310584118487e-004 	8.9202267610058641e-003
1.1064000000000001e+003 	8.4575148496342737e-003 	1.5666976249717858e-004 	8.6141846121314571e-003
1.1320000000000000e+003 	8.1724049154315581e-003 	1.5172457350074722e-004 	8.3241294889323039e-003
1.1832000000000000e+003 	7.6488865462273885e-003 	1.4240787876520765e-004 	7.7912944249925965e-003
1.2343999999999999e+003 	7.1658783152630402e-003 	1.3367638929572004e-004 	7.2995547045587566e-003
1.2856000000000001e+003 	6.7325246559180336e-003 	1.2562331813821683e-004 	6.8581479740562534e-003
1.3368000000000000e+003 	6.3382725265610264e-003 	1.1823007426663216e-004 	6.4565026008276604e-003
1.3880000000000000e+003 	5.9784429410210602e-003 	1.1146735652490105e-004 	6.0899102975459632e-003
1.4392000000000000e+003 	5.6490346071262536e-003 	1.0530055049812544e-004 	5.7543351576243807e-003
1.4903999999999999e+003 	5.3466222225025881e-003 	9.9691815340196947e-005 	5.4463140378427860e-003
1.5416000000000001e+003 	5.0682630218382794e-003 	9.4601724225202904e-005 	5.1628647460634841e-003
1.5928000000000000e+003 	4.8114174463921178e-003 	8.9990697684964662e-005 	4.9014081440770839e-003
1.6440000000000000e+003 	4.5738836167070994e-003 	8.5820052159041139e-005 	4.6597036688661390e-003
1.6952000000000000e+003 	4.3537436355526489e-003 	8.2052649065289220e-005 	4.4357962846179374e-003
1.7463999999999999e+003 	4.1493195850516116e-003 	7.8653251198411878e-005 	4.2279728362500232e-003
1.7976000000000001e+003 	3.9591373483483213e-003 	7.5588700762667222e-005 	4.0347260491109885e-003
1.8488000000000000e+003 	3.7818967273705122e-003 	7.2827994831150400e-005 	3.8547247222016608e-003
1.9000000000000000e+003 	3.6164466371021312e-003 	7.0342298899298770e-005 	3.6867889360014294e-003
1.9512000000000000e+003 	3.4617644099998600e-003 	6.8104919159765861e-005 	3.5298693291596272e-003
2.0024000000000001e+003 	3.3169384445685137e-003 	6.6091245121529683e-005 	3.3830296896900430e-003
2.0535999999999999e+003 	3.1811535887929705e-003 	6.4278670574002153e-005 	3.2454322593669731e-003
2.1048000000000002e+003 	3.0536787714418676e-003 	6.2646499183752476e-005 	3.1163252706256197e-003
2.1560000000000000e+003 	2.9338564900199975e-003 	6.1175840028628861e-005 	2.9950323300486272e-003
2.2071999999999998e+003 	2.8210938394312699e-003 	5.9849497318565014e-005 	2.8809433367498350e-003
2.2584000000000001e+003 	2.7148548249326830e-003 	5.8692395420552834e-005 	2.7735472203532369e-003
2.3607999999999997e+003 	2.5213894620968250e-003 	5.6700307162173398e-005 	2.5780897692589976e-003
2.4632000000000003e+003 	2.3449759253017784e-003 	5.4977697851017166e-005 	2.3999536231527957e-003
2.5655999999999999e+003 	2.1885696014998556e-003 	5.3527564651437333e-005 	2.2420971661512939e-003
2.6680000000000000e+003 	2.0479516247577456e-003 	5.2298326874036302e-005 	2.1002499516317818e-003
2.7704000000000001e+003 	1.9211148346053974e-003 	5.1243999493769329e-005 	1.9723588340991665e-003
2.8727999999999997e+003 	1.8063485961008856e-003 	5.0325085112152267e-005 	1.8566736812130385e-003
2.9752000000000003e+003 	1.7021935030583793e-003 	4.9508570545085339e-005 	1.7517020736034653e-003
3.0775999999999999e+003 	1.6074001925860837e-003 	4.8767789671675214e-005 	1.6561679822577593e-003
3.1800000000000000e+003 	1.5208946220323404e-003 	4.8081846273071411e-005 	1.5689764683054117e-003
3.2824000000000001e+003 	1.4417495188972507e-003 	4.7434712069655688e-005 	1.4891842309669070e-003
3.3847999999999997e+003 	1.3691610485335858e-003 	4.6814274150135247e-005 	1.4159753226837210e-003
3.4872000000000003e+003 	1.3024297148034249e-003 	4.6211497825573721e-005 	1.3486412126289986e-003
3.5895999999999999e+003 	1.2409446524131299e-003 	4.5619747960580758e-005 	1.2865644003737099e-003
3.6920000000000000e+003 	1.1841706349758365e-003 	4.5034253489118479e-005 	1.2292048884649551e-003
3.7944000000000001e+003 	1.1316372666663492e-003 	4.4451686300358427e-005 	1.1760889529667080e-003
3.8967999999999997e+003 	1.0829299402508217e-003 	4.3869829018376533e-005 	1.1267997692691986e-003
3.9992000000000003e+003 	1.0376822333522163e-003 	4.3287312308371263e-005 	1.0809695456605879e-003
4.1016000000000004e+003 	9.9556948334200267e-004 	4.2703407238357837e-005 	1.0382728905803606e-003
4.2040000000000000e+003 	9.5630333401356240e-004 	4.2117861515628934e-005 	9.9842119552919157e-004
4.3063999999999996e+003 	9.1962708805344822e-004 	4.1530770843422652e-005 	9.6115785889687086e-004
4.4088000000000002e+003 	8.8531173119531085e-004 	4.0942478374376409e-005 	9.2625420956968750e-004
4.5111999999999998e+003 	8.5315251898743303e-004 	4.0354977395543888e-005 	8.9350749638297713e-004
4.7160000000000000e+003 	7.9502242825416872e-004 	3.9182774448997057e-005 	8.3420520270316618e-004
4.9208000000000002e+003 	7.4228459848136978e-004 	3.8013052719178012e-005 	7.8029765120054824e-004
5.1256000000000004e+003 	6.9586893598414879e-004 	3.6851784146835053e-005 	7.3272072013098400e-004
5.3303999999999996e+003 	6.5431241926379620e-004 	3.5706372408335886e-005 	6.9001879167213207e-004
5.5351999999999998e+003 	6.1692029453686069e-004 	3.4582326555679641e-005 	6.5150262109254034e-004
5.7400000000000000e+003 	5.8311488696096054e-004 	3.3483005093129949e-005 	6.1659789205409040e-004
5.9448000000000002e+003 	5.5241550419615044e-004 	3.2410685866897425e-005 	5.8482619006304786e-004
6.1496000000000004e+003 	5.2442064560778885e-004 	3.1367163235743193e-005 	5.5578780884353216e-004
6.3543999999999996e+003 	4.9879329276320038e-004 	3.0353843323074753e-005 	5.2914713608627527e-004
6.5591999999999998e+003 	4.7524904109524371e-004 	2.9371704331463911e-005 	5.0462074542670756e-004
6.7640000000000000e+003 	4.5354659309422113e-004 	2.8421291339953245e-005 	4.8196788443417415e-004
6.9688000000000002e+003 	4.3348014262032666e-004 	2.7502758746749077e-005 	4.6098290136707568e-004
7.1736000000000004e+003 	4.1487325459549102e-004 	2.6615934092259896e-005 	4.4148918868775096e-004
7.3783999999999996e+003 	3.9757392443189922e-004 	2.5760383861214012e-005 	4.2333430829311319e-004
7.5831999999999998e+003 	3.8145057023219770e-004 	2.4935472958832320e-005 	4.0638604319102992e-004
7.7880000000000000e+003 	3.6638876551382636e-004 	2.4140415531337457e-005 	3.9052918104516375e-004
7.9928000000000002e+003 	3.5228856265093319e-004 	2.3374317261723654e-005 	3.7566287991265687e-004
8.1976000000000004e+003 	3.3906228986278839e-004 	2.2636210044575840e-005 	3.6169849990736413e-004
8.4023999999999996e+003 	3.2663272966930738e-004 	2.1925080056614747e-005 	3.4855780972592210e-004
8.6072000000000007e+003 	3.1493160608716631e-004 	2.1239890197913276e-005 	3.3617149628507962e-004
8.8120000000000000e+003 	3.0389832283685272e-004 	2.0589269922594586e-005 	3.2448759275944731e-004
9.2216000000000004e+003 	2.8382436953355969e-004 	1.9358863463893851e-005 	3.0318323299745369e-004
9.6311999999999989e+003 	2.6533086712008009e-004 	1.8194583952121903e-005 	2.8352545107220207e-004
1.0040800000000001e+004 	2.4890638081921434e-004 	1.7107484294437714e-005 	2.6601386511365194e-004
1.0450400000000000e+004 	2.3405077201548769e-004 	1.6094041974474391e-005 	2.5014481398996207e-004
1.0860000000000000e+004 	2.2055985006142064e-004 	1.5148407175650357e-005 	2.3570825723707108e-004
1.1269600000000000e+004 	2.0826254338979566e-004 	1.4264528093701699e-005 	2.2252707148349743e-004
1.1679199999999999e+004 	1.9701499963245593e-004 	1.3437058898259967e-005 	2.1045205853071586e-004
1.2088800000000001e+004 	1.8669550243795248e-004 	1.2661375865969762e-005 	1.9935687830392222e-004
1.2498400000000000e+004 	1.7720036025795872e-004 	1.1933406860763136e-005 	1.8913376711872186e-004
1.2908000000000000e+004 	1.6844064754902659e-004 	1.1249513391410205e-005 	1.7969016094043682e-004
1.3317600000000000e+004 	1.6033962852920255e-004 	1.0606425337502098e-005 	1.7094605386670466e-004
1.3727200000000001e+004 	1.5283071062929080e-004 	1.0001197009572065e-005 	1.6283190763886286e-004
1.4136799999999999e+004 	1.4585580584599095e-004 	9.4311698641865628e-006 	1.5528697571017756e-004
1.4546400000000000e+004 	1.3936400706346811e-004 	8.8939383953455150e-006 	1.4825794545881356e-004
1.4956000000000000e+004 	1.3331050937696653e-004 	8.3873192200061054e-006 	1.4169782859697262e-004
1.5365600000000000e+004 	1.2765572374752378e-004 	7.9093236864505762e-006 	1.3556504743397434e-004
1.5775200000000001e+004 	1.2236454309348782e-004 	7.4581340529411824e-006 	1.2982267714642899e-004
1.6184799999999999e+004 	1.1740573033030869e-004 	7.0320830414683641e-006 	1.2443781337177705e-004
1.6594400000000001e+004 	1.1275140482803518e-004 	6.6296362508251295e-006 	1.1938104107886029e-004
1.7004000000000000e+004 	1.0837660894224951e-004 	6.2493771613934903e-006 	1.1462598610364299e-004
1.7413599999999999e+004 	1.0425894018102731e-004 	5.8899943195738925e-006 	1.1014893450060119e-004
1.7823200000000001e+004 	1.0037823754091514e-004 	5.5502703351927869e-006 	1.0592850787610796e-004
1.8232799999999999e+004 	9.6716312828339432e-005 	5.2290725136493831e-006 	1.0194538534198883e-004
1.8642399999999998e+004 	9.3256719554086335e-005 	4.9253447529761866e-006 	9.8182064307062526e-005
1.9052000000000000e+004 	8.9984553375295536e-005 	4.6381004788558725e-006 	9.4622653854151395e-005
1.9461600000000002e+004 	8.6886279154688658e-005 	4.3664165407504217e-006 	9.1252695695439109e-005
1.9871200000000001e+004 	8.3949580578543417e-005 	4.1094279061297614e-006 	8.8059008484673134e-005
2.0280799999999999e+004 	8.1163228973620333e-005 	3.8663229520056556e-006 	8.5029551925625972e-005
2.0690400000000001e+004 	7.8516968527572709e-005 	3.6363393163091947e-006 	8.2153307843881908e-005
2.1100000000000000e+004 	7.6001415575663352e-005 	3.4187602125888940e-006 	7.9420175788252249e-005
2.1509599999999999e+004 	7.3607969991150297e-005 	3.2129111193495671e-006 	7.6820881110499869e-005
2.1919200000000001e+004 	7.1328737023929075e-005 	3.0181567955110733e-006 	7.4346893819440130e-005
2.2328800000000003e+004 	6.9156458186637977e-005 	2.8338985880177047e-006 	7.1990356774655683e-005
2.2738399999999998e+004 	6.7084449997484937e-005 	2.6595720037547793e-006 	6.9744022001239753e-005
2.3148000000000000e+004 	6.5106549564862676e-005 	2.4946444862423675e-006 	6.7601194051105051e-005
2.3557600000000002e+004 	6.3217066145552524e-005 	2.3386133816523061e-006 	6.5555679527204815e-005
2.3967199999999997e+004 	6.1410737931736858e-005 	2.1910040675188114e-006 	6.3601741999255647e-005
2.4376799999999999e+004 	5.9682693425654898e-005 	2.0513682201829836e-006 	6.1734061645837891e-005
2.4786400000000001e+004 	5.8028416848925644e-005 	1.9192822151792376e-006 	5.9947699064104869e-005
2.5196000000000000e+004 	5.6443717107928501e-005 	1.7943456466985850e-006 	5.8238062754627077e-005
2.5605599999999999e+004 	5.4924699900091745e-005 	1.6728865077054927e-006 	5.6597586407797253e-005
-850 0
-8.5000000000000000e+002 0.0000000000000000e+000 0.0000000000000000e+000
1
1 1 1 1
1
         t, ms                         dVp, mV                         dVs, mV                         dV, mV
2.5000000000000000e-001 	1.1004494949530265e-001 	2.6234374808838389e-004 	1.1030729324339104e-001
2.9999999999999999e-001 	1.1020298178040545e-001 	2.7337883724493252e-004 	1.1047636061765038e-001
3.4999999999999998e-001 	1.1028287382553525e-001 	2.8379001070945824e-004 	1.1056666383624471e-001
4.0000000000000002e-001 	1.1034313081140394e-001 	2.9303604329254532e-004 	1.1063616685469650e-001
4.5000000000000001e-001 	1.1039678770054062e-001 	3.0127877917075394e-004 	1.1069806647971138e-001
5.0000000000000000e-001 	1.1044650325168777e-001 	3.0866582772121683e-004 	1.1075516907940898e-001
5.5000000000000004e-001 	1.1049281651787519e-001 	3.1532279675818361e-004 	1.1080813931463337e-001
5.9999999999999998e-001 	1.1053593245875254e-001 	3.2135400502461065e-004 	1.1085728646377718e-001
6.5000000000000002e-001 	1.1057605015313365e-001 	3.2684547842564565e-004 	1.1090289563155932e-001
6.9999999999999996e-001 	1.1061339306796671e-001 	3.3186817959213720e-004 	1.1094526124755888e-001
7.5000000000000000e-001 	1.1064819307184681e-001 	3.3648086442788231e-004 	1.1098467393627469e-001
8.0000000000000004e-001 	1.1068067575864161e-001 	3.4073244734132843e-004 	1.1102140820598289e-001
8.4999999999999998e-001 	1.1071105228922661e-001 	3.4466390967183622e-004 	1.1105571619889844e-001
9.0000000000000002e-001 	1.1073951595748831e-001 	3.4830982368487897e-004 	1.1108782578117316e-001
9.4999999999999996e-001 	1.1076624145483782e-001 	3.5169956533405861e-004 	1.1111794102017186e-001
1.0000000000000000e+000 	1.1079138554465957e-001 	3.5485827880345650e-004 	1.1114624382346304e-001
1.0500000000000000e+000 	1.1081508839211511e-001 	3.5780764469368735e-004 	1.1117289603680877e-001
1.1000000000000001e+000 	1.1083747513000544e-001 	3.6056649285889225e-004 	1.1119804162286433e-001
1.1499999999999999e+000 	1.1085865746113605e-001 	3.6315129272187835e-004 	1.1122180875385795e-001
1.2000000000000000e+000 	1.1087873517765576e-001 	3.6552421306118745e-004 	1.1124425939071694e-001
1.3000000000000000e+000 	1.1129886981111023e-001 	3.6984638309393072e-004 	1.1166871619420415e-001
1.3999999999999999e+000 	1.1094984351377639e-001 	3.7378149436142973e-004 	1.1132362500813782e-001
1.5000000000000000e+000 	1.1098067325202403e-001 	3.7729760440771411e-004 	1.1135797085643181e-001
1.6000000000000001e+000 	1.1100891263653774e-001 	3.8044125508224870e-004 	1.1138935389161994e-001
1.7000000000000000e+000 	1.1103489921505479e-001 	3.8325829552051256e-004 	1.1141815751057527e-001
1.8000000000000000e+000 	1.1105891470837345e-001 	3.8578977518064048e-004 	1.1144470448355409e-001
1.8999999999999999e+000 	1.1108119493599802e-001 	3.8807135523904253e-004 	1.1146926629123706e-001
2.0000000000000000e+000 	1.1110193845032795e-001 	3.9013375803416319e-004 	1.1149207220836209e-001
2.1000000000000001e+000 	1.1112131356375446e-001 	3.9200343416630651e-004 	1.1151331699792073e-001
2.2000000000000002e+000 	1.1113946393613774e-001 	3.9370319916466032e-004 	1.1153316713530236e-001
2.2999999999999998e+000 	1.1115651300222010e-001 	3.9525278134213250e-004 	1.1155176578356221e-001
2.3999999999999999e+000 	1.1117256748144413e-001 	3.9666928006667720e-004 	1.1156923676151077e-001
2.5000000000000000e+000 	1.1118772018023862e-001 	3.9796754770014288e-004 	1.1158568772793881e-001
2.6000000000000001e+000 	1.1120205224648966e-001 	3.9916050930232413e-004 	1.1160121275579198e-001
2.7000000000000002e+000 	1.1121563499335642e-001 	4.0025943166871627e-004 	1.1161589442502513e-001
2.7999999999999998e+000 	1.1122853138021882e-001 	4.0127415103237771e-004 	1.1162980553125117e-001
2.8999999999999999e+000 	1.1124079723104836e-001 	4.0221326668660363e-004 	1.1164301049773497e-001
3.0000000000000000e+000 	1.1125248223556726e-001 	4.0308430610439867e-004 	1.1165556654167168e-001
3.1000000000000001e+000 	1.1126363077909256e-001 	4.0389386648569846e-004 	1.1166752464557826e-001
3.2000000000000002e+000 	1.1127428263126365e-001 	4.0464773630817492e-004 	1.1167893036757183e-001
3.2999999999999998e+000 	1.1128447353354338e-001 	4.0535100016964861e-004 	1.1168982453371303e-001
3.3999999999999999e+000 	1.1129423568681024e-001 	4.0599314443775288e-004 	1.1170022883124806e-001
3.6000000000000001e+000 	1.1142499472025569e-001 	4.0715587346339192e-004 	1.1183215059371907e-001
3.7999999999999998e+000 	1.1132960392542936e-001 	4.0820803745186633e-004 	1.1173781196288127e-001
4.0000000000000000e+000 	1.1134534894914588e-001 	4.0914053533183843e-004 	1.1175448948447766e-001
4.2000000000000002e+000 	1.1135999484951109e-001 	4.0996623822689383e-004 	1.1176996108773797e-001
4.4000000000000004e+000 	1.1137366355998804e-001 	4.1069739078122857e-004 	1.1178436095076924e-001
4.5999999999999996e+000 	1.1138646153595956e-001 	4.1134459209183017e-004 	1.1179780612805143e-001
4.7999999999999998e+000 	1.1139848296559217e-001 	4.1191677742229214e-004 	1.1181039974301457e-001
5.0000000000000000e+000 	1.1140981245712166e-001 	4.1242147471869090e-004 	1.1182223393184035e-001
5.2000000000000002e+000 	1.1142052704618069e-001 	4.1286509276786180e-004 	1.1183339213894852e-001
5.4000000000000004e+000 	1.1143069756826376e-001 	4.1325316731371305e-004 	1.1184395073557754e-001
5.5999999999999996e+000 	1.1144038950154003e-001 	4.1359055079087773e-004 	1.1185398005233087e-001
5.7999999999999998e+000 	1.1144966341405417e-001 	4.1388155109452625e-004 	1.1186354496514872e-001
6.0000000000000000e+000 	1.1145857513550303e-001 	4.1413002978592386e-004 	1.1187270516528894e-001
6.2000000000000002e+000 	1.1146717576341723e-001 	4.1433947038011930e-004 	1.1188151523379730e-001
6.4000000000000004e+000 	1.1147551158570299e-001 	4.1451302559156812e-004 	1.1189002461129456e-001
6.5999999999999996e+000 	1.1148362398569288e-001 	4.1465355060551210e-004 	1.1189827753629840e-001
6.7999999999999998e+000 	1.1149154937266102e-001 	4.1476362760016277e-004 	1.1190631300026123e-001
7.0000000000000000e+000 	1.1149931916528663e-001 	4.1484558509647404e-004 	1.1191416475038309e-001
7.2000000000000002e+000 	1.1150695983845631e-001 	4.1490151468132286e-004 	1.1192186135313763e-001
7.4000000000000004e+000 	1.1151449303890289e-001 	4.1493328648442947e-004 	1.1192942632538729e-001
7.5999999999999996e+000 	1.1152193576394703e-001 	4.1493491332703048e-004 	1.1193687067727402e-001
8.0000000000000000e+000 	1.1159712403262192e-001 	4.1487638754695780e-004 	1.1201200042016889e-001
8.4000000000000004e+000 	1.1155099142992833e-001 	4.1475924138582550e-004 	1.1196575067131415e-001
8.8000000000000007e+000 	1.1156509793917914e-001 	4.1457632752356707e-004 	1.1197967426670279e-001
9.1999999999999993e+000 	1.1157887743267246e-001 	4.1433159768782370e-004 	1.1199320903036029e-001
9.5999999999999996e+000 	1.1159225299754337e-001 	4.1402868626774965e-004 	1.1200628168381112e-001
1.0000000000000000e+001 	1.1160512278661787e-001 	4.1367038739226534e-004 	1.1201879317401012e-001
1.0400000000000000e+001 	1.1161736763998702e-001 	4.1325861701910422e-004 	1.1203062625700608e-001
1.0800000000000001e+001 	1.1162885782153047e-001 	4.1279448826508084e-004 	1.1204165230979554e-001
1.1199999999999999e+001 	1.1163945861150892e-001 	4.1227839350967583e-004 	1.1205173700501865e-001
1.1600000000000000e+001 	1.1164903472490670e-001 	4.1171006813301461e-004 	1.1206074479303975e-001
1.2000000000000000e+001 	1.1165745364806448e-001 	4.1108863353954054e-004 	1.1206854228160404e-001
1.2400000000000000e+001 	1.1166458803295500e-001 	4.1041262362120288e-004 	1.1207500065657620e-001
1.2800000000000001e+001 	1.1167031730377441e-001 	4.0968000075139888e-004 	1.1207999730452586e-001
1.3199999999999999e+001 	1.1167452863250558e-001 	4.0888816760874778e-004 	1.1208341680011435e-001
1.3600000000000000e+001 	1.1167711742061871e-001 	4.0803398013707412e-004 	1.1208515140075574e-001
1.4000000000000000e+001 	1.1167798741101884e-001 	4.0711376568283833e-004 	1.1208510117670169e-001
1.4400000000000000e+001 	1.1167705053359173e-001 	4.0612334881567804e-004 	1.1208317388240742e-001
1.4800000000000001e+001 	1.1167422656515266e-001 	4.0505808588000935e-004 	1.1207928465103260e-001
1.5199999999999999e+001 	1.1166944267336301e-001 	4.0391290831206194e-004 	1.1207335558167504e-001
1.5600000000000000e+001 	1.1166263289398580e-001 	4.0268237394737460e-004 	1.1206531526793313e-001
1.6000000000000000e+001 	1.1165373758034418e-001 	4.0132024386112697e-004 	1.1205505782420530e-001
1.6800000000000001e+001 	1.1167084228693272e-001 	3.9827388276048579e-004 	1.1206911616969323e-001
1.7600000000000001e+001 	1.1159618264224984e-001 	3.9485366626605374e-004 	1.1199103630851594e-001
1.8399999999999999e+001 	1.1155373450245161e-001 	3.9095197306924205e-004 	1.1194468647552082e-001
1.9199999999999999e+001 	1.1150183298027803e-001 	3.8651649213457826e-004 	1.1188834947241255e-001
2.0000000000000000e+001 	1.1144027734283046e-001 	3.8150108433504949e-004 	1.1182177842716555e-001
2.0800000000000001e+001 	1.1136890647978503e-001 	3.7586504818045747e-004 	1.1174477152796551e-001
2.1600000000000001e+001 	1.1128759468389618e-001 	3.6957357707219352e-004 	1.1165716826096836e-001
2.2399999999999999e+001 	1.1119624811311596e-001 	3.6259839642765616e-004 	1.1155884650954366e-001
2.3199999999999999e+001 	1.1109480211382596e-001 	3.5491827627811060e-004 	1.1144972039010406e-001
2.4000000000000000e+001 	1.1098321926337727e-001 	3.4651932259968378e-004 	1.1132973858597697e-001
2.4800000000000001e+001 	1.1086148791840861e-001 	3.3739503235604638e-004 	1.1119888295076467e-001
2.5600000000000001e+001 	1.1072962107256722e-001 	3.2754613600363171e-004 	1.1105716720857088e-001
2.6399999999999999e+001 	1.1058765536722613e-001 	3.1698026644146277e-004 	1.1090463563366751e-001
2.7199999999999999e+001 	1.1043565014662561e-001 	3.0571149545956467e-004 	1.1074136164208521e-001
2.8000000000000000e+001 	1.1027368648523997e-001 	2.9375977521986832e-004 	1.1056744626045989e-001
2.8800000000000001e+001 	1.1010186614768080e-001 	2.8115031746202409e-004 	1.1038301646514283e-001
2.9600000000000001e+001 	1.0992031046351460e-001 	2.6791293802530373e-004 	1.1018822340153993e-001
3.0399999999999999e+001 	1.0972915911615655e-001 	2.5408138955101495e-004 	1.0998324050570756e-001
3.1199999999999999e+001 	1.0952856885468110e-001 	2.3969270081413587e-004 	1.0976826155549524e-001
3.2000000000000000e+001 	1.0931871214444927e-001 	2.2478653714002778e-004 	1.0954349868158927e-001
3.2800000000000004e+001 	1.0909977577486370e-001 	2.0940459276198265e-004 	1.0930918036762563e-001
3.3600000000000001e+001 	1.0887195944373433e-001 	1.9359002282604343e-004 	1.0906554946656040e-001
3.4399999999999999e+001 	1.0863547433759371e-001 	1.7727241430619208e-004 	1.0881274675189985e-001
3.6000000000000000e+001 	1.0815367010844067e-001 	1.4370690209397329e-004 	1.0829737701053467e-001
3.7600000000000001e+001 	1.0760815687771931e-001 	1.0941934988878101e-004 	1.0771757622760814e-001
3.9199999999999996e+001 	1.0704871166065362e-001 	7.4495921944968133e-005 	1.0712320758259861e-001
4.0800000000000004e+001 	1.0646135590736563e-001 	3.9220132302729977e-005 	1.0650057603966837e-001
4.2399999999999999e+001 	1.0584811485908448e-001 	3.8760560866388130e-006 	1.0585199091517111e-001
4.4000000000000000e+001 	1.0521101894286684e-001 	-3.1270467617024093e-005 	1.0517974847524979e-001
4.5600000000000001e+001 	1.0455207745349282e-001 	-6.5979372757971869e-005 	1.0448609808073482e-001
4.7199999999999996e+001 	1.0387325804193666e-001 	-1.0003916975957908e-004 	1.0377321887217708e-001
4.8800000000000004e+001 	1.0317647067753051e-001 	-1.3326749073151256e-004 	1.0304320318679897e-001
5.0399999999999999e+001 	1.0246355538514820e-001 	-1.6551040230693313e-004 	1.0229804498284126e-001
5.2000000000000000e+001 	1.0173627323420012e-001 	-1.9664098191406258e-004 	1.0153963225228606e-001
5.3600000000000001e+001 	1.0099630011428559e-001 	-2.2655744494052315e-004 	1.0076974266934506e-001
5.5199999999999996e+001 	1.0024522286372195e-001 	-2.5518101413143273e-004 	9.9990041849590483e-002
5.6800000000000004e+001 	9.9484537350239155e-002 	-2.8245366764703130e-004 	9.9202083682592104e-002
5.8399999999999999e+001 	9.8715648142394502e-002 	-3.0833586502142040e-004 	9.8407312277373080e-002
6.0000000000000000e+001 	9.7939869450417757e-002 	-3.3280432258923394e-004 	9.7607065127828518e-002
6.1600000000000001e+001 	9.7158427057905283e-002 	-3.5584988845979639e-004 	9.6802577169445472e-002
6.3200000000000003e+001 	9.6372461005906671e-002 	-3.7747555027313619e-004 	9.5994985455633550e-002
6.4799999999999997e+001 	9.5583028828523750e-002 	-3.9769459584008233e-004 	9.5185334232683702e-002
6.6400000000000006e+001 	9.4791109173606378e-002 	-4.1652893670972053e-004 	9.4374580236896655e-002
6.8000000000000000e+001 	9.3997605671706758e-002 	-4.3400759720255648e-004 	9.3563598074504220e-002
6.9599999999999994e+001 	9.3203350943213553e-002 	-4.4968619170889581e-004 	9.2753664751504650e-002
7.2799999999999997e+001 	9.1623360217900560e-002 	-4.7720019020678944e-004 	9.1146160027693782e-002
7.6000000000000000e+001 	9.0034948304784923e-002 	-5.0095508081337301e-004 	8.9533993223971514e-002
7.9200000000000003e+001 	8.8463134344344524e-002 	-5.2047492474041634e-004 	8.7942659419604108e-002
8.2400000000000006e+001 	8.6904711968345982e-002 	-5.3604435669385084e-004 	8.6368667611652114e-002
8.5599999999999994e+001 	8.5362793686540470e-002 	-5.4800944013379759e-004 	8.4814784246406705e-002
8.8799999999999997e+001 	8.3839940444543029e-002 	-5.5672706138023133e-004 	8.3283213383162802e-002
9.2000000000000000e+001 	8.2338227617268098e-002 	-5.6254422560566544e-004 	8.1775683391662427e-002
9.5200000000000003e+001 	8.0859311828046024e-002 	-5.6578889591376485e-004 	8.0293522932132225e-002
9.8400000000000006e+001 	7.9404492119751494e-002 	-5.6676586618150055e-004 	7.8837726253570009e-002
1.0159999999999999e+002 	7.7974763832719535e-002 	-5.6575516340676656e-004 	7.7409008669312745e-002
1.0480000000000001e+002 	7.6570865247487394e-002 	-5.6301186965932934e-004 	7.6007853377828075e-002
1.0800000000000000e+002 	7.5193317621240222e-002 	-5.5876678858319834e-004 	7.4634550832657048e-002
1.1119999999999999e+002 	7.3842459396184057e-002 	-5.5322761898492960e-004 	7.3289231777199121e-002
1.1440000000000001e+002 	7.2518475353712697e-002 	-5.4658042014446931e-004 	7.1971894933568231e-002
1.1759999999999999e+002 	7.1221421425259598e-002 	-5.3899122460613789e-004 	7.0682430200653443e-002
1.2080000000000001e+002 	6.9951245791588818e-002 	-5.3060770015721627e-004 	6.9420638091431591e-002
1.2400000000000000e+002 	6.8707806820520065e-002 	-5.2156079460190176e-004 	6.8186246025918149e-002
1.2720000000000000e+002 	6.7490888316919129e-002 	-5.1196631986383289e-004 	6.6978921997055296e-002
1.3039999999999998e+002 	6.6300212490149169e-002 	-5.0192644855369167e-004 	6.5798286041595475e-002
1.3359999999999999e+002 	6.5135450983571069e-002 	-4.9153110800413983e-004 	6.4643919875566974e-002
1.3680000000000001e+002 	6.3996234258421533e-002 	-4.8085926508319686e-004 	6.3515374993338328e-002
1.4000000000000000e+002 	6.2882159579722471e-002 	-4.6994443311110012e-004 	6.2412215146611362e-002
1.4640000000000001e+002 	6.0738840090629700e-002 	-4.4780376475723614e-004 	6.0291036325872453e-002
1.5279999999999998e+002 	5.8666931110898914e-002 	-4.2558464032477585e-004 	5.8241346470574142e-002
1.5920000000000002e+002 	5.6698026451149165e-002 	-4.0344838360052476e-004 	5.6294578067548652e-002
1.6559999999999999e+002 	5.4816528907228386e-002 	-3.8159712220096480e-004 	5.4434931785027431e-002
1.7200000000000000e+002 	5.3018556979765763e-002 	-3.6019243862493863e-004 	5.2658364541140826e-002
1.7840000000000001e+002 	5.1300257831398167e-002 	-3.3935471919924100e-004 	5.0960903112198926e-002
1.8479999999999998e+002 	4.9657853277476662e-002 	-3.1916863458876309e-004 	4.9338684642887883e-002
1.9120000000000002e+002 	4.8087670502218412e-002 	-2.9968993629720867e-004 	4.7787980565921213e-002
1.9759999999999999e+002 	4.6586162286939327e-002 	-2.8095179941739604e-004 	4.6305210487521897e-002
2.0400000000000000e+002 	4.5149919699898573e-002 	-2.6297015850394376e-004 	4.4886949541394626e-002
2.1040000000000001e+002 	4.3775679283547822e-002 	-2.4574798856403661e-004 	4.3529931294983761e-002
2.1679999999999998e+002 	4.2460326217877375e-002 	-2.2927866431768273e-004 	4.2231047553559685e-002
2.2320000000000002e+002 	4.1200894555928035e-002 	-2.1354856844337948e-004 	4.0987345987484672e-002
2.2959999999999999e+002 	3.9994565349942932e-002 	-1.9853910488993134e-004 	3.9796026245052997e-002
2.3600000000000000e+002 	3.8838663281199691e-002 	-1.8422824593209699e-004 	3.8654435035267609e-002
2.4240000000000001e+002 	3.7730652253381243e-002 	-1.7059171520125927e-004 	3.7560060538180007e-002
2.4879999999999998e+002 	3.6668130294295533e-002 	-1.5760388698590462e-004 	3.6510526407309618e-002
2.5519999999999999e+002 	3.5648824024357519e-002 	-1.4523846469084706e-004 	3.5503585559666651e-002
2.6160000000000002e+002 	3.4670582884866435e-002 	-1.3346898767628251e-004 	3.4537113897190150e-002
2.6800000000000000e+002 	3.3731373269752743e-002 	-1.2226920506305607e-004 	3.3609104064689692e-002
2.7439999999999998e+002 	3.2829272666525564e-002 	-1.1180506025328404e-004 	3.2717467606272282e-002
2.8719999999999999e+002 	3.1141283154599655e-002 	-9.2417427494335104e-005 	3.1048865727105312e-002
3.0000000000000000e+002 	2.9552468220636681e-002 	-7.4510541711868034e-005 	2.9477957678924815e-002
3.1280000000000001e+002 	2.8094097399510558e-002 	-5.8260681669307401e-005 	2.8035836717841260e-002
3.2560000000000002e+002 	2.6741409886963951e-002 	-4.3550111318778727e-005 	2.6697859775645177e-002
3.3839999999999998e+002 	2.5484843043454993e-002 	-3.0247940426346446e-005 	2.5454595103028655e-002
3.5119999999999999e+002 	2.4315792876684846e-002 	-1.8226967492113311e-005 	2.4297565909192742e-002
3.6400000000000000e+002 	2.3226535348468209e-002 	-7.3689752119956229e-006 	2.3219166373256224e-002
3.7680000000000001e+002 	2.2210136954684545e-002 	2.4338380289309538e-006 	2.2212570792713479e-002
3.8960000000000002e+002 	2.1260368795630844e-002 	1.1278912695159063e-005 	2.1271647708325993e-002
4.0239999999999998e+002 	2.0371628325483396e-002 	1.9254018157753301e-005 	2.0390882343641146e-002
4.1519999999999999e+002 	1.9538869519874418e-002 	2.6438175998188950e-005 	1.9565307695872600e-002
4.2800000000000000e+002 	1.8757541053080331e-002 	3.2902604528664775e-005 	1.8790443657608995e-002
4.4080000000000001e+002 	1.8023531736980191e-002 	3.8711587982010895e-005 	1.8062243324962202e-002
4.5360000000000002e+002 	1.7333122417810414e-002 	4.3923242547099809e-005 	1.7377045660357516e-002
4.6639999999999998e+002 	1.6682943567493964e-002 	4.8590183723375713e-005 	1.6731533751217345e-002
4.7919999999999999e+002 	1.6069937877172452e-002 	5.2760109256313784e-005 	1.6122697986428767e-002
4.9200000000000000e+002 	1.5491327236992852e-002 	5.6476311573938592e-005 	1.5547803548566799e-002
5.0480000000000001e+002 	1.4944583559427242e-002 	5.9778130572810406e-005 	1.5004361690000056e-002
5.1759999999999991e+002 	1.4427402970329696e-002 	6.2701354919226260e-005 	1.4490104325248923e-002
5.3039999999999998e+002 	1.3937682951823818e-002 	6.5278578342611615e-005 	1.4002961530166426e-002
5.4320000000000005e+002 	1.3473502073991618e-002 	6.7437310012269001e-005 	1.3540939384003886e-002
5.6879999999999995e+002 	1.2621810741024569e-002 	7.0927785996081433e-005 	1.2692738527020651e-002
5.9440000000000009e+002 	1.1835091454756278e-002 	7.3677910332492635e-005 	1.1908769365088766e-002
6.2000000000000000e+002 	1.1130138640863554e-002 	7.5640340194915994e-005 	1.1205778981058470e-002
6.4559999999999991e+002 	1.0489234516867911e-002 	7.6922168706860283e-005 	1.0566156685574769e-002
6.7120000000000005e+002 	9.9047554714604309e-003 	7.7629422572642580e-005 	9.9823848940330702e-003
6.9679999999999995e+002 	9.3701427667005014e-003 	7.7857882774465679e-005 	9.4480006494749632e-003
7.2240000000000009e+002 	8.8797537008468153e-003 	7.7690543615743833e-005 	8.9574442444625597e-003
7.4800000000000000e+002 	8.4287213612398298e-003 	7.7197930621601373e-005 	8.5059192918614298e-003
7.7359999999999991e+002 	8.0128334099902887e-003 	7.6439612251481302e-005 	8.0892730222417737e-003
7.9920000000000005e+002 	7.6284304188485343e-003 	7.5465945027114543e-005 	7.7038963638756475e-003
8.2479999999999995e+002 	7.2723214139419536e-003 	7.4319618318839358e-005 	7.3466410322607922e-003
8.5040000000000009e+002 	6.9417138096005502e-003 	7.3036903486283628e-005 	7.0147507130868319e-003
8.7600000000000000e+002 	6.6341551568977414e-003 	7.1648650184198218e-005 	6.7058038070819401e-003
9.0159999999999991e+002 	6.3474845452387244e-003 	7.0181094939645688e-005 	6.4176656401783673e-003
9.2720000000000005e+002 	6.0797918955140902e-003 	6.8656531471938902e-005 	6.1484484269860281e-003
9.5279999999999995e+002 	5.8293837236240076e-003 	6.7093874544381984e-005 	5.8964775981683905e-003
9.7840000000000009e+002 	5.5947542295685486e-003 	6.5509137985011681e-005 	5.6602633675535610e-003
1.0040000000000000e+003 	5.3745607881430608e-003 	6.3915841517996481e-005 	5.4384766296610562e-003
1.0296000000000001e+003 	5.1676030928681400e-003 	6.2325357802664921e-005 	5.2299284506708045e-003
1.0551999999999998e+003 	4.9728053445239253e-003 	6.0747209113711556e-005 	5.0335525536376394e-003
1.0808000000000000e+003 	4.7892009871840840e-003 	5.9189321531718465e-005 	4.8483903087158022e-003
1.1064000000000001e+003 	4.6159195840206205e-003 	5.7658243131762183e-005 	4.6735778271523821e-003
1.1320000000000000e+003 	4.4521754970365717e-003 	5.6175561565755591e-005 	4.5083510586023286e-003
1.1832000000000000e+003 	4.1527345571059594e-003 	5.3334386265310462e-005 	4.2060689433712677e-003
1.2343999999999999e+003 	3.8777375377277087e-003 	5.0634511496961157e-005 	3.9283720492246698e-003
1.2856000000000001e+003 	3.6322799007657072e-003 	4.8108061122828682e-005 	3.6803879618885356e-003
1.3368000000000000e+003 	3.4099786570594426e-003 	4.5763108305881260e-005 	3.4557417653653237e-003
1.3880000000000000e+003 	3.2079406290932803e-003 	4.3603284090661764e-005 	3.2515439131839421e-003
1.4392000000000000e+003 	3.0237095378181883e-003 	4.1627631033164578e-005 	3.0653371688513517e-003
1.4903999999999999e+003 	2.8551971645264362e-003 	3.9830961731141586e-005 	2.8950281262575769e-003
1.5416000000000001e+003 	2.7006210986054457e-003 	3.8205015288897296e-005 	2.7388261138943429e-003
1.5928000000000000e+003 	2.5584524878688982e-003 	3.6739697021915678e-005 	2.5951921848908128e-003
1.6440000000000000e+003 	2.4273732961032756e-003 	3.5423997630670392e-005 	2.4627972937339465e-003
1.6952000000000000e+003 	2.3062415838040365e-003 	3.4246571641898859e-005 	2.3404881554459347e-003
1.7463999999999999e+003 	2.1940632866714127e-003 	3.3196089288970110e-005 	2.2272593759603831e-003
1.7976000000000001e+003 	2.0899691858901554e-003 	3.2261461980514548e-005 	2.1222306478706704e-003
1.8488000000000000e+003 	1.9931960180432171e-003 	3.1431996462410901e-005 	2.0246280145056277e-003
1.9000000000000000e+003 	1.9030708949683136e-003 	3.0697502539830456e-005 	1.9337683975081447e-003
1.9512000000000000e+003 	1.8189983828749809e-003 	3.0048365747346351e-005 	1.8490467486223282e-003
2.0024000000000001e+003 	1.7404497297753058e-003 	2.9475591772062266e-005 	1.7699253215473689e-003
2.0535999999999999e+003 	1.6669538382466952e-003 	2.8970828115269208e-005 	1.6959246663619644e-003
2.1048000000000002e+003 	1.5980896639908272e-003 	2.8526367851296919e-005 	1.6266160318421238e-003
2.1560000000000000e+003 	1.5334797853459011e-003 	2.8135139871557259e-005 	1.5616149252174584e-003
2.2071999999999998e+003 	1.4727849393323658e-003 	2.7790689218064341e-005 	1.5005756285504301e-003
2.2584000000000001e+003 	1.4156993593701995e-003 	2.7500217231961295e-005 	1.4431995766021602e-003
2.3607999999999997e+003 	1.3119866133450685e-003 	2.7018248819739878e-005 	1.3390048621648089e-003
2.4632000000000003e+003 	1.2176863710070221e-003 	2.6612044948041879e-005 	1.2442984159550640e-003
2.5655999999999999e+003 	1.1343310629782135e-003 	2.6278257540398575e-005 	1.1606093205186127e-003
2.6680000000000000e+003 	1.0595927911830341e-003 	2.5999160174350091e-005 	1.0855919513573840e-003
2.7704000000000001e+003 	9.9234988157424742e-004 	2.5759586813597848e-005 	1.0181094683878456e-003
2.8727999999999997e+003 	9.3165042715075120e-004 	2.5546239135475811e-005 	9.5719666628622650e-004
2.9752000000000003e+003 	8.7668562717948813e-004 	2.5347946661121132e-005 	9.0203357384060893e-004
3.0775999999999999e+003 	8.2676575320956615e-004 	2.5155990374643832e-005 	8.5192174358420967e-004
3.1800000000000000e+003 	7.8130001027370177e-004 	2.4963996819772634e-005 	8.0626400709347447e-004
3.2824000000000001e+003 	7.3978006651238837e-004 	2.4767545971485211e-005 	7.6454761248387348e-004
3.3847999999999997e+003 	7.0176665946565086e-004 	2.4563729098857628e-005 	7.2633038856450833e-004
3.4872000000000003e+003 	6.6687868348448080e-004 	2.4350771500242556e-005 	6.9122945498472353e-004
3.5895999999999999e+003 	6.3478425476988618e-004 	2.4127740235334524e-005 	6.5891199500522099e-004
3.6920000000000000e+003 	6.0519335223904215e-004 	2.3894322625630006e-005 	6.2908767486467235e-004
3.7944000000000001e+003 	5.7785171963910882e-004 	2.3650657406104190e-005 	6.0150237704521305e-004
3.8967999999999997e+003 	5.5253578348000618e-004 	2.3397204855798709e-005 	5.7593298833580515e-004
3.9992000000000003e+003 	5.2904839463851529e-004 	2.3134646587193861e-005 	5.5218304122570908e-004
4.1016000000000004e+003 	5.0721524227883175e-004 	2.2863808481450893e-005 	5.3007905076028251e-004
4.2040000000000000e+003 	4.8688181999492812e-004 	2.2585601834059827e-005 	5.0946742182898807e-004
4.3063999999999996e+003 	4.6791084819305451e-004 	2.2300978918693393e-005 	4.9021182711174785e-004
4.4088000000000002e+003 	4.5018007545765819e-004 	2.2010899927822266e-005 	4.7219097538548038e-004
4.5111999999999998e+003 	4.3358039630284284e-004 	2.1716276705812817e-005 	4.5529667300865564e-004
4.7160000000000000e+003 	4.0361795994705869e-004 	2.1118879825951349e-005 	4.2473683977301002e-004
4.9208000000000002e+003 	3.7647794592018577e-004 	2.0513874469393373e-005 	3.9699182038957921e-004
5.1256000000000004e+003 	3.5263430649356908e-004 	1.9905301965870514e-005 	3.7253960845943954e-004
5.3303999999999996e+003 	3.3131976892332497e-004 	1.9299567387668400e-005 	3.5061933631099331e-004
5.5351999999999998e+003 	3.1216833664424697e-004 	1.8701202343012716e-005 	3.3086953898725963e-004
5.7400000000000000e+003 	2.9487640684446725e-004 	1.8113029990808066e-005 	3.1298943683527526e-004
5.9448000000000002e+003 	2.7919191634193026e-004 	1.7537070735825144e-005 	2.9672898707775553e-004
6.1496000000000004e+003 	2.6490477573463782e-004 	1.6974947293178717e-005 	2.8187972302781662e-004
6.3543999999999996e+003 	2.5183898750095253e-004 	1.6427936982795182e-005 	2.6826692448374782e-004
6.5591999999999998e+003 	2.3984630586459217e-004 	1.5896959740825836e-005 	2.5574326560541798e-004
6.7640000000000000e+003 	2.2880117246466919e-004 	1.5382598490546672e-005 	2.4418377095521582e-004
6.9688000000000002e+003 	2.1859667003332382e-004 	1.4885146858068364e-005 	2.3348181689139224e-004
7.1736000000000004e+003 	2.0914127848536881e-004 	1.4404663963542951e-005 	2.2354594244891165e-004
7.3783999999999996e+003 	2.0035626220245891e-004 	1.3941025147160063e-005 	2.1429728734961907e-004
7.5831999999999998e+003 	1.9217355503217741e-004 	1.3493965220187716e-005 	2.0566752025236518e-004
7.7880000000000000e+003 	1.8453403943490324e-004 	1.3063114074381867e-005 	1.9759715350928513e-004
7.9928000000000002e+003 	1.7738613931562086e-004 	1.2648025577135487e-005 	1.9003416489275635e-004
8.1976000000000004e+003 	1.7068466377984361e-004 	1.2248200812054002e-005 	1.8293286459189758e-004
8.4023999999999996e+003 	1.6438985261869461e-004 	1.1863106603732621e-005 	1.7625295922242730e-004
8.6072000000000007e+003 	1.5846658475970071e-004 	1.1492190169255942e-005 	1.6995877492895667e-004
8.8120000000000000e+003 	1.5288371898051757e-004 	1.1140378776035121e-005 	1.6402409775655266e-004
9.2216000000000004e+003 	1.4273252307187492e-004 	1.0475419853572042e-005 	1.5320794292544694e-004
9.6311999999999989e+003 	1.3338538406930072e-004 	9.8460800538804069e-006 	1.4323146412318112e-004
1.0040800000000001e+004 	1.2509013573741473e-004 	9.2590103581478575e-006 	1.3434914609556254e-004
1.0450400000000000e+004 	1.1759159885691067e-004 	8.7124193584090880e-006 	1.2630401821531970e-004
1.0860000000000000e+004 	1.1078546373776002e-004 	8.2029667529824334e-006 	1.1898843049074241e-004
1.1269600000000000e+004 	1.0458444192645321e-004 	7.7272360390438529e-006 	1.1231167796549705e-004
1.1679199999999999e+004 	9.8915214085024201e-005 	7.2822636348450396e-006 	1.0619747771986925e-004
1.2088800000000001e+004 	9.3715806054900025e-005 	6.8655025868577009e-006 	1.0058130864175775e-004
1.2498400000000000e+004 	8.8933470197297165e-005 	6.4747081702255469e-006 	9.5408178367522756e-005
1.2908000000000000e+004 	8.4523008499691718e-005 	6.1078713252344406e-006 	9.0630879824926176e-005
1.3317600000000000e+004 	8.0445448712065489e-005 	5.7631850429673666e-006 	8.6208633755032854e-005
1.3727200000000001e+004 	7.6666994004778120e-005 	5.4390217030475156e-006 	8.2106015707825641e-005
1.4136799999999999e+004 	7.3158182952744866e-005 	5.1339131387146393e-006 	7.8292096091459512e-005
1.4546400000000000e+004 	6.9893211711807865e-005 	4.8465320015140139e-006 	7.4739743713321901e-005
1.4956000000000000e+004 	6.6849382204426240e-005 	4.5756747270135470e-006 	7.1425056931439788e-005
1.5365600000000000e+004 	6.4006649113601815e-005 	4.3202463795809210e-006 	6.8326895493182749e-005
1.5775200000000001e+004 	6.1347245107616380e-005 	4.0792474464110678e-006 	6.5426492554027452e-005
1.6184799999999999e+004 	5.8855368588151887e-005 	3.8517624944771563e-006 	6.2707131082629053e-005
1.6594400000000001e+004 	5.6516921851505083e-005 	3.6369503627623642e-006 	6.0153872214267464e-005
1.7004000000000000e+004 	5.4319290231597239e-005 	3.4340357974332707e-006 	5.7753326029030536e-005
1.7413599999999999e+004 	5.2251154808569669e-005 	3.2423022814487830e-006 	5.5493457090018449e-005
1.7823200000000001e+004 	5.0302332798024206e-005 	3.0610858516300555e-006 	5.3363418649654261e-005
1.8232799999999999e+004 	4.8463640911656341e-005 	2.8897698382893159e-006 	5.1353410749945681e-005
1.8642399999999998e+004 	4.6726777891056067e-005 	2.7277803032772760e-006 	4.9454558194333357e-005
1.9052000000000000e+004 	4.5084223129786516e-005 	2.5745820440350938e-006 	4.7658805173821636e-005
1.9461600000000002e+004 	4.3529148860974995e-005 	2.4296751359180985e-006 	4.5958823996893100e-005
1.9871200000000001e+004 	4.2055343835403959e-005 	2.2925919410060454e-006 	4.4347935776410022e-005
2.0280799999999999e+004 	4.0657146773350412e-005 	2.1628944279252423e-006 	4.2820041201275647e-005
2.0690400000000001e+004 	3.9329388162610950e-005 	2.0401718136115583e-006 	4.1369559976222513e-005
2.1100000000000000e+004 	3.8067339210054353e-005 	1.9240384862454093e-006 	3.9991377696299750e-005
2.1509599999999999e+004 	3.6866666945502436e-005 	1.8141321277049344e-006 	3.8680799073207365e-005
2.1919200000000001e+004 	3.5723394634152400e-005 	1.7101120178979511e-006 	3.7433506652050343e-005
2.2328800000000003e+004 	3.4633866783774285e-005 	1.6116575068291006e-006 	3.6245524290603373e-005
2.2738399999999998e+004 	3.3594718140313103e-005 	1.5184666433509168e-006 	3.5113184783664025e-005
2.3148000000000000e+004 	3.2602846155222729e-005 	1.4302549232753486e-006 	3.4033101078498081e-005
2.3557600000000002e+004 	3.1655386482920958e-005 	1.3467541455363323e-006 	3.3002140628457291e-005
2.3967199999999997e+004 	3.0749691129484616e-005 	1.2677113595390299e-006 	3.2017402489023632e-005
2.4376799999999999e+004 	2.9883308926738931e-005 	1.1928878934706342e-006 	3.1076196820209570e-005
2.4786400000000001e+004 	2.9053968050727200e-005 	1.1220584610515907e-006 	3.0176026511778775e-005
2.5196000000000000e+004 	2.8259560341465680e-005 	1.0550103334595657e-006 	2.9314570674925238e-005
2.5605599999999999e+004 	2.7498127213185007e-005 	9.8980119538295379e-007 	2.8487928408567964e-005
-250 0
-2.5000000000000000e+002 0.0000000000000000e+000 0.0000000000000000e+000
1
1 1 1 1
1
         t, ms                         dVp, mV                         dVs, mV                         dV, mV
2.5000000000000000e-001 	2.9676737069477585e-002 	1.7309059886323245e-004 	2.9849827668340823e-002
2.9999999999999999e-001 	2.9725946722582997e-002 	1.8367234079969506e-004 	2.9909619063382690e-002
3.4999999999999998e-001 	2.9750822533400147e-002 	1.9367059797090576e-004 	2.9944493131371056e-002
4.0000000000000002e-001 	2.9769584408198192e-002 	2.0257719867727741e-004 	2.9972161606875464e-002
4.5000000000000001e-001 	2.9786291557995885e-002 	2.1054025765411021e-004 	2.9996831815649987e-002
5.0000000000000000e-001 	2.9801771809699618e-002 	2.1769596830831822e-004 	3.0019467778007944e-002
5.5000000000000004e-001 	2.9816192908320903e-002 	2.2416097636690355e-004 	3.0040353884687815e-002
5.9999999999999998e-001 	2.9829618590657317e-002 	2.3003275695564866e-004 	3.0059651347612966e-002
6.5000000000000002e-001 	2.9842110789545195e-002 	2.3539218968802019e-004 	3.0077502979233225e-002
6.9999999999999996e-001 	2.9853739047373307e-002 	2.4030640426965963e-004 	3.0094045451642969e-002
7.5000000000000000e-001 	2.9864575539006521e-002 	2.4483131925742821e-004 	3.0109406858263955e-002
8.0000000000000004e-001 	2.9874690490837862e-002 	2.4901375444784526e-004 	3.0123704245285713e-002
8.4999999999999998e-001 	2.9884149643371698e-002 	2.5289314220278874e-004 	3.0137042785574497e-002
9.0000000000000002e-001 	2.9893013175279974e-002 	2.5650289967899941e-004 	3.0149516074958974e-002
9.4999999999999996e-001 	2.9901335475050007e-002 	2.5987152607391398e-004 	3.0161207001123912e-002
1.0000000000000000e+000 	2.9909165354601065e-002 	2.6302348000707893e-004 	3.0172188834608159e-002
1.0500000000000000e+000 	2.9916546453699257e-002 	2.6597988287441031e-004 	3.0182526336573673e-002
1.1000000000000001e+000 	2.9923517734840043e-002 	2.6875908408841828e-004 	3.0192276818928464e-002
1.1499999999999999e+000 	2.9930113978691317e-002 	2.7137711697448630e-004 	3.0201491095665799e-002
1.2000000000000000e+000 	2.9936366258152592e-002 	2.7380023615813356e-004 	3.0210166494310721e-002
1.3000000000000000e+000 	3.0067209450522197e-002 	2.7825891819948203e-004 	3.0345468368721672e-002
1.3999999999999999e+000 	2.9958509789728225e-002 	2.8236580103817353e-004 	3.0240875590766391e-002
1.5000000000000000e+000 	2.9968110401196180e-002 	2.8609332384244365e-004 	3.0254203725038630e-002
1.6000000000000001e+000 	2.9976904388896795e-002 	2.8948516472684964e-004 	3.0266389553623631e-002
1.7000000000000000e+000 	2.9984996861298626e-002 	2.9258361092126688e-004 	3.0277580472219897e-002
1.8000000000000000e+000 	2.9992475542867044e-002 	2.9542593001001554e-004 	3.0287901472877049e-002
1.8999999999999999e+000 	2.9999413865456830e-002 	2.9804400062236893e-004 	3.0297457866079205e-002
2.0000000000000000e+000 	3.0005873656320976e-002 	3.0046488365794360e-004 	3.0306338539978921e-002
2.1000000000000001e+000 	3.0011907326677439e-002 	3.0271156544620965e-004 	3.0314618892123651e-002
2.2000000000000002e+000 	3.0017559611585313e-002 	3.0480364261093053e-004 	3.0322363254196252e-002
2.2999999999999998e+000 	3.0022868948019556e-002 	3.0675789768317503e-004 	3.0329626845702732e-002
2.3999999999999999e+000 	3.0027868567693870e-002 	3.0858876958426713e-004 	3.0336457337278130e-002
2.5000000000000000e+000 	3.0032587370123872e-002 	3.1030873614155269e-004 	3.0342896106265428e-002
2.6000000000000001e+000 	3.0037050625029458e-002 	3.1192862597298373e-004 	3.0348979251002436e-002
2.7000000000000002e+000 	3.0041280538674994e-002 	3.1345787434627209e-004 	3.0354738413021269e-002
2.7999999999999998e+000 	3.0045296716653444e-002 	3.1490473428591985e-004 	3.0360201450939362e-002
2.8999999999999999e+000 	3.0049116542766010e-002 	3.1627645180159737e-004 	3.0365392994567610e-002
3.0000000000000000e+000 	3.0052755490392064e-002 	3.1757941203992693e-004 	3.0370334902432006e-002
3.1000000000000001e+000 	3.0056227380310448e-002 	3.1881926166701615e-004 	3.0375046641977467e-002
3.2000000000000002e+000 	3.0059544598047040e-002 	3.2000101179460147e-004 	3.0379545609841654e-002
3.2999999999999998e+000 	3.0062718273274423e-002 	3.2112912484035303e-004 	3.0383847398114769e-002
3.3999999999999999e+000 	3.0065758433136448e-002 	3.2219099535170273e-004 	3.0387949428488149e-002
3.6000000000000001e+000 	3.0106481077728498e-002 	3.2418061301261515e-004 	3.0430661690741118e-002
3.7999999999999998e+000 	3.0076772975081087e-002 	3.2604575678567624e-004 	3.0402818731866767e-002
4.0000000000000000e+000 	3.0081676390992261e-002 	3.2777450419924824e-004 	3.0409450895191512e-002
4.2000000000000002e+000 	3.0086237521726719e-002 	3.2937982227001741e-004 	3.0415617343996747e-002
4.4000000000000004e+000 	3.0090494332667753e-002 	3.3087470703407662e-004 	3.0421369039701829e-002
4.5999999999999996e+000 	3.0094479972594446e-002 	3.3227087754156347e-004 	3.0426750850136009e-002
4.7999999999999998e+000 	3.0098223773913951e-002 	3.3357856709311304e-004 	3.0431802341007067e-002
5.0000000000000000e+000 	3.0101752095414460e-002 	3.3480664390108273e-004 	3.0436558739315545e-002
5.2000000000000002e+000 	3.0105088953184062e-002 	3.3596280368359204e-004 	3.0441051756867649e-002
5.4000000000000004e+000 	3.0108256453689673e-002 	3.3705375417359372e-004 	3.0445310207863268e-002
5.5999999999999996e+000 	3.0111275064288540e-002 	3.3808537151426761e-004 	3.0449360435802809e-002
5.7999999999999998e+000 	3.0114163760565176e-002 	3.3906282768912053e-004 	3.0453226588254289e-002
6.0000000000000000e+000 	3.0116940089730988e-002 	3.3999069336312188e-004 	3.0456930783094124e-002
6.2000000000000002e+000 	3.0119620178563726e-002 	3.4087302120692760e-004 	3.0460493199770643e-002
6.4000000000000004e+000 	3.0122218719237783e-002 	3.4171341398748405e-004 	3.0463932133225277e-002
6.5999999999999996e+000 	3.0124748947394794e-002 	3.4251508094564368e-004 	3.0467264028340435e-002
6.7999999999999998e+000 	3.0127222626412181e-002 	3.4328088505055406e-004 	3.0470503511462736e-002
7.0000000000000000e+000 	3.0129650047876759e-002 	3.4401338318017189e-004 	3.0473663431056938e-002
7.2000000000000002e+000 	3.0132040051025016e-002 	3.4471486066615052e-004 	3.0476754911691158e-002
7.4000000000000004e+000 	3.0134400061724412e-002 	3.4538736129906446e-004 	3.0479787423023472e-002
7.5999999999999996e+000 	3.0136736148412356e-002 	3.4602339443522725e-004 	3.0482759542847581e-002
8.0000000000000000e+000 	3.0160208801356857e-002 	3.4722025987687563e-004 	3.0507429061233736e-002
8.4000000000000004e+000 	3.0145922668132399e-002 	3.4834555358926336e-004 	3.0494268221721667e-002
8.8000000000000007e+000 	3.0150438084762986e-002 	3.4939072060756487e-004 	3.0499828805370541e-002
9.1999999999999993e+000 	3.0154900755546513e-002 	3.5036101826215718e-004 	3.0505261773808662e-002
9.5999999999999996e+000 	3.0159298266973344e-002 	3.5126179693555862e-004 	3.0510560063908908e-002
1.0000000000000000e+001 	3.0163611328152384e-002 	3.5209780034057577e-004 	3.0515709128492947e-002
1.0400000000000000e+001 	3.0167815966340029e-002 	3.5287306103933566e-004 	3.0520689027379352e-002
1.0800000000000001e+001 	3.0171885461511217e-002 	3.5359097632787080e-004 	3.0525476437839073e-002
1.1199999999999999e+001 	3.0175791938137266e-002 	3.5425442388848212e-004 	3.0530046362025744e-002
1.1600000000000000e+001 	3.0179507615122704e-002 	3.5486587228344979e-004 	3.0534373487406154e-002
1.2000000000000000e+001 	3.0183005739857442e-002 	3.5542747416041369e-004 	3.0538433214017856e-002
1.2400000000000000e+001 	3.0186261251858044e-002 	3.5594114093739346e-004 	3.0542202392795450e-002
1.2800000000000001e+001 	3.0189251222371181e-002 	3.5640860107337294e-004 	3.0545659823444565e-002
1.3199999999999999e+001 	3.0191955114965550e-002 	3.5683144478337566e-004 	3.0548786559748943e-002
1.3600000000000000e+001 	3.0194354908291046e-002 	3.5721115797292805e-004 	3.0551566066263979e-002
1.4000000000000000e+001 	3.0196435114887725e-002 	3.5754914776789029e-004 	3.0553984262655605e-002
1.4400000000000000e+001 	3.0198182724588279e-002 	3.5784676157216090e-004 	3.0556029486160447e-002
1.4800000000000001e+001 	3.0199587096230954e-002 	3.5810530118179429e-004 	3.0557692397412742e-002
1.5199999999999999e+001 	3.0200639815024150e-002 	3.5832603318835762e-004 	3.0558965848212483e-002
1.5600000000000000e+001 	3.0201334529654029e-002 	3.5851019657419982e-004 	3.0559844726228236e-002
1.6000000000000000e+001 	3.0201666779374831e-002 	3.5864623786047855e-004 	3.0560313017235306e-002
1.6800000000000001e+001 	3.0214241106379845e-002 	3.5881578833361428e-004 	3.0573056894713471e-002
1.7600000000000001e+001 	3.0199344508875226e-002 	3.5888469399114338e-004 	3.0558229202866376e-002
1.8399999999999999e+001 	3.0196011849174531e-002 	3.5883939718453397e-004 	3.0554851246359066e-002
1.9199999999999999e+001 	3.0191265562991464e-002 	3.5868628953654062e-004 	3.0549951852527998e-002
2.0000000000000000e+001 	3.0185145683335097e-002 	3.5843328412551274e-004 	3.0543578967460606e-002
2.0800000000000001e+001 	3.0177700751188058e-002 	3.5808865433061015e-004 	3.0535789405518658e-002
2.1600000000000001e+001 	3.0168985426490800e-002 	3.5766061598717196e-004 	3.0526646042477967e-002
2.2399999999999999e+001 	3.0159058464278479e-002 	3.5715716155124909e-004 	3.0516215625829728e-002
2.3199999999999999e+001 	3.0147981061973278e-002 	3.5658597983246113e-004 	3.0504567041805743e-002
2.4000000000000000e+001 	3.0135815537618984e-002 	3.5595440484249076e-004 	3.0491769942461468e-002
2.4800000000000001e+001 	3.0122624287056810e-002 	3.5526937550308237e-004 	3.0477893662559895e-002
2.5600000000000001e+001 	3.0108468968050282e-002 	3.5453740141859870e-004 	3.0463006369468890e-002
2.6399999999999999e+001 	3.0093409869024201e-002 	3.5376453427908599e-004 	3.0447174403303294e-002
2.7199999999999999e+001 	3.0077505425359159e-002 	3.5295634548184861e-004 	3.0430461770840998e-002
2.8000000000000000e+001 	3.0060811854005672e-002 	3.5211791054608579e-004 	3.0412929764551750e-002
2.8800000000000001e+001 	3.0043382884155749e-002 	3.5125380055268376e-004 	3.0394636684708452e-002
2.9600000000000001e+001 	3.0025269564807888e-002 	3.5036808058653386e-004 	3.0375637645394419e-002
3.0399999999999999e+001 	3.0006520135491804e-002 	3.4946431487808217e-004 	3.0355984450369893e-002
3.1199999999999999e+001 	2.9987179948494837e-002 	3.4854557813043634e-004 	3.0335725526625282e-002
3.2000000000000000e+001 	2.9967291433088669e-002 	3.4761447241446144e-004 	3.0314905905503130e-002
3.2800000000000004e+001 	2.9946894094975751e-002 	3.4667314885743520e-004 	3.0293567243833176e-002
3.3600000000000001e+001 	2.9926024544335718e-002 	3.4572333333041707e-004 	3.0271747877666132e-002
3.4399999999999999e+001 	2.9904716546699683e-002 	3.4476415123140859e-004 	3.0249480697931097e-002
3.6000000000000000e+001 	2.9866168694828433e-002 	3.4282755374135477e-004 	3.0208996248569792e-002
3.7600000000000001e+001 	2.9815747889026627e-002 	3.4087299054421716e-004 	3.0156620879570856e-002
3.9199999999999996e+001 	2.9769304602589600e-002 	3.3889564244062416e-004 	3.0108200245030241e-002
4.0800000000000004e+001 	2.9721749921401683e-002 	3.3689199620434284e-004 	3.0058641917606033e-002
4.2399999999999999e+001 	2.9673194134046340e-002 	3.3485692233331245e-004 	3.0008051056379638e-002
4.4000000000000000e+001 	2.9623720647638550e-002 	3.3278409514917188e-004 	2.9956504742787719e-002
4.5600000000000001e+001 	2.9573389142716310e-002 	3.3066656854448538e-004 	2.9904055711260792e-002
4.7199999999999996e+001 	2.9522239009032055e-002 	3.2849733236234714e-004 	2.9850736341394384e-002
4.8800000000000004e+001 	2.9470292707114851e-002 	3.2626978398776128e-004 	2.9796562491102612e-002
5.0399999999999999e+001 	2.9417558908819710e-002 	3.2397809708389051e-004 	2.9741537005903596e-002
5.2000000000000000e+001 	2.9364035354112611e-002 	3.2161748887447910e-004 	2.9685652842987093e-002
5.3600000000000001e+001 	2.9309711400196496e-002 	3.1918439507044063e-004 	2.9628895795266941e-002
5.5199999999999996e+001 	2.9254570259823223e-002 	3.1667656462115734e-004 	2.9571246824444380e-002
5.6800000000000004e+001 	2.9198590936571622e-002 	3.1409308757847631e-004 	2.9512684024150086e-002
5.8399999999999999e+001 	2.9141749873792755e-002 	3.1143436929302137e-004 	2.9453184243085784e-002
6.0000000000000000e+001 	2.9084022337481519e-002 	3.0870206331346753e-004 	2.9392724400794976e-002
6.1600000000000001e+001 	2.9025383556557375e-002 	3.0589897408772962e-004 	2.9331282530645108e-002
6.3200000000000003e+001 	2.8965809645431020e-002 	3.0302893907499273e-004 	2.9268838584506011e-002
6.4799999999999997e+001 	2.8905278333058820e-002 	3.0009669835454788e-004 	2.9205375031413364e-002
6.6400000000000006e+001 	2.8843769522796842e-002 	2.9710775835908220e-004 	2.9140877281155927e-002
6.8000000000000000e+001 	2.8781265705862685e-002 	2.9406825500560721e-004 	2.9075333960868296e-002
6.9599999999999994e+001 	2.8717752249521420e-002 	2.9097363298133725e-004 	2.9008725882502747e-002
7.2799999999999997e+001 	2.8589479776191428e-002 	2.8469281737974165e-004 	2.8874172593571175e-002
7.6000000000000000e+001 	2.8453417523307135e-002 	2.7835859113828473e-004 	2.8731776114445419e-002
7.9200000000000003e+001 	2.8315065722872637e-002 	2.7200011300136071e-004 	2.8587065835874004e-002
8.2400000000000006e+001 	2.8172632398159619e-002 	2.6566861315597125e-004 	2.8438301011315576e-002
8.5599999999999994e+001 	2.8026198009321081e-002 	2.5941495235896873e-004 	2.8285612961680039e-002
8.8799999999999997e+001 	2.7875878071256528e-002 	2.5328656141104805e-004 	2.8129164632667573e-002
9.2000000000000000e+001 	2.7721817893614623e-002 	2.4732596034901603e-004 	2.7969143853963641e-002
9.5200000000000003e+001 	2.7564187055101989e-002 	2.4157006586918560e-004 	2.7805757120971164e-002
9.8400000000000006e+001 	2.7403174049020297e-002 	2.3604995436242711e-004 	2.7639224003382722e-002
1.0159999999999999e+002 	2.7238981336144868e-002 	2.3079091700640013e-004 	2.7469772253151264e-002
1.0480000000000001e+002 	2.7071820924879381e-002 	2.2581270985753252e-004 	2.7297633634736911e-002
1.0800000000000000e+002 	2.6901910524558613e-002 	2.2112993181846601e-004 	2.7123040456377080e-002
1.1119999999999999e+002 	2.6729470272274170e-002 	2.1675248036863323e-004 	2.6946222752642805e-002
1.1440000000000001e+002 	2.6554720004022404e-002 	2.1268604705985551e-004 	2.6767406051082257e-002
1.1759999999999999e+002 	2.6377877025422682e-002 	2.0893262443838373e-004 	2.6586809649861064e-002
1.2080000000000001e+002 	2.6199154328016692e-002 	2.0549100397106369e-004 	2.6404645331987758e-002
1.2400000000000000e+002 	2.6018759196036498e-002 	2.0235725091912439e-004 	2.6221116446955631e-002
1.2720000000000000e+002 	2.5836892148505326e-002 	1.9952514711230472e-004 	2.6036417295617620e-002
1.3039999999999998e+002 	2.5653746165974645e-002 	1.9698659641134960e-004 	2.5850732762386013e-002
1.3359999999999999e+002 	2.5469506154872524e-002 	1.9473199049299721e-004 	2.5664238145365524e-002
1.3680000000000001e+002 	2.5284348608815937e-002 	1.9275053464824614e-004 	2.5477099143464188e-002
1.4000000000000000e+002 	2.5098441429658912e-002 	1.9112179938754437e-004 	2.5289563229046449e-002
1.4640000000000001e+002 	2.4727380132644482e-002 	1.8859813438470407e-004 	2.4915978267029175e-002
1.5279999999999998e+002 	2.4350774036786225e-002 	1.8676807597510671e-004 	2.4537542112761320e-002
1.5920000000000002e+002 	2.3976163649471600e-002 	1.8569767522776107e-004 	2.4161861324699340e-002
1.6559999999999999e+002 	2.3602267288576919e-002 	1.8530700203548653e-004 	2.3787574290612401e-002
1.7200000000000000e+002 	2.3229887527486691e-002 	1.8550700842534783e-004 	2.3415394535912036e-002
1.7840000000000001e+002 	2.2859727536906110e-002 	1.8620979699821740e-004 	2.3045937333904334e-002
1.8479999999999998e+002 	2.2492397782547770e-002 	1.8733265307590720e-004 	2.2679730435623675e-002
1.9120000000000002e+002 	2.2128424427250434e-002 	1.8879962908391969e-004 	2.2317224056334354e-002
1.9759999999999999e+002 	2.1768257905355925e-002 	1.9054206938987468e-004 	2.1958799974745806e-002
2.0400000000000000e+002 	2.1412281085185402e-002 	1.9249862500550014e-004 	2.1604779710190907e-002
2.1040000000000001e+002 	2.1060816802954858e-002 	1.9461499870129120e-004 	2.1255431801656153e-002
2.1679999999999998e+002 	2.0714134704978904e-002 	1.9684354068661184e-004 	2.0910978245665523e-002
2.2320000000000002e+002 	2.0372457402878623e-002 	1.9914276383865094e-004 	2.0571600166717271e-002
2.2959999999999999e+002 	2.0035965978318328e-002 	2.0147682227916050e-004 	2.0237442800597485e-002
2.3600000000000000e+002 	1.9704804887649665e-002 	2.0381498235807707e-004 	1.9908619870007742e-002
2.4240000000000001e+002 	1.9379086321671748e-002 	2.0613110530605814e-004 	1.9585217426977809e-002
2.4879999999999998e+002 	1.9058894075931594e-002 	2.0840315389812546e-004 	1.9267297229829727e-002
2.5519999999999999e+002 	1.8744286984048664e-002 	2.1061273053106752e-004 	1.8954899714579736e-002
2.6160000000000002e+002 	1.8435301962907130e-002 	2.1274465062037199e-004 	1.8648046613527498e-002
2.6800000000000000e+002 	1.8131956713714713e-002 	2.1478655278636178e-004 	1.8346743266501070e-002
2.7439999999999998e+002 	1.7834252118757384e-002 	2.1668442515981751e-004 	1.8050936543917200e-002
2.8719999999999999e+002 	1.7259213673082221e-002 	2.2013151389153819e-004 	1.7479345186973763e-002
3.0000000000000000e+002 	1.6699221840520872e-002 	2.2319283609540584e-004 	1.6922414676616284e-002
3.1280000000000001e+002 	1.6164577112117388e-002 	2.2578547281639917e-004 	1.6390362584933788e-002
3.2560000000000002e+002 	1.5651204915595639e-002 	2.2789957031031023e-004 	1.5879104485905956e-002
3.3839999999999998e+002 	1.5158512953392584e-002 	2.2954006442925886e-004 	1.5388053017821843e-002
3.5119999999999999e+002 	1.4685848101901548e-002 	2.3072158511824260e-004 	1.4916569687019791e-002
3.6400000000000000e+002 	1.4232516214202256e-002 	2.3146523264473598e-004 	1.4463981446846994e-002
3.7680000000000001e+002 	1.3797798289420481e-002 	2.3179626818781827e-004 	1.4029594557608296e-002
3.8960000000000002e+002 	1.3380963369789911e-002 	2.3174239588417156e-004 	1.3612705765674082e-002
4.0239999999999998e+002 	1.2981278666242860e-002 	2.3133248684047836e-004 	1.3212611153083335e-002
4.1519999999999999e+002 	1.2598017402845928e-002 	2.3059564780764587e-004 	1.2828613050653567e-002
4.2800000000000000e+002 	1.2230464809299253e-002 	2.2956055730228775e-004 	1.2460025366601539e-002
4.4080000000000001e+002 	1.1877922620498207e-002 	2.2825500522555812e-004 	1.2106177625723767e-002
4.5360000000000002e+002 	1.1539712377611181e-002 	2.2670558480310021e-004 	1.1766417962414276e-002
4.6639999999999998e+002 	1.1215177770167662e-002 	2.2493749754086802e-004 	1.1440115267708526e-002
4.7919999999999999e+002 	1.0903686213559815e-002 	2.2297444162798204e-004 	1.1126660655187793e-002
4.9200000000000000e+002 	1.0604629819489286e-002 	2.2083856159764399e-004 	1.0825468381086931e-002
5.0480000000000001e+002 	1.0317425887079712e-002 	2.1855044250592353e-004 	1.0535976329585637e-002
5.1759999999999991e+002 	1.0041517018330167e-002 	2.1612913594513088e-004 	1.0257646154275300e-002
5.3039999999999998e+002 	9.7763709416714781e-003 	2.1359220827292318e-004 	9.9899631499443982e-003
5.4320000000000005e+002 	9.5214801117461268e-003 	2.1092833767678065e-004 	9.7324084494229066e-003
5.6879999999999995e+002 	9.0441271604587061e-003 	2.0537592089044885e-004 	9.2495030813491523e-003
5.9440000000000009e+002 	8.5938981451027588e-003 	1.9965643401307411e-004 	8.7935545791158354e-003
6.2000000000000000e+002 	8.1801721948827188e-003 	1.9379048654476203e-004 	8.3739626814274774e-003
6.4559999999999991e+002 	7.7959141573078440e-003 	1.8783953634216944e-004 	7.9837536936500138e-003
6.7120000000000005e+002 	7.4384963386090810e-003 	1.8185894571248201e-004 	7.6203552843215608e-003
6.9679999999999995e+002 	7.1055428288922910e-003 	1.7589550469072784e-004 	7.2814383335830218e-003
7.2240000000000009e+002 	6.7949125811102486e-003 	1.6998754802198239e-004 	6.9649001291322305e-003
7.4800000000000000e+002 	6.5046782455320954e-003 	1.6416584422801131e-004 	6.6688440897601032e-003
7.7359999999999991e+002 	6.2331048698363450e-003 	1.5845464932657239e-004 	6.3915595191629173e-003
7.9920000000000005e+002 	5.9786298840342807e-003 	1.5287272666951590e-004 	6.1315026107037962e-003
8.2479999999999995e+002 	5.7398448103522029e-003 	1.4743426634073839e-004 	5.8872790766929415e-003
8.5040000000000009e+002 	5.5154787699749422e-003 	1.4214968403544807e-004 	5.6576284540103897e-003
8.7600000000000000e+002 	5.3043837158931592e-003 	1.3702629957272825e-004 	5.4414100154658862e-003
9.0159999999999991e+002 	5.1055212662718102e-003 	1.3206890497941546e-004 	5.2375901712512253e-003
9.2720000000000005e+002 	4.9179509945877229e-003 	1.2728023618215162e-004 	5.0452312307698744e-003
9.5279999999999995e+002 	4.7408200310818894e-003 	1.2266136304000833e-004 	4.8634813941218968e-003
9.7840000000000009e+002 	4.5733538362464580e-003 	1.1821201131508374e-004 	4.6915658475615392e-003
1.0040000000000000e+003 	4.4148480167707921e-003 	1.1393082832598220e-004 	4.5287788450967762e-003
1.0296000000000001e+003 	4.2646610657075049e-003 	1.0981560209516007e-004 	4.3744766678026643e-003
1.0551999999999998e+003 	4.1222079202083992e-003 	1.0586344208290557e-004 	4.2280713622913036e-003
1.0808000000000000e+003 	3.9869542414521222e-003 	1.0207092817481330e-004 	4.0890251696269354e-003
1.1064000000000001e+003 	3.8584113320185871e-003 	9.8434233427535019e-005 	3.9568455654461227e-003
1.1320000000000000e+003 	3.7361316156758638e-003 	9.5004453326326957e-005 	3.8311360690021922e-003
1.1832000000000000e+003 	3.5104277596807211e-003 	8.8588706390106849e-005 	3.5990164660708282e-003
1.2343999999999999e+003 	3.3009697963559308e-003 	8.2611584846668977e-005 	3.3835813812025978e-003
1.2856000000000001e+003 	3.1118292992009335e-003 	7.7133697714985879e-005 	3.1889629969159184e-003
1.3368000000000000e+003 	2.9387888927079071e-003 	7.2129052819829755e-005 	3.0109179455277374e-003
1.3880000000000000e+003 	2.7800391026317453e-003 	6.7565409674231599e-005 	2.8476045123059760e-003
1.4392000000000000e+003 	2.6340154217883585e-003 	6.3409703395911059e-005 	2.6974251251842690e-003
1.4903999999999999e+003 	2.4993646820719142e-003 	5.9629761453167631e-005 	2.5589944435250819e-003
1.5416000000000001e+003 	2.3749131954543200e-003 	5.6194812523900936e-005 	2.4311080079782209e-003
1.5928000000000000e+003 	2.2596391388732648e-003 	5.3075703397221527e-005 	2.3127148422704869e-003
1.6440000000000000e+003 	2.1526493453329410e-003 	5.0245042918470512e-005 	2.2028943882514101e-003
1.6952000000000000e+003 	2.0531599913167485e-003 	4.7677281498206815e-005 	2.1008372728149550e-003
1.7463999999999999e+003 	1.9604805505941607e-003 	4.5348721907110357e-005 	2.0058292725012718e-003
1.7976000000000001e+003 	1.8740004350699430e-003 	4.3237476958548855e-005 	1.9172379120284916e-003
1.8488000000000000e+003 	1.7931778342005994e-003 	4.1323395205662369e-005 	1.8345012294062621e-003
1.9000000000000000e+003 	1.7175303537765813e-003 	3.9587970552318125e-005 	1.7571183243288995e-003
1.9512000000000000e+003 	1.6466271312892652e-003 	3.8014245052556554e-005 	1.6846413763418216e-003
2.0024000000000001e+003 	1.5800821674180831e-003 	3.6586709766048139e-005 	1.6166688771841317e-003
2.0535999999999999e+003 	1.5175486631443544e-003 	3.5291206254441753e-005 	1.5528398693987961e-003
2.1048000000000002e+003 	1.4587141918126045e-003 	3.4114830219894079e-005 	1.4928290220324986e-003
2.1560000000000000e+003 	1.4032965672413414e-003 	3.3045838275628551e-005 	1.4363424055169702e-003
2.2071999999999998e+003 	1.3510402943890290e-003 	3.2073558553029000e-005 	1.3831138529420584e-003
2.2584000000000001e+003 	1.3017135094568362e-003 	3.1215555355767902e-005 	1.3329290648126046e-003
2.3607999999999997e+003 	1.2116556509343035e-003 	2.9720671028728887e-005 	1.2413763219630326e-003
2.4632000000000003e+003 	1.1292757361266855e-003 	2.8417533565180414e-005 	1.1576932696918661e-003
2.5655999999999999e+003 	1.0559991365735042e-003 	2.7312343808342620e-005 	1.0833114803818467e-003
2.6680000000000000e+003 	9.8992538477736189e-004 	2.6371538289365351e-005 	1.0162969230667271e-003
2.7704000000000001e+003 	9.3016386076665448e-004 	2.5564563995927687e-005 	9.5572842476258197e-004
2.8727999999999997e+003 	8.7595163445350018e-004 	2.4865430993015911e-005 	9.0081706544651620e-004
2.9752000000000003e+003 	8.2663465653558450e-004 	2.4252468810397530e-005 	8.5088712534598222e-004
3.0775999999999999e+003 	7.8165045836844579e-004 	2.3707881702761432e-005 	8.0535834007120692e-004
3.1800000000000000e+003 	7.4051344761838706e-004 	2.3217282524640450e-005 	7.6373073014302721e-004
3.2824000000000001e+003 	7.0280273353315163e-004 	2.2769183662135452e-005 	7.2557191719528711e-004
3.3847999999999997e+003 	6.6815211351386799e-004 	2.2354487072774129e-005 	6.9050660058664229e-004
3.4872000000000003e+003 	6.3624182726918323e-004 	2.1966025472570484e-005 	6.5820785274175357e-004
3.5895999999999999e+003 	6.0679173719979565e-004 	2.1598177360633964e-005 	6.2838991456042959e-004
3.6920000000000000e+003 	5.7955565811244327e-004 	2.1246554507178197e-005 	6.0080221261962156e-004
3.7944000000000001e+003 	5.5431661661522493e-004 	2.0907751043619665e-005 	5.7522436765884439e-004
3.8967999999999997e+003 	5.3088286681564649e-004 	2.0579142304467815e-005 	5.5146200912011435e-004
3.9992000000000003e+003 	5.0908452511683189e-004 	2.0258723379629324e-005 	5.2934324849646097e-004
4.1016000000000004e+003 	4.8877071492526452e-004 	1.9944979438756916e-005 	5.0871569436402122e-004
4.2040000000000000e+003 	4.6980713379874187e-004 	1.9636781600489428e-005 	4.8944391539923135e-004
4.3063999999999996e+003 	4.5207397246973857e-004 	1.9333303402739621e-005 	4.7140727587247831e-004
4.4088000000000002e+003 	4.3546412844368423e-004 	1.9033953905747017e-005 	4.5449808234943121e-004
4.5111999999999998e+003 	4.1988166735143473e-004 	1.8739833251626821e-005 	4.3862150060306143e-004
4.7160000000000000e+003 	3.9167443814031017e-004 	1.8162331103070142e-005 	4.0983676924338038e-004
4.9208000000000002e+003 	3.6604260567032755e-004 	1.7594709301419128e-005 	3.8363731497174664e-004
5.1256000000000004e+003 	3.4344252251222062e-004 	1.7038971070165836e-005 	3.6048149358238640e-004
5.3303999999999996e+003 	3.2317686739244113e-004 	1.6496212377283666e-005 	3.3967307976972471e-004
5.5351999999999998e+003 	3.0491606439647136e-004 	1.5967462938018393e-005 	3.2088352733448977e-004
5.7400000000000000e+003 	2.8838539196685784e-004 	1.5453286431684194e-005 	3.0383867839854195e-004
5.9448000000000002e+003 	2.7335570528624182e-004 	1.4953961360609506e-005 	2.8830966664685121e-004
6.1496000000000004e+003 	2.5963518194049276e-004 	1.4469676512865357e-005 	2.7410485845335804e-004
6.3543999999999996e+003 	2.4706247119330691e-004 	1.4000573413409416e-005 	2.6106304460671629e-004
6.5591999999999998e+003 	2.3550114796830091e-004 	1.3546718611741199e-005 	2.4904786658004201e-004
6.7640000000000000e+003 	2.2483525671825378e-004 	1.3108078825609086e-005 	2.3794333554386289e-004
6.9688000000000002e+003 	2.1496573158323289e-004 	1.2684516567324014e-005 	2.2765024815055686e-004
7.1736000000000004e+003 	2.0580751191644249e-004 	1.2275799955950059e-005 	2.1808331187239251e-004
7.3783999999999996e+003 	1.9728720816589138e-004 	1.1881618394262894e-005 	2.0916882656015433e-004
7.5831999999999998e+003 	1.8934120418844641e-004 	1.1501599241213002e-005 	2.0084280342965938e-004
7.7880000000000000e+003 	1.8191410698950464e-004 	1.1135323352334943e-005 	1.9304943034183965e-004
7.9928000000000002e+003 	1.7495747430069645e-004 	1.0782338723975886e-005 	1.8573981302467241e-004
8.1976000000000004e+003 	1.6842876540211203e-004 	1.0442172107089140e-005 	1.7887093750920113e-004
8.4023999999999996e+003 	1.6229047216607698e-004 	1.0114338684352963e-005 	1.7240481085042990e-004
8.6072000000000007e+003 	1.5650939625396130e-004 	9.7983499558142154e-006 	1.6630774620977548e-004
8.8120000000000000e+003 	1.5105604535840271e-004 	9.4979434032230417e-006 	1.6055398876162579e-004
9.2216000000000004e+003 	1.4112822776532854e-004 	8.9295133124126937e-006 	1.5005774107774118e-004
9.6311999999999989e+003 	1.3197741633030926e-004 	8.3917637053999755e-006 	1.4036918003570921e-004
1.0040800000000001e+004 	1.2384449977644971e-004 	7.8891575454643945e-006 	1.3173365732191416e-004
1.0450400000000000e+004 	1.1648429266469701e-004 	7.4199546196964948e-006 	1.2390424728439352e-004
1.0860000000000000e+004 	1.0979681608456196e-004 	6.9816186402062619e-006 	1.1677843472476824e-004
1.1269600000000000e+004 	1.0369820937376409e-004 	6.5714901741982682e-006 	1.1026969954796236e-004
1.1679199999999999e+004 	9.8117877846465857e-005 	6.1871683656276736e-006 	1.0430504621209350e-004
1.2088800000000001e+004 	9.2996029910068036e-005 	5.8265611178137858e-006 	9.8822591027881824e-005
1.2498400000000000e+004 	8.8281681725509666e-005 	5.4878275739847717e-006 	9.3769509299494426e-005
1.2908000000000000e+004 	8.3931073203628699e-005 	5.1693262966861978e-006 	8.9100399500314880e-005
1.3317600000000000e+004 	7.9906414045580133e-005 	4.8695834617466095e-006 	8.4775997507326726e-005
1.3727200000000001e+004 	7.6174886339423642e-005 	4.5872714638378372e-006 	8.0762157803261503e-005
1.4136799999999999e+004 	7.2707845013961832e-005 	4.3211914410374778e-006 	7.7029036454999322e-005
1.4546400000000000e+004 	6.9480171276880827e-005 	4.0702576767564140e-006 	7.3550428953637258e-005
1.4956000000000000e+004 	6.6469745200699030e-005 	3.8334836051227592e-006 	7.0303228805821804e-005
1.5365600000000000e+004 	6.3657011948418577e-005 	3.6099694733405808e-006 	6.7266981421759158e-005
1.5775200000000001e+004 	6.1024622294164770e-005 	3.3988916386690422e-006 	6.4423513932833793e-005
1.6184799999999999e+004 	5.8557132637239166e-005 	3.1994933906387751e-006 	6.1756626027877916e-005
1.6594400000000001e+004 	5.6240753074057429e-005 	3.0110771056967313e-006 	5.9251830179754137e-005
1.7004000000000000e+004 	5.4063134603542255e-005 	2.8329975606773475e-006 	5.6896132164219583e-005
1.7413599999999999e+004 	5.2013188436041745e-005 	2.6646562388090286e-006 	5.4677844674850767e-005
1.7823200000000001e+004 	5.0080931816998895e-005 	2.5054964670737173e-006 	5.2586428284072623e-005
1.8232799999999999e+004 	4.8257355885850448e-005 	2.3549992723656161e-006 	5.0612355158216078e-005
1.8642399999999998e+004 	4.6534311951946817e-005 	2.2126798084353080e-006 	4.8746991760382122e-005
1.9052000000000000e+004 	4.4904413243628840e-005 	2.0780842582735293e-006 	4.6982497501902364e-005
1.9461600000000002e+004 	4.3360949720406740e-005 	1.9507871630245730e-006 	4.5311736883431315e-005
1.9871200000000001e+004 	4.1897813962730241e-005 	1.8303890864274309e-006 	4.3728203049157666e-005
2.0280799999999999e+004 	4.0509436494686046e-005 	1.7165145667246080e-006 	4.2225951061410639e-005
2.0690400000000001e+004 	3.9190729170386075e-005 	1.6088103091801031e-006 	4.0799539479566176e-005
2.1100000000000000e+004 	3.7937035478470909e-005 	1.5069435634667203e-006 	3.9443979041937644e-005
2.1509599999999999e+004 	3.6744086802403270e-005 	1.4106006771280429e-006 	3.8154687479531312e-005
2.1919200000000001e+004 	3.5607963824219606e-005 	1.3194857946576198e-006 	3.6927449618877239e-005
2.2328800000000003e+004 	3.4525062384114143e-005 	1.2333196822327849e-006 	3.5758382066346936e-005
2.2738399999999998e+004 	3.3492063211002598e-005 	1.1518386614564475e-006 	3.4643901872459052e-005
2.3148000000000000e+004 	3.2505905025395854e-005 	1.0747936295974671e-006 	3.3580698654993336e-005
2.3557600000000002e+004 	3.1563760587659310e-005 	1.0019491619386938e-006 	3.2565709749597992e-005
2.3967199999999997e+004 	3.0663015325475482e-005 	9.3308268624159210e-007 	3.1596098011717083e-005
2.4376799999999999e+004 	2.9801248224953550e-005 	8.6798371568817509e-007 	3.0669231940641729e-005
2.4786400000000001e+004 	2.8976214713225869e-005 	8.0645313702970510e-007 	2.9782667850255574e-005
2.5196000000000000e+004 	2.8185831296847940e-005 	7.4830255298854350e-007 	2.8934133849836486e-005
2.5605599999999999e+004 	2.7428161751506350e-005 	6.9179616682950704e-007 	2.8119957918335850e-005
