-1550 0
-1.5500000000000000e+003 0.0000000000000000e+000 0.0000000000000000e+000
1
1 1 1 1
1
         t, ms                         dVp, mV                         dVs, mV                         dV, mV
2.5000000000000000e-001 	1.3727670064342626e-001 	2.6537035288616357e-002 	1.6381373593204263e-001
2.9999999999999999e-001 	1.3748044546551055e-001 	2.6528373369859234e-002 	1.6400881883536991e-001
3.4999999999999998e-001 	1.3758344525194577e-001 	2.6519866242934759e-002 	1.6410331149488050e-001
4.0000000000000002e-001 	1.3766113056912663e-001 	2.6511599582638858e-002 	1.6417273015176551e-001
4.5000000000000001e-001 	1.3773030715613691e-001 	2.6503479823905142e-002 	1.6423378698004207e-001
5.0000000000000000e-001 	1.3779440275585836e-001 	2.6495481124606823e-002 	1.6428988388046517e-001
5.5000000000000004e-001 	1.3785411222943611e-001 	2.6487611224782052e-002 	1.6434172345421821e-001
5.9999999999999998e-001 	1.3790969973155962e-001 	2.6479892655570086e-002 	1.6438959238712969e-001
6.5000000000000002e-001 	1.3796142186266000e-001 	2.6472353401162187e-002 	1.6443377526382219e-001
6.9999999999999996e-001 	1.3800956668449757e-001 	2.6465022203671897e-002 	1.6447458888816952e-001
7.5000000000000000e-001 	1.3805443310635132e-001 	2.6457926007589283e-002 	1.6451235911394055e-001
8.0000000000000004e-001 	1.3809631195489419e-001 	2.6451088473785498e-002 	1.6454740042867969e-001
8.4999999999999998e-001 	1.3813547545901769e-001 	2.6444529136773812e-002 	1.6458000459579147e-001
9.0000000000000002e-001 	1.3817217281156099e-001 	2.6438263012080458e-002 	1.6461043582364132e-001
9.4999999999999996e-001 	1.3820662922613161e-001 	2.6432300537151197e-002 	1.6463892976328282e-001
1.0000000000000000e+000 	1.3823904680957830e-001 	2.6426647757857850e-002 	1.6466569456743610e-001
1.0500000000000000e+000 	1.3826960626460483e-001 	2.6421306668165008e-002 	1.6469091293276972e-001
1.1000000000000001e+000 	1.3829846891576400e-001 	2.6416275636276559e-002 	1.6471474455204063e-001
1.1499999999999999e+000 	1.3832577877621119e-001 	2.6411549887958467e-002 	1.6473732866416965e-001
1.2000000000000000e+000 	1.3835166450064879e-001 	2.6407228867759574e-002 	1.6475889336840829e-001
1.3000000000000000e+000 	1.3889334646093382e-001 	2.6399443661575730e-002 	1.6529279012250964e-001
1.3999999999999999e+000 	1.3844334292766416e-001 	2.6392480755906719e-002 	1.6483582368357078e-001
1.5000000000000000e+000 	1.3848309110192117e-001 	2.6386423982068041e-002 	1.6486951508398928e-001
1.6000000000000001e+000 	1.3851949962016225e-001 	2.6381182296403554e-002 	1.6490068191656590e-001
1.7000000000000000e+000 	1.3855300366816320e-001 	2.6376649420143238e-002 	1.6492965308830643e-001
1.8000000000000000e+000 	1.3858396645665449e-001 	2.6372717433775165e-002 	1.6495668389042967e-001
1.8999999999999999e+000 	1.3861269201891957e-001 	2.6369283048148489e-002 	1.6498197506706808e-001
2.0000000000000000e+000 	1.3863943634105425e-001 	2.6366250713313451e-002 	1.6500568705436769e-001
2.1000000000000001e+000 	1.3866441642135130e-001 	2.6363534131767598e-002 	1.6502795055311895e-001
2.2000000000000002e+000 	1.3868781747624825e-001 	2.6361056854968538e-002 	1.6504887433121679e-001
2.2999999999999998e+000 	1.3870979864646407e-001 	2.6358752291341221e-002 	1.6506855093780529e-001
2.3999999999999999e+000 	1.3873049752063052e-001 	2.6356563341765216e-002 	1.6508706086239572e-001
2.5000000000000000e+000 	1.3875003375163378e-001 	2.6354441800263511e-002 	1.6510447555189736e-001
2.6000000000000001e+000 	1.3876851196165943e-001 	2.6352347608908665e-002 	1.6512085957056818e-001
2.7000000000000002e+000 	1.3878602409120117e-001 	2.6350248040628493e-002 	1.6513627213182966e-001
2.7999999999999998e+000 	1.3880265131251887e-001 	2.6348116869456407e-002 	1.6515076818197530e-001
2.8999999999999999e+000 	1.3881846559858124e-001 	2.6345933555060944e-002 	1.6516439915364220e-001
3.0000000000000000e+000 	1.3883353101197984e-001 	2.6343682469327969e-002 	1.6517721348130787e-001
3.1000000000000001e+000 	1.3884790477760256e-001 	2.6341352180183991e-002 	1.6518925695778636e-001
3.2000000000000002e+000 	1.3886163817045349e-001 	2.6338934799814598e-002 	1.6520057297026811e-001
3.2999999999999998e+000 	1.3887477726969563e-001 	2.6336425408990474e-002 	1.6521120267868616e-001
3.3999999999999999e+000 	1.3888736359220238e-001 	2.6333787320693545e-002 	1.6522115091289594e-001
3.6000000000000001e+000 	1.3905595213568259e-001 	2.6328217249748240e-002 	1.6538416938543082e-001
3.7999999999999998e+000 	1.3893296384577281e-001 	2.6322357451244865e-002 	1.6525532129701764e-001
4.0000000000000000e+000 	1.3895326392822793e-001 	2.6316188410112757e-002 	1.6526945233834067e-001
4.2000000000000002e+000 	1.3897214692143245e-001 	2.6309735230877054e-002 	1.6528188215230946e-001
4.4000000000000004e+000 	1.3898977002627799e-001 	2.6303033533591664e-002 	1.6529280355986969e-001
4.5999999999999996e+000 	1.3900627049077841e-001 	2.6296125736099928e-002 	1.6530239622687831e-001
4.7999999999999998e+000 	1.3902176975198161e-001 	2.6289056565356583e-002 	1.6531082631733818e-001
5.0000000000000000e+000 	1.3903637690510040e-001 	2.6281870000811131e-002 	1.6531824690591151e-001
5.2000000000000002e+000 	1.3905019129939789e-001 	2.6274607703302602e-002 	1.6532479900270050e-001
5.4000000000000004e+000 	1.3906330431329994e-001 	2.6267308331108009e-002 	1.6533061264440799e-001
5.5999999999999996e+000 	1.3907580044930329e-001 	2.6260007299884910e-002 	1.6533580774918827e-001
5.7999999999999998e+000 	1.3908775791945990e-001 	2.6252736750462129e-002 	1.6534049466992187e-001
6.0000000000000000e+000 	1.3909924887835173e-001 	2.6245525620949877e-002 	1.6534477449930163e-001
6.2000000000000002e+000 	1.3911033943542436e-001 	2.6238399745701524e-002 	1.6534873918112583e-001
6.4000000000000004e+000 	1.3912108956878286e-001 	2.6231381982214155e-002 	1.6535247155099700e-001
6.5999999999999996e+000 	1.3913155300824162e-001 	2.6224492338740649e-002 	1.6535604534698228e-001
6.7999999999999998e+000 	1.3914177715460391e-001 	2.6217748085756543e-002 	1.6535952524036041e-001
7.0000000000000000e+000 	1.3915180306186711e-001 	2.6211163878400362e-002 	1.6536296694026742e-001
7.2000000000000002e+000 	1.3916166550536788e-001 	2.6204751859434595e-002 	1.6536641736480248e-001
7.4000000000000004e+000 	1.3917139313251098e-001 	2.6198521761740610e-002 	1.6536991489425162e-001
7.5999999999999996e+000 	1.3918100869416283e-001 	2.6192557465299259e-002 	1.6537356615946208e-001
8.0000000000000000e+000 	1.3927801044957497e-001 	2.6181237889341104e-002 	1.6545924833891593e-001
8.4000000000000004e+000 	1.3921861882581565e-001 	2.6170554037336459e-002 	1.6538917286315211e-001
8.8000000000000007e+000 	1.3923693830602391e-001 	2.6160610882561657e-002 	1.6539754918858551e-001
9.1999999999999993e+000 	1.3925488924109813e-001 	2.6151381666343700e-002 	1.6540627090744184e-001
9.5999999999999996e+000 	1.3927238501962777e-001 	2.6142806758240818e-002 	1.6541519177786862e-001
1.0000000000000000e+001 	1.3928930789252170e-001 	2.6134803529335934e-002 	1.6542411142185773e-001
1.0400000000000000e+001 	1.3930551862023544e-001 	2.6127271589364683e-002 	1.6543279020960006e-001
1.0800000000000001e+001 	1.3932086499630847e-001 	2.6120096214810061e-002 	1.6544096121111851e-001
1.1199999999999999e+001 	1.3933518890750288e-001 	2.6113151319121432e-002 	1.6544834022662433e-001
1.1600000000000000e+001 	1.3934833190606119e-001 	2.6106302328189845e-002 	1.6545463423425111e-001
1.2000000000000000e+001 	1.3936013940601827e-001 	2.6099408935283834e-002 	1.6545954834130211e-001
1.2400000000000000e+001 	1.3937046368686515e-001 	2.6092327647854581e-002 	1.6546279133471975e-001
1.2800000000000001e+001 	1.3937916590172791e-001 	2.6084914088262062e-002 	1.6546407998998999e-001
1.3199999999999999e+001 	1.3938611728625785e-001 	2.6077025022612450e-002 	1.6546314230887038e-001
1.3600000000000000e+001 	1.3939119974556843e-001 	2.6068520127954090e-002 	1.6545971987352251e-001
1.4000000000000000e+001 	1.3939430597266853e-001 	2.6059263499208590e-002 	1.6545356947187714e-001
1.4400000000000000e+001 	1.3939533922832004e-001 	2.6049124905748976e-002 	1.6544446413406902e-001
1.4800000000000001e+001 	1.3939421288663334e-001 	2.6037980830768838e-002 	1.6543219371740220e-001
1.5199999999999999e+001 	1.3939084983001837e-001 	2.6025715294839664e-002 	1.6541656512485803e-001
1.5600000000000000e+001 	1.3938518175729583e-001 	2.6012220484986592e-002 	1.6539740224228244e-001
1.6000000000000000e+001 	1.3937714845547811e-001 	2.5996814123988132e-002 	1.6537396257946621e-001
1.6800000000000001e+001 	1.3940724787970407e-001 	2.5961365771658799e-002 	1.6536861365136282e-001
1.7600000000000001e+001 	1.3932030122971245e-001 	2.5920663729373364e-002 	1.6524096495908586e-001
1.8399999999999999e+001 	1.3927662283740866e-001 	2.5873410913212838e-002 	1.6515003375062157e-001
1.9199999999999999e+001 	1.3922249999969749e-001 	2.5819222507133872e-002 	1.6504172250683136e-001
2.0000000000000000e+001 	1.3915779216132004e-001 	2.5757860257110046e-002 	1.6491565241843004e-001
2.0800000000000001e+001 	1.3908240392405302e-001 	2.5689219479596608e-002 	1.6477162340364954e-001
2.1600000000000001e+001 	1.3899627824981586e-001 	2.5613309954214052e-002 	1.6460958820402991e-001
2.2399999999999999e+001 	1.3889939081175368e-001 	2.5530233422590764e-002 	1.6442962423434446e-001
2.3199999999999999e+001 	1.3879174565467467e-001 	2.5440166297437106e-002 	1.6423191195211179e-001
2.4000000000000000e+001 	1.3867337197021784e-001 	2.5343347000278179e-002 	1.6401671897049605e-001
2.4800000000000001e+001 	1.3854432171271383e-001 	2.5240065229002479e-002 	1.6378438694171635e-001
2.5600000000000001e+001 	1.3840466779879765e-001 	2.5130651793716284e-002 	1.6353531959251394e-001
2.6399999999999999e+001 	1.3825450268159986e-001 	2.5015468889335875e-002 	1.6326997157093576e-001
2.7199999999999999e+001 	1.3809393714504234e-001 	2.4894901101070933e-002 	1.6298883824611327e-001
2.8000000000000000e+001 	1.3792309920749318e-001 	2.4769347394255986e-002 	1.6269244660174920e-001
2.8800000000000001e+001 	1.3774213306426553e-001 	2.4639214172104604e-002 	1.6238134723637010e-001
2.9600000000000001e+001 	1.3755119802568769e-001 	2.4504909376175270e-002 	1.6205610740186299e-001
3.0399999999999999e+001 	1.3735046742861798e-001 	2.4366837559625331e-002 	1.6171730498824333e-001
3.1199999999999999e+001 	1.3714012751627772e-001 	2.4225395842941377e-002 	1.6136552335921914e-001
3.2000000000000000e+001 	1.3692037628582626e-001 	2.4080970651650959e-002 	1.6100134693747725e-001
3.2800000000000004e+001 	1.3669142231531789e-001 	2.3933935142816026e-002 	1.6062535745813389e-001
3.3600000000000001e+001 	1.3645348357934359e-001 	2.3784647239366949e-002 	1.6023813081871049e-001
3.4399999999999999e+001 	1.3620678626656632e-001 	2.3632960211710616e-002 	1.5983974647827698e-001
3.6000000000000000e+001 	1.3570923633334558e-001 	2.3325551380913429e-002 	1.5903478771425902e-001
3.7600000000000001e+001 	1.3513793028281915e-001 	2.3015503017831763e-002 	1.5815343330065088e-001
3.9199999999999996e+001 	1.3455735067026769e-001 	2.2703613060833364e-002 	1.5726096373110113e-001
4.0800000000000004e+001 	1.3394862160078386e-001 	2.2391463763929288e-002 	1.5634008536471311e-001
4.2399999999999999e+001 	1.3331374193078052e-001 	2.2080512004643980e-002 	1.5539425393542458e-001
4.4000000000000000e+001 	1.3265469665329424e-001 	2.1772020481985926e-002 	1.5442671713528017e-001
4.5600000000000001e+001 	1.3197343492776836e-001 	2.1467043012075287e-002 	1.5344047793984350e-001
4.7199999999999996e+001 	1.3127185357806503e-001 	2.1166437127629039e-002 	1.5243829070569406e-001
4.8800000000000004e+001 	1.3055178457496674e-001 	2.0870886055693240e-002 	1.5142267063065998e-001
5.0399999999999999e+001 	1.2981498578209086e-001 	2.0580921208808514e-002 	1.5039590699089939e-001
5.2000000000000000e+001 	1.2906313446541209e-001 	2.0296942939207932e-002 	1.4936007740462001e-001
5.3600000000000001e+001 	1.2829782314451810e-001 	2.0019239490906768e-002 	1.4831706263542488e-001
5.5199999999999996e+001 	1.2752055739918047e-001 	1.9748004233223149e-002 	1.4726856163240359e-001
5.6800000000000004e+001 	1.2673275527805203e-001 	1.9483351122031024e-002 	1.4621610640008303e-001
5.8399999999999999e+001 	1.2593574799397117e-001 	1.9225328349860498e-002 	1.4516107634383157e-001
6.0000000000000000e+001 	1.2513078162620250e-001 	1.8973930226064403e-002 	1.4410471185226681e-001
6.1600000000000001e+001 	1.2431901959040564e-001 	1.8729107405709502e-002 	1.4304812699611516e-001
6.3200000000000003e+001 	1.2350154567163082e-001 	1.8490775621340223e-002 	1.4199232129297107e-001
6.4799999999999997e+001 	1.2267936745150304e-001 	1.8258823080595291e-002 	1.4093819053209830e-001
6.6400000000000006e+001 	1.2185341998980832e-001 	1.8033116695893830e-002 	1.3988653668570214e-001
6.8000000000000000e+001 	1.2102456964864844e-001 	1.7813507296062386e-002 	1.3883807694471079e-001
6.9599999999999994e+001 	1.2019361796906609e-001 	1.7602000473624580e-002 	1.3779561844269067e-001
7.2799999999999997e+001 	1.1853768145815664e-001 	1.7196369451077574e-002 	1.3573405090923421e-001
7.6000000000000000e+001 	1.1686449093900857e-001 	1.6807925316545329e-002 	1.3367241625555387e-001
7.9200000000000003e+001 	1.1520385689637601e-001 	1.6439089488143013e-002 	1.3164294638451909e-001
8.2400000000000006e+001 	1.1355097989930539e-001 	1.6088924821174671e-002 	1.2963990472048009e-001
8.5599999999999994e+001 	1.1190904807020588e-001 	1.5756260431155671e-002 	1.2766530850136160e-001
8.8799999999999997e+001 	1.1028074754606761e-001 	1.5439894877895186e-002 	1.2572064242396280e-001
9.2000000000000000e+001 	1.0866831984771422e-001 	1.5138667820280118e-002 	1.2380698766799426e-001
9.5200000000000003e+001 	1.0707362032879135e-001 	1.4851485197801379e-002 	1.2192510552659272e-001
9.8400000000000006e+001 	1.0549817170240139e-001 	1.4577327605930113e-002 	1.2007549930833153e-001
1.0159999999999999e+002 	1.0394321117030141e-001 	1.4315251779059150e-002 	1.1825846294936057e-001
1.0480000000000001e+002 	1.0240973124602684e-001 	1.4064388706340698e-002 	1.1647411995236755e-001
1.0800000000000000e+002 	1.0089851486519293e-001 	1.3823939972966447e-002 	1.1472245483815934e-001
1.1119999999999999e+002 	9.9410165493136415e-002 	1.3593173226297817e-002 	1.1300333871943423e-001
1.1440000000000001e+002 	9.7945132919026387e-002 	1.3371417316909807e-002 	1.1131655023593616e-001
1.1759999999999999e+002 	9.6503735359256937e-002 	1.3158057438537773e-002 	1.0966179279779475e-001
1.2080000000000001e+002 	9.5086178413833655e-002 	1.2952530440714710e-002 	1.0803870885454842e-001
1.2400000000000000e+002 	9.3692571343849979e-002 	1.2754320408647834e-002 	1.0644689175249777e-001
1.2720000000000000e+002 	9.2322941068744072e-002 	1.2562954544763775e-002 	1.0488589561350783e-001
1.3039999999999998e+002 	9.0977244221183015e-002 	1.2377999357267492e-002 	1.0335524357845054e-001
1.3359999999999999e+002 	8.9655377545449264e-002 	1.2199057155632862e-002 	1.0185443470108217e-001
1.3680000000000001e+002 	8.8357186880656455e-002 	1.2025762844474796e-002 	1.0038294972513125e-001
1.4000000000000000e+002 	8.7082474932293930e-002 	1.1859614113024584e-002 	9.8942089045318538e-002
1.4640000000000001e+002 	8.4615743930781556e-002 	1.1542070743068563e-002 	9.6157814673850150e-002
1.5279999999999998e+002 	8.2212322268084337e-002 	1.1238506180351753e-002 	9.3450828448436080e-002
1.5920000000000002e+002 	7.9910574012693761e-002 	1.0950474403893086e-002 	9.0861048416586931e-002
1.6559999999999999e+002 	7.7694185449720357e-002 	1.0676793853190380e-002 	8.8370979302910796e-002
1.7200000000000000e+002 	7.5560289943100448e-002 	1.0416236815586075e-002 	8.5976526758686528e-002
1.7840000000000001e+002 	7.3505933419429556e-002 	1.0167661862732873e-002 	8.3673595282162436e-002
1.8479999999999998e+002 	7.1528127707346248e-002 	9.9300454942488799e-003 	8.1458173201595124e-002
1.9120000000000002e+002 	6.9623890718328266e-002 	9.7024844769096931e-003 	7.9326375195237955e-002
1.9759999999999999e+002 	6.7790276413899286e-002 	9.4841864072514048e-003 	7.7274462821150691e-002
2.0400000000000000e+002 	6.6024396808759434e-002 	9.2744557417523167e-003 	7.5298852550511747e-002
2.1040000000000001e+002 	6.4323437784825771e-002 	9.0726796218465137e-003 	7.3396117406672304e-002
2.1679999999999998e+002 	6.2684670114994831e-002 	8.8783153355758756e-003 	7.1562985450570701e-002
2.2320000000000002e+002 	6.1105456792816398e-002 	8.6908797791821150e-003 	6.9796336571998505e-002
2.2959999999999999e+002 	5.9583257523789679e-002 	8.5099407336587402e-003 	6.8093198257448403e-002
2.3600000000000000e+002 	5.8115631044908141e-002 	8.3351096512592916e-003 	6.6450740696167451e-002
2.4240000000000001e+002 	5.6700235792130606e-002 	8.1660356601119428e-003 	6.4866271452242566e-002
2.4879999999999998e+002 	5.5334829321085674e-002 	8.0024005531822151e-003 	6.3337229874267903e-002
2.5519999999999999e+002 	5.4017266797227244e-002 	7.8439145796060910e-003 	6.1861181376833330e-002
2.6160000000000002e+002 	5.2745498802415310e-002 	7.6903128929985826e-003 	6.0435811695413885e-002
2.6800000000000000e+002 	5.1517568650668290e-002 	7.5413525408510908e-003 	5.9058921191519377e-002
2.7439999999999998e+002 	5.0331609363137547e-002 	7.3983933015523331e-003 	5.7730002664689875e-002
2.8719999999999999e+002 	4.8093924884142311e-002 	7.1250463478023992e-003 	5.5218971231944698e-002
3.0000000000000000e+002 	4.5968443707500507e-002 	6.8637776285835582e-003 	5.2832221336084083e-002
3.1280000000000001e+002 	4.3996226627926058e-002 	6.6161505997237831e-003 	5.0612377227649850e-002
3.2560000000000002e+002 	4.2148969185606754e-002 	6.3814187816965354e-003 	4.8530387967303287e-002
3.3839999999999998e+002 	4.0416747224916984e-002 	6.1587252720074542e-003 	4.6575472496924453e-002
3.5119999999999999e+002 	3.8790504487967961e-002 	5.9472188087155414e-003 	4.4737723296683504e-002
3.6400000000000000e+002 	3.7261997431092819e-002 	5.7461064661274925e-003 	4.3008103897220304e-002
3.7680000000000001e+002 	3.5823725609123044e-002 	5.5546685566578583e-003 	4.1378394165780888e-002
3.8960000000000002e+002 	3.4468861869021122e-002 	5.3722552874719510e-003 	3.9841117156493071e-002
4.0239999999999998e+002 	3.3191186991864345e-002 	5.1982785062420506e-003 	3.8389465498106380e-002
4.1519999999999999e+002 	3.1985030050207724e-002 	5.0322035983585735e-003 	3.7017233648566288e-002
4.2800000000000000e+002 	3.0845214560177060e-002 	4.8735426126621656e-003 	3.5718757172839226e-002
4.4080000000000001e+002 	2.9767010096897511e-002 	4.7218485743573263e-003 	3.4488858671254834e-002
4.5360000000000002e+002 	2.8746088913982368e-002 	4.5767107536198517e-003 	3.3322799667602217e-002
4.6639999999999998e+002 	2.7778487085590938e-002 	4.4377506785947592e-003 	3.2216237764185696e-002
4.7919999999999999e+002 	2.6860569708061034e-002 	4.3046187472740652e-003 	3.1165188455335110e-002
4.9200000000000000e+002 	2.5988999731513918e-002 	4.1769913209795360e-003 	3.0165991052493450e-002
5.0480000000000001e+002 	2.5160710030292827e-002 	4.0545682030361492e-003 	2.9215278233328978e-002
5.1759999999999991e+002 	2.4372878359664351e-002 	3.9370704358116576e-003 	2.8309948795476013e-002
5.3039999999999998e+002 	2.3622904883111310e-002 	3.8242383691043259e-003 	2.7447143252215641e-002
5.4320000000000005e+002 	2.2908391988746307e-002 	3.7174182352952465e-003 	2.6625810224041539e-002
5.6879999999999995e+002 	2.1587500325634657e-002 	3.5162421835720904e-003 	2.5103742509206738e-002
5.9440000000000009e+002 	2.0357881381148680e-002 	3.3268693980458260e-003 	2.3684750779194508e-002
6.2000000000000000e+002 	1.9245546609020354e-002 	3.1507634716260273e-003 	2.2396310080646381e-002
6.4559999999999991e+002 	1.8225976877999903e-002 	2.9870549578961320e-003 	2.1213031835896037e-002
6.7120000000000005e+002 	1.7289029880338320e-002 	2.8347495973747748e-003 	2.0123779477713089e-002
6.9679999999999995e+002 	1.6425862021648793e-002 	2.6928745365167447e-003 	1.9118736558165539e-002
7.2240000000000009e+002 	1.5628765643268663e-002 	2.5605343233847228e-003 	1.8189299966653381e-002
7.4800000000000000e+002 	1.4891010273518458e-002 	2.4369219216328858e-003 	1.7327932195151351e-002
7.7359999999999991e+002 	1.4206702332199532e-002 	2.3213136893265930e-003 	1.6528016021526121e-002
7.9920000000000005e+002 	1.3570665252636024e-002 	2.2130604023442133e-003 	1.5783725654980232e-002
8.2479999999999995e+002 	1.2978338189466317e-002 	2.1115782360532852e-003 	1.5089916425519597e-002
8.5040000000000009e+002 	1.2425690631015680e-002 	2.0163407529270099e-003 	1.4442031383942688e-002
8.7600000000000000e+002 	1.1909150328653884e-002 	1.9268720166319877e-003 	1.3836022345285876e-002
9.0159999999999991e+002 	1.1425542302148902e-002 	1.8427407017292418e-003 	1.3268283003878148e-002
9.2720000000000005e+002 	1.0972037052107976e-002 	1.7635550318747181e-003 	1.2735592083982686e-002
9.5279999999999995e+002 	1.0546106441363664e-002 	1.6889584080243139e-003 	1.2235064849387977e-002
9.7840000000000009e+002 	1.0145485983419533e-002 	1.6186256045991844e-003 	1.1764111588018713e-002
1.0040000000000000e+003 	9.7681425020057153e-003 	1.5522594451875468e-003 	1.1320401947193266e-002
1.0296000000000001e+003 	9.4122463088583946e-003 	1.4895878972333932e-003 	1.0901834206091790e-002
1.0551999999999998e+003 	9.0761471954911230e-003 	1.4303615182799248e-003 	1.0506508713771047e-002
1.0808000000000000e+003 	8.7583536551644834e-003 	1.3743511980671343e-003 	1.0132704853231615e-002
1.1064000000000001e+003 	8.4575148496338574e-003 	1.3213461691742819e-003 	9.7788610188081389e-003
1.1320000000000000e+003 	8.1724049154311487e-003 	1.2721439402455246e-003 	9.4445488556766724e-003
1.1832000000000000e+003 	7.6488865462271049e-003 	1.1814582098716112e-003 	8.8303447560987187e-003
1.2343999999999999e+003 	7.1658783152629786e-003 	1.0978920545672676e-003 	8.2637703698302482e-003
1.2856000000000001e+003 	6.7325246559175982e-003 	1.0222201543489775e-003 	7.7547448102665726e-003
1.3368000000000000e+003 	6.3382725265610992e-003 	9.5375854324628029e-004 	7.2920310698073787e-003
1.3880000000000000e+003 	5.9784429410207939e-003 	8.9176592213640064e-004 	6.8702088631571951e-003
1.4392000000000000e+003 	5.6490346071260775e-003 	8.3554033762540101e-004 	6.4845749447514792e-003
1.4903999999999999e+003 	5.3466222225025152e-003 	7.8445133270421739e-004 	6.1310735552067355e-003
1.5416000000000001e+003 	5.0682630218378856e-003 	7.3794325980293667e-004 	5.8062062816408213e-003
1.5928000000000000e+003 	4.8114174463920719e-003 	6.9552858657213694e-004 	5.5069460329642099e-003
1.6440000000000000e+003 	4.5738836167067099e-003 	6.5677908823667873e-004 	5.2306627049433872e-003
1.6952000000000000e+003 	4.3537436355528293e-003 	6.2131762396148234e-004 	4.9750612595143113e-003
1.7463999999999999e+003 	4.1493195850514086e-003 	5.8881110626302004e-004 	4.7381306913144277e-003
1.7976000000000001e+003 	3.9591373483480498e-003 	5.5896460104577664e-004 	4.5181019493938258e-003
1.8488000000000000e+003 	3.7818967273703236e-003 	5.3151636243484797e-004 	4.3134130898051714e-003
1.9000000000000000e+003 	3.6164466371021910e-003 	5.0623362713578647e-004 	4.1226802642379779e-003
1.9512000000000000e+003 	3.4617644099996579e-003 	4.8290902599074700e-004 	3.9446734359904062e-003
2.0024000000000001e+003 	3.3169384445683558e-003 	4.6135749821203691e-004 	3.7782959427803920e-003
2.0535999999999999e+003 	3.1811535887929475e-003 	4.4141363083006476e-004 	3.6225672196230118e-003
2.1048000000000002e+003 	3.0536787714416417e-003 	4.2292935586494559e-004 	3.4766081273065875e-003
2.1560000000000000e+003 	2.9338564900199980e-003 	4.0577194546406959e-004 	3.3396284354840679e-003
2.2071999999999998e+003 	2.8210938394312478e-003 	3.8982226348392658e-004 	3.2109161029151758e-003
2.2584000000000001e+003 	2.7148548249324952e-003 	3.7535319904306733e-004 	3.0902080239755634e-003
2.3607999999999997e+003 	2.5213894620966571e-003 	3.4929368837498498e-004 	2.8706831504716423e-003
2.4632000000000003e+003 	2.3449759253017077e-003 	3.2574762585323386e-004 	2.6707235511549410e-003
2.5655999999999999e+003 	2.1885696014998486e-003 	3.0493669316694898e-004 	2.4935062946667970e-003
2.6680000000000000e+003 	2.0479516247575978e-003 	2.8653110392013912e-004 	2.3344827286777363e-003
2.7704000000000001e+003 	1.9211148346053506e-003 	2.7019148586726935e-004 	2.1913063204726199e-003
2.8727999999999997e+003 	1.8063485961008583e-003 	2.5561304315409100e-004 	2.0619616392549491e-003
2.9752000000000003e+003 	1.7021935030583091e-003 	2.4253716917035632e-004 	1.9447306722286655e-003
3.0775999999999999e+003 	1.6074001925860122e-003 	2.3074846231112804e-004 	1.8381486548971397e-003
3.1800000000000000e+003 	1.5208946220322821e-003 	2.2006786599794168e-004 	1.7409624880302239e-003
3.2824000000000001e+003 	1.4417495188971904e-003 	2.1034600570063583e-004 	1.6520955245978267e-003
3.3847999999999997e+003 	1.3691610485335164e-003 	2.0145767940013632e-004 	1.5706187279336523e-003
3.4872000000000003e+003 	1.3024297148033998e-003 	1.9329746461663522e-004 	1.4957271794200347e-003
3.5895999999999999e+003 	1.2409446524131052e-003 	1.8577621089297967e-004 	1.4267208633060844e-003
3.6920000000000000e+003 	1.1841706349757623e-003 	1.7881821787806544e-004 	1.3629888528538282e-003
3.7944000000000001e+003 	1.1316372666662336e-003 	1.7235895070290754e-004 	1.3039962173691415e-003
3.8967999999999997e+003 	1.0829299402508219e-003 	1.6634317604004043e-004 	1.2492731162908623e-003
3.9992000000000003e+003 	1.0376822333522308e-003 	1.6072343585978239e-004 	1.1984056692120131e-003
4.1016000000000004e+003 	9.9556948334193784e-004 	1.5545879523841511e-004 	1.1510282785803527e-003
4.2040000000000000e+003 	9.5630333401357855e-004 	1.5051381070325874e-004 	1.1068171447168370e-003
4.3063999999999996e+003 	9.1962708805335845e-004 	1.4585767659744658e-004 	1.0654847646508051e-003
4.4088000000000002e+003 	8.8531173119528754e-004 	1.4146351722216628e-004 	1.0267752484174539e-003
4.5111999999999998e+003 	8.5315251898738359e-004 	1.3739812001708481e-004 	9.9055063900446846e-004
4.7160000000000000e+003 	7.9502242825414638e-004 	1.2988975845065135e-004 	9.2491218670479785e-004
4.9208000000000002e+003 	7.4228459848132565e-004 	1.2291206715154477e-004 	8.6519666563287048e-004
5.1256000000000004e+003 	6.9586893598412363e-004 	1.1654336624128120e-004 	8.1241230222540495e-004
5.3303999999999996e+003 	6.5431241926378080e-004 	1.1072478249635453e-004 	7.6503720176013550e-004
5.5351999999999998e+003 	6.1692029453684779e-004 	1.0538748373406731e-004 	7.2230777827091489e-004
5.7400000000000000e+003 	5.8311488696091663e-004 	1.0046972242389779e-004 	6.8358460938481463e-004
5.9448000000000002e+003 	5.5241550419610826e-004 	9.5920335981270423e-005 	6.4833584017737862e-004
6.1496000000000004e+003 	5.2442064560776034e-004 	9.1697218439434225e-005 	6.1611786404719459e-004
6.3543999999999996e+003 	4.9879329276317740e-004 	8.7765225834521057e-005 	5.8655851859769814e-004
6.5591999999999998e+003 	4.7524904109521113e-004 	8.4094579551619774e-005 	5.5934362064683071e-004
6.7640000000000000e+003 	4.5354659309420925e-004 	8.0659747240140385e-005 	5.3420634033434975e-004
6.9688000000000002e+003 	4.3348014262031408e-004 	7.7438634903291616e-005 	5.1091877752360590e-004
7.1736000000000004e+003 	4.1487325459546272e-004 	7.4411978034927869e-005 	4.8928523263039032e-004
7.3783999999999996e+003 	3.9757392443187412e-004 	7.1562867121787978e-005 	4.6913679155366212e-004
7.5831999999999998e+003 	3.8145057023217786e-004 	6.8876371875708811e-005 	4.5032694210788668e-004
7.7880000000000000e+003 	3.6638876551379535e-004 	6.6339240063088809e-005 	4.3272800557688412e-004
7.9928000000000002e+003 	3.5228856265094035e-004 	6.3939653499855479e-005 	4.1622821615079582e-004
8.1976000000000004e+003 	3.3906228986276839e-004 	6.1667028728805038e-005 	4.0072931859157343e-004
8.4023999999999996e+003 	3.2663272966929768e-004 	5.9511852286766268e-005 	3.8614458195606385e-004
8.6072000000000007e+003 	3.1493160608712570e-004 	5.7465543804714048e-005 	3.7239714989183967e-004
8.8120000000000000e+003 	3.0389832283685120e-004 	5.5560942429622680e-005 	3.5945926526647384e-004
9.2216000000000004e+003 	2.8382436953355443e-004 	5.2021477610123335e-005 	3.3584584714367789e-004
9.6311999999999989e+003 	2.6533086712006513e-004 	4.8718478540515282e-005 	3.1404934566058035e-004
1.0040800000000001e+004 	2.4890638081920811e-004 	4.5697264145636394e-005 	2.9460364496484444e-004
1.0450400000000000e+004 	2.3405077201546707e-004 	4.2933415423214800e-005 	2.7698418743868190e-004
1.0860000000000000e+004 	2.2055985006141704e-004 	4.0397089096597321e-005 	2.6095693915801434e-004
1.1269600000000000e+004 	2.0826254338978615e-004 	3.8061998862844617e-005 	2.4632454225263079e-004
1.1679199999999999e+004 	1.9701499963244713e-004 	3.5906140642996237e-005 	2.3292114027544334e-004
1.2088800000000001e+004 	1.8669550243793936e-004 	3.3910850598460704e-005 	2.2060635303640004e-004
1.2498400000000000e+004 	1.7720036025795750e-004 	3.2060051293131948e-005 	2.0926041155108942e-004
1.2908000000000000e+004 	1.6844064754901198e-004 	3.0339772632359386e-005 	1.9878042018137132e-004
1.3317600000000000e+004 	1.6033962852920035e-004 	2.8737812638350884e-005 	1.8907744116755128e-004
1.3727200000000001e+004 	1.5283071062928771e-004 	2.7243468205712536e-005 	1.8007417883500026e-004
1.4136799999999999e+004 	1.4585580584598133e-004 	2.5847311998243998e-005 	1.7170311784422534e-004
1.4546400000000000e+004 	1.3936400706346258e-004 	2.4541005502303546e-005 	1.6390501256576613e-004
1.4956000000000000e+004 	1.3331050937696014e-004 	2.3317142766011890e-005 	1.5662765214297209e-004
1.5365600000000000e+004 	1.2765572374752237e-004 	2.2169119139222695e-005 	1.4982484288674503e-004
1.5775200000000001e+004 	1.2236454309348080e-004 	2.1091021411554057e-005 	1.4345556450503485e-004
1.6184799999999999e+004 	1.1740573033030249e-004 	2.0077536094132964e-005 	1.3748326642443548e-004
1.6594400000000001e+004 	1.1275140482803129e-004 	1.9123871846259880e-005 	1.3187527667429119e-004
1.7004000000000000e+004 	1.0837660894224826e-004 	1.8225693844708802e-005 	1.2660230278695707e-004
1.7413599999999999e+004 	1.0425894018101924e-004 	1.7379068074692917e-005 	1.2163800825571216e-004
1.7823200000000001e+004 	1.0037823754090847e-004 	1.6580413775110855e-005 	1.1695865131601935e-004
1.8232799999999999e+004 	9.6716312828331870e-005 	1.5826463072906186e-005 	1.1254277590123802e-004
1.8642399999999998e+004 	9.3256719554085318e-005 	1.5114226269369182e-005 	1.0837094582345454e-004
1.9052000000000000e+004 	8.9984553375292134e-005 	1.4440961352787865e-005 	1.0442551472807996e-004
1.9461600000000002e+004 	8.6886279154679930e-005 	1.3804147955852026e-005 	1.0069042711053199e-004
1.9871200000000001e+004 	8.3949580578543092e-005 	1.3201465073986347e-005 	9.7151045652529437e-005
2.0280799999999999e+004 	8.1163228973620035e-005 	1.2630771014407910e-005 	9.3793999988027931e-005
2.0690400000000001e+004 	7.8516968527564144e-005 	1.2090086126954248e-005 	9.0607054654518401e-005
2.1100000000000000e+004 	7.6001415575665480e-005 	1.1577577554617475e-005 	8.7578993130282961e-005
2.1509599999999999e+004 	7.3607969991142545e-005 	1.1091545645461715e-005 	8.4699515636604280e-005
2.1919200000000001e+004 	7.1328737023927869e-005 	1.0630412457202608e-005 	8.1959149481130482e-005
2.2328800000000003e+004 	6.9156458186631363e-005 	1.0192710756479024e-005 	7.9349168943110399e-005
2.2738399999999998e+004 	6.7084449997484747e-005 	9.7770743748390102e-006 	7.6861524372323755e-005
2.3148000000000000e+004 	6.5106549564856482e-005 	9.3822301092104940e-006 	7.4488779674066963e-005
2.3557600000000002e+004 	6.3217066145551087e-005 	9.0069900883555700e-006 	7.2224056233906683e-005
2.3967199999999997e+004 	6.1410737931735110e-005 	8.6502448557359916e-006 	7.0060982787471118e-005
2.4376799999999999e+004 	5.9682693425653102e-005 	8.3109572002510431e-006 	6.7993650625904130e-005
2.4786400000000001e+004 	5.8028416848920603e-005 	7.9881566142662999e-006 	6.6016573463186930e-005
2.5196000000000000e+004 	5.6443717107925560e-005 	7.6809342348772973e-006 	6.4124651342802865e-005
2.5605599999999999e+004 	5.4924699900086853e-005 	7.3812811455654898e-006 	6.2305981045652356e-005
-1850 0
-1.8500000000000000e+003 0.0000000000000000e+000 0.0000000000000000e+000
1
1 1 1 1
1
         t, ms                         dVp, mV                         dVs, mV                         dV, mV
2.5000000000000000e-001 	1.1004494949573713e-001 	1.8940460444995057e-002 	1.2898540994073221e-001
2.9999999999999999e-001 	1.1020298178002146e-001 	1.8929326130893633e-002 	1.2913230791091510e-001
3.4999999999999998e-001 	1.1028287382575930e-001 	1.8918469304984298e-002 	1.2920134313074355e-001
4.0000000000000002e-001 	1.1034313081151069e-001 	1.8908084617525366e-002 	1.2925121542903603e-001
4.5000000000000001e-001 	1.1039678770069522e-001 	1.8898051591216124e-002 	1.2929483929191135e-001
5.0000000000000000e-001 	1.1044650325156975e-001 	1.8888319490870002e-002 	1.2933482274243971e-001
5.5000000000000004e-001 	1.1049281651768005e-001 	1.8878874229202456e-002 	1.2937169074688251e-001
5.9999999999999998e-001 	1.1053593245854258e-001 	1.8869719521007643e-002 	1.2940565197955020e-001
6.5000000000000002e-001 	1.1057605015312859e-001 	1.8860867209025051e-002 	1.2943691736215365e-001
6.9999999999999996e-001 	1.1061339306813822e-001 	1.8852332180370690e-002 	1.2946572524850888e-001
7.5000000000000000e-001 	1.1064819307219424e-001 	1.8844129444004105e-002 	1.2949232251619833e-001
8.0000000000000004e-001 	1.1068067575812005e-001 	1.8836272322677178e-002 	1.2951694808079714e-001
8.4999999999999998e-001 	1.1071105228948169e-001 	1.8828771340857232e-002 	1.2953982363033886e-001
9.0000000000000002e-001 	1.1073951595775480e-001 	1.8821633613275709e-002 	1.2956114957103051e-001
9.4999999999999996e-001 	1.1076624145445153e-001 	1.8814862608766317e-002 	1.2958110406321791e-001
1.0000000000000000e+000 	1.1079138554460714e-001 	1.8808458195845933e-002 	1.2959984374045314e-001
1.0500000000000000e+000 	1.1081508839247610e-001 	1.8802416868959119e-002 	1.2961750526143531e-001
1.1000000000000001e+000 	1.1083747513012332e-001 	1.8796732082435236e-002 	1.2963420721255856e-001
1.1499999999999999e+000 	1.1085865746111775e-001 	1.8791394659377802e-002 	1.2965005212049555e-001
1.2000000000000000e+000 	1.1087873517750464e-001 	1.8786512221301930e-002 	1.2966524739880661e-001
1.3000000000000000e+000 	1.1129886981116771e-001 	1.8777702589970753e-002 	1.3007657240113851e-001
1.3999999999999999e+000 	1.1094984351390290e-001 	1.8769802502723372e-002 	1.2971964601662631e-001
1.5000000000000000e+000 	1.1098067325202776e-001 	1.8762900722286105e-002 	1.2974357397431388e-001
1.6000000000000001e+000 	1.1100891263652593e-001 	1.8756893145806454e-002 	1.2976580578233238e-001
1.7000000000000000e+000 	1.1103489921498699e-001 	1.8751661245610018e-002 	1.2978656046059697e-001
1.8000000000000000e+000 	1.1105891470832144e-001 	1.8747086655921084e-002 	1.2980600136424250e-001
1.8999999999999999e+000 	1.1108119493607159e-001 	1.8743057529064223e-002 	1.2982425246513588e-001
2.0000000000000000e+000 	1.1110193845043451e-001 	1.8739471447424615e-002 	1.2984140989785908e-001
2.1000000000000001e+000 	1.1112131356382693e-001 	1.8736236674239300e-002 	1.2985755023806622e-001
2.2000000000000002e+000 	1.1113946393601984e-001 	1.8733272494053443e-002 	1.2987273643007322e-001
2.2999999999999998e+000 	1.1115651300233909e-001 	1.8730508993304383e-002 	1.2988702199564350e-001
2.3999999999999999e+000 	1.1117256748169520e-001 	1.8727886500829169e-002 	1.2990045398252437e-001
2.5000000000000000e+000 	1.1118772017991493e-001 	1.8725354825933821e-002 	1.2991307500584870e-001
2.6000000000000001e+000 	1.1120205224674826e-001 	1.8722872379197428e-002 	1.2992492462594565e-001
2.7000000000000002e+000 	1.1121563499336481e-001 	1.8720405246188059e-002 	1.2993604023955291e-001
2.7999999999999998e+000 	1.1122853138016220e-001 	1.8717926271587630e-002 	1.2994645765174978e-001
2.8999999999999999e+000 	1.1124079723090541e-001 	1.8715414175408722e-002 	1.2995621140631414e-001
3.0000000000000000e+000 	1.1125248223571677e-001 	1.8712852726455478e-002 	1.2996533496217227e-001
3.1000000000000001e+000 	1.1126363077898382e-001 	1.8710229985817381e-002 	1.2997386076480116e-001
3.2000000000000002e+000 	1.1127428263145013e-001 	1.8707537625150625e-002 	1.2998182025660074e-001
3.2999999999999998e+000 	1.1128447353349223e-001 	1.8704770328714725e-002 	1.2998924386220695e-001
3.3999999999999999e+000 	1.1129423568695222e-001 	1.8701897229898963e-002 	1.2999613291685119e-001
3.6000000000000001e+000 	1.1142499472016630e-001 	1.8695907003556514e-002 	1.3012090172372284e-001
3.7999999999999998e+000 	1.1132960392534244e-001 	1.8689677275399937e-002 	1.3001928120074241e-001
4.0000000000000000e+000 	1.1134534894927763e-001 	1.8683196361729500e-002 	1.3002854531100710e-001
4.2000000000000002e+000 	1.1135999484962086e-001 	1.8676487827978122e-002 	1.3003648267759901e-001
4.4000000000000004e+000 	1.1137366355982525e-001 	1.8669584927792412e-002 	1.3004324848761767e-001
4.5999999999999996e+000 	1.1138646153590591e-001 	1.8662527380535129e-002 	1.3004898891644107e-001
4.7999999999999998e+000 	1.1139848296572351e-001 	1.8655357080369507e-002 	1.3005384004609302e-001
5.0000000000000000e+000 	1.1140981245702526e-001 	1.8648115127145214e-002 	1.3005792758417045e-001
5.2000000000000002e+000 	1.1142052704620771e-001 	1.8640840298556564e-002 	1.3006136734476426e-001
5.4000000000000004e+000 	1.1143069756834240e-001 	1.8633568390850386e-002 	1.3006426595919277e-001
5.5999999999999996e+000 	1.1144038950161114e-001 	1.8626331995568558e-002 	1.3006672149717979e-001
5.7999999999999998e+000 	1.1144966341390088e-001 	1.8619160481465859e-002 	1.3006882389536681e-001
6.0000000000000000e+000 	1.1145857513555417e-001 	1.8612080078531216e-002 	1.3007065521408542e-001
6.2000000000000002e+000 	1.1146717576344949e-001 	1.8605113986598851e-002 	1.3007228975004836e-001
6.4000000000000004e+000 	1.1147551158567762e-001 	1.8598282510250513e-002 	1.3007379409592815e-001
6.5999999999999996e+000 	1.1148362398570316e-001 	1.8591603192793075e-002 	1.3007522717849621e-001
6.7999999999999998e+000 	1.1149154937265128e-001 	1.8585090931846647e-002 	1.3007664030449795e-001
7.0000000000000000e+000 	1.1149931916525799e-001 	1.8578758104105648e-002 	1.3007807726936368e-001
7.2000000000000002e+000 	1.1150695983847292e-001 	1.8572614669974157e-002 	1.3007957450844709e-001
7.4000000000000004e+000 	1.1151449303895078e-001 	1.8566668275372174e-002 	1.3008116131432301e-001
7.5999999999999996e+000 	1.1152193576389439e-001 	1.8561004407273343e-002 	1.3008294017116770e-001
8.0000000000000000e+000 	1.1159712403262599e-001 	1.8550315107317739e-002 	1.3014743913994370e-001
8.4000000000000004e+000 	1.1155099143001801e-001 	1.8540282637447798e-002 	1.3009127406746579e-001
8.8000000000000007e+000 	1.1156509793918475e-001 	1.8531007754106463e-002 	1.3009610569329130e-001
9.1999999999999993e+000 	1.1157887743268105e-001 	1.8522453276507717e-002 	1.3010133070918878e-001
9.5999999999999996e+000 	1.1159225299753257e-001 	1.8514549413884845e-002 	1.3010680241141734e-001
1.0000000000000000e+001 	1.1160512278662064e-001 	1.8507204079620102e-002 	1.3011232686624077e-001
1.0400000000000000e+001 	1.1161736763999770e-001 	1.8500308233061657e-002 	1.3011767587305939e-001
1.0800000000000001e+001 	1.1162885782154862e-001 	1.8493739315513270e-002 	1.3012259713706190e-001
1.1199999999999999e+001 	1.1163945861145236e-001 	1.8487364198590053e-002 	1.3012682281004237e-001
1.1600000000000000e+001 	1.1164903472497270e-001 	1.8481042028715915e-002 	1.3013007675368862e-001
1.2000000000000000e+001 	1.1165745364807554e-001 	1.8474626949310305e-002 	1.3013208059738585e-001
1.2400000000000000e+001 	1.1166458803289128e-001 	1.8467970615709563e-002 	1.3013255864860085e-001
1.2800000000000001e+001 	1.1167031730382825e-001 	1.8460924467055106e-002 	1.3013124177088334e-001
1.3199999999999999e+001 	1.1167452863250797e-001 	1.8453341728337971e-002 	1.3012787036084594e-001
1.3600000000000000e+001 	1.1167711742058803e-001 	1.8445079152455381e-002 	1.3012219657304347e-001
1.4000000000000000e+001 	1.1167798741099939e-001 	1.8435998503126452e-002 	1.3011398591412590e-001
1.4400000000000000e+001 	1.1167705053360240e-001 	1.8425967787352473e-002 	1.3010301832095486e-001
1.4800000000000001e+001 	1.1167422656513634e-001 	1.8414862271313202e-002 	1.3008908883644954e-001
1.5199999999999999e+001 	1.1166944267334342e-001 	1.8402565279719726e-002 	1.3007200795306306e-001
1.5600000000000000e+001 	1.1166263289398760e-001 	1.8388968800378536e-002 	1.3005160169436611e-001
1.6000000000000000e+001 	1.1165373758038004e-001 	1.8373364487923625e-002 	1.3002710206830370e-001
1.6800000000000001e+001 	1.1167084228691139e-001 	1.8337309841170536e-002 	1.3000815212808192e-001
1.7600000000000001e+001 	1.1159618264223513e-001 	1.8295791602856094e-002 	1.2989197424509116e-001
1.8399999999999999e+001 	1.1155373450246485e-001 	1.8247484799694902e-002 	1.2980121930215974e-001
1.9199999999999999e+001 	1.1150183298028640e-001 	1.8192021345323033e-002 	1.2969385432560943e-001
2.0000000000000000e+001 	1.1144027734280654e-001 	1.8129187317450193e-002 	1.2956946466025676e-001
2.0800000000000001e+001 	1.1136890647978899e-001 	1.8058907103320650e-002 	1.2942781358310959e-001
2.1600000000000001e+001 	1.1128759468390478e-001 	1.7981222931699212e-002 	1.2926881761560402e-001
2.2399999999999999e+001 	1.1119624811311274e-001 	1.7896271579450351e-002 	1.2909251969256308e-001
2.3199999999999999e+001 	1.1109480211382509e-001 	1.7804266463525942e-002 	1.2889906857735103e-001
2.4000000000000000e+001 	1.1098321926338103e-001 	1.7705484416107996e-002 	1.2868870367948904e-001
2.4800000000000001e+001 	1.1086148791842938e-001 	1.7600254427044090e-002 	1.2846174234547350e-001
2.5600000000000001e+001 	1.1072962107256695e-001 	1.7488946997895709e-002 	1.2821856807046261e-001
2.6399999999999999e+001 	1.1058765536721438e-001 	1.7371963980659429e-002 	1.2795961934787378e-001
2.7199999999999999e+001 	1.1043565014663481e-001 	1.7249729197517275e-002 	1.2768537934415206e-001
2.8000000000000000e+001 	1.1027368648526414e-001 	1.7122680091118170e-002 	1.2739636657638226e-001
2.8800000000000001e+001 	1.1010186614765245e-001 	1.6991260486007381e-002 	1.2709312663365985e-001
2.9600000000000001e+001 	1.0992031046353627e-001 	1.6855914433067842e-002 	1.2677622489660406e-001
3.0399999999999999e+001 	1.0972915911614746e-001 	1.6717081065327873e-002 	1.2644624018147532e-001
3.1199999999999999e+001 	1.0952856885467224e-001 	1.6575190372221254e-002 	1.2610375922689351e-001
3.2000000000000000e+001 	1.0931871214445428e-001 	1.6430659789195175e-002 	1.2574937193364943e-001
3.2800000000000004e+001 	1.0909977577483627e-001 	1.6283891507333319e-002 	1.2538366728216960e-001
3.3600000000000001e+001 	1.0887195944375698e-001 	1.6135270419535809e-002 	1.2500722986329277e-001
3.4399999999999999e+001 	1.0863547433758101e-001 	1.5984856874944432e-002 	1.2462033121252544e-001
3.6000000000000000e+001 	1.0815367010843391e-001 	1.5681443605872255e-002 	1.2383511371430621e-001
3.7600000000000001e+001 	1.0760815687771313e-001 	1.5377006448738788e-002 	1.2298516332645199e-001
3.9199999999999996e+001 	1.0704871166063801e-001 	1.5072731766671923e-002 	1.2212144342730993e-001
4.0800000000000004e+001 	1.0646135590738173e-001 	1.4770311916843127e-002 	1.2123166782422479e-001
4.2399999999999999e+001 	1.0584811485908269e-001 	1.4471268964123854e-002 	1.2031938382320656e-001
4.4000000000000000e+001 	1.0521101894286093e-001 	1.4176897968627356e-002 	1.1938791691148834e-001
4.5600000000000001e+001 	1.0455207745348727e-001 	1.3888257992809771e-002 	1.1844033544629703e-001
4.7199999999999996e+001 	1.0387325804194097e-001 	1.3606188409093584e-002 	1.1747944645103464e-001
4.8800000000000004e+001 	1.0317647067752143e-001 	1.3331333960565026e-002 	1.1650780463808645e-001
5.0399999999999999e+001 	1.0246355538514368e-001 	1.3064170132314215e-002 	1.1552772551745788e-001
5.2000000000000000e+001 	1.0173627323420868e-001 	1.2805026666982215e-002 	1.1454129990119091e-001
5.3600000000000001e+001 	1.0099630011428957e-001 	1.2554109138558880e-002 	1.1355040925284844e-001
5.5199999999999996e+001 	1.0024522286373252e-001 	1.2311518631833331e-002 	1.1255674149556578e-001
5.6800000000000004e+001 	9.9484537350224764e-002 	1.2077269447938308e-002 	1.1156180679816309e-001
5.8399999999999999e+001 	9.8715648142401691e-002 	1.1851304783561119e-002 	1.1056695292596283e-001
6.0000000000000000e+001 	9.7939869450408085e-002 	1.1633510421113675e-002 	1.0957337987152174e-001
6.1600000000000001e+001 	9.7158427057926267e-002 	1.1423726551252483e-002 	1.0858215360917876e-001
6.3200000000000003e+001 	9.6372461005882801e-002 	1.1221757888676871e-002 	1.0759421889455963e-001
6.4799999999999997e+001 	9.5583028828541125e-002 	1.1027382255087511e-002 	1.0661041108362865e-001
6.6400000000000006e+001 	9.4791109173600674e-002 	1.0840357808820967e-002 	1.0563146698242160e-001
6.8000000000000000e+001 	9.3997605671696433e-002 	1.0660429085730798e-002 	1.0465803475742727e-001
6.9599999999999994e+001 	9.3203350943221214e-002 	1.0489767729676216e-002 	1.0369311867289743e-001
7.2799999999999997e+001 	9.1623360217898658e-002 	1.0168016846766725e-002 	1.0179137706466540e-001
7.6000000000000000e+001 	9.0034948304781065e-002 	9.8652363566352971e-003 	9.9900184661416355e-002
7.9200000000000003e+001 	8.8463134344351366e-002 	9.5837661974611365e-003 	9.8046900541812462e-002
8.2400000000000006e+001 	8.6904711968339196e-002 	9.3221586364089365e-003 	9.6226870604748146e-002
8.5599999999999994e+001 	8.5362793686543953e-002 	9.0787491777902345e-003 	9.4441542864334219e-002
8.8799999999999997e+001 	8.3839940444538769e-002 	8.8518930643002470e-003 	9.2691833508838972e-002
9.2000000000000000e+001 	8.2338227617271623e-002 	8.6400455918810206e-003 	9.0978273209152680e-002
9.5200000000000003e+001 	8.0859311828042749e-002 	8.4417867292746161e-003 	8.9301098557317368e-002
9.8400000000000006e+001 	7.9404492119751105e-002 	8.2558254458037841e-003 	8.7660317565554938e-002
1.0159999999999999e+002 	7.7974763832715635e-002 	8.0809958742313059e-003 	8.6055759706946927e-002
1.0480000000000001e+002 	7.6570865247491390e-002 	7.9162497766430157e-003 	8.4487115024134404e-002
1.0800000000000000e+002 	7.5193317621240888e-002 	7.7606473532572601e-003 	8.2953964974498168e-002
1.1119999999999999e+002 	7.3842459396180504e-002 	7.6133475139723060e-003 	8.1455806910152792e-002
1.1440000000000001e+002 	7.2518475353713516e-002 	7.4735982646714641e-003 	7.9992073618384965e-002
1.1759999999999999e+002 	7.1221421425256934e-002 	7.3407275708482263e-003 	7.8562148996105141e-002
1.2080000000000001e+002 	6.9951245791587749e-002 	7.2141348753478381e-003 	7.7165380666935540e-002
1.2400000000000000e+002 	6.8707806820522077e-002 	7.0932833469458138e-003 	7.5801090167467888e-002
1.2720000000000000e+002 	6.7490888316917644e-002 	6.9776928640964807e-003 	7.4468581181014140e-002
1.3039999999999998e+002 	6.6300212490152582e-002 	6.8669337028057758e-003 	7.3167146192958332e-002
1.3359999999999999e+002 	6.5135450983570792e-002 	6.7606208905464085e-003 	7.1896071874117159e-002
1.3680000000000001e+002 	6.3996234258418105e-002 	6.6584091783480643e-003 	7.0654643436766182e-002
1.4000000000000000e+002 	6.2882159579716115e-002 	6.5612564563895248e-003 	6.9443416036105626e-002
1.4640000000000001e+002 	6.0738840090629978e-002 	6.3771759315607848e-003 	6.7116016022190750e-002
1.5279999999999998e+002 	5.8666931110900253e-002 	6.2025363386421792e-003 	6.4869467449542431e-002
1.5920000000000002e+002 	5.6698026451145730e-002 	6.0382038110742857e-003 	6.2736230262220014e-002
1.6559999999999999e+002 	5.4816528907225957e-002 	5.8831859271426448e-003 	6.0699714834368611e-002
1.7200000000000000e+002 	5.3018556979765971e-002 	5.7365135747721521e-003 	5.8755070554538137e-002
1.7840000000000001e+002 	5.1300257831398133e-002 	5.5973198464504556e-003 	5.6897577677848588e-002
1.8479999999999998e+002 	4.9657853277475981e-002 	5.4648513875034787e-003 	5.5122704664979476e-002
1.9120000000000002e+002 	4.8087670502216434e-002 	5.3384625671012266e-003 	5.3426133069317656e-002
1.9759999999999999e+002 	4.6586162286939695e-002 	5.2176027052490649e-003 	5.1803764992188757e-002
2.0400000000000000e+002 	4.5149919699898608e-002 	5.1018009923858073e-003 	5.0251720692284410e-002
2.1040000000000001e+002 	4.3775679283545088e-002 	4.9906523592105640e-003 	4.8766331642755650e-002
2.1679999999999998e+002 	4.2460326217877820e-002 	4.8838056038586816e-003 	4.7344131821736475e-002
2.2320000000000002e+002 	4.1200894555929270e-002 	4.7809538365813069e-003 	4.5981848392510571e-002
2.2959999999999999e+002 	3.9994565349939844e-002 	4.6818268792510531e-003 	4.4676392229190912e-002
2.3600000000000000e+002 	3.8838663281198921e-002 	4.5861852125671232e-003 	4.3424848493766037e-002
2.4240000000000001e+002 	3.7730652253378731e-002 	4.4938151202089304e-003 	4.2224467373587649e-002
2.4879999999999998e+002 	3.6668130294297274e-002 	4.4045247616877874e-003 	4.1072655055985063e-002
2.5519999999999999e+002 	3.5648824024353591e-002 	4.3181409741641650e-003 	3.9966964998517762e-002
2.6160000000000002e+002 	3.4670582884868295e-002 	4.2345066504814073e-003 	3.8905089535349727e-002
2.6800000000000000e+002 	3.3731373269750828e-002 	4.1534785755225779e-003 	3.7884851845273411e-002
2.7439999999999998e+002 	3.2829272666523975e-002 	4.0758197077627551e-003 	3.6905092374286720e-002
2.8719999999999999e+002 	3.1141283154599669e-002 	3.9275328860383660e-003 	3.5068816040638030e-002
3.0000000000000000e+002 	2.9552468220635755e-002 	3.7859415978081898e-003 	3.3338409818443937e-002
3.1280000000000001e+002 	2.8094097399509566e-002 	3.6518987998065485e-003 	3.1745996199316111e-002
3.2560000000000002e+002 	2.6741409886963597e-002 	3.5249905872645464e-003 	3.0266400474228142e-002
3.3839999999999998e+002 	2.5484843043454289e-002 	3.4047369374353440e-003 	2.8889579980889635e-002
3.5119999999999999e+002 	2.4315792876684429e-002 	3.2906515852157616e-003 	2.7606444461900206e-002
3.6400000000000000e+002 	2.3226535348467546e-002 	3.1822791172656812e-003 	2.6408814465733236e-002
3.7680000000000001e+002 	2.2210136954684486e-002 	3.0792075686823994e-003 	2.5289344523366897e-002
3.8960000000000002e+002 	2.1260368795629061e-002 	2.9810669638395096e-003 	2.4241435759468574e-002
4.0239999999999998e+002 	2.0371628325483324e-002 	2.8875240017898103e-003 	2.3259152327273127e-002
4.1519999999999999e+002 	1.9538869519873991e-002 	2.7982768927049323e-003 	2.2337146412578921e-002
4.2800000000000000e+002 	1.8757541053079807e-002 	2.7130511089551628e-003 	2.1470592162034976e-002
4.4080000000000001e+002 	1.8023531736979688e-002 	2.6315959561407014e-003 	2.0655127693120393e-002
4.5360000000000002e+002 	1.7333122417810383e-002 	2.5536817629743915e-003 	1.9886804180784780e-002
4.6639999999999998e+002 	1.6682943567493551e-002 	2.4790975286224873e-003 	1.9162041096116040e-002
4.7919999999999999e+002 	1.6069937877171682e-002 	2.4076489302607145e-003 	1.8477586807432392e-002
4.9200000000000000e+002 	1.5491327236993160e-002 	2.3391566163067957e-003 	1.7830483853299946e-002
5.0480000000000001e+002 	1.4944583559426754e-002 	2.2734547240931451e-003 	1.7218038283519907e-002
5.1759999999999991e+002 	1.4427402970329203e-002 	2.2103895824919072e-003 	1.6637792552821110e-002
5.3039999999999998e+002 	1.3937682951823524e-002 	2.1498185747116988e-003 	1.6087501526535222e-002
5.4320000000000005e+002 	1.3473502073991403e-002 	2.0924718876752699e-003 	1.5565973961666668e-002
5.6879999999999995e+002 	1.2621810741024184e-002 	1.9844273418641572e-003 	1.4606238082888341e-002
5.9440000000000009e+002 	1.1835091454755749e-002 	1.8826137318077394e-003 	1.3717705186563487e-002
6.2000000000000000e+002 	1.1130138640863480e-002 	1.7878234915730887e-003 	1.2917962132436567e-002
6.4559999999999991e+002 	1.0489234516867620e-002 	1.6996128923379640e-003 	1.2188847409205582e-002
6.7120000000000005e+002 	9.9047554714598637e-003 	1.6174555372719596e-003 	1.1522211008731824e-002
6.9679999999999995e+002 	9.3701427667003644e-003 	1.5408284515158208e-003 	1.0910971218216187e-002
7.2240000000000009e+002 	8.8797537008464319e-003 	1.4692506607652323e-003 	1.0349004361611666e-002
7.4800000000000000e+002 	8.4287213612393684e-003 	1.4022911163403848e-003 	9.8310124775797484e-003
7.7359999999999991e+002 	8.0128334099901135e-003 	1.3395654393233035e-003 	9.3523988493134109e-003
7.9920000000000005e+002 	7.6284304188486869e-003 	1.2807302442659812e-003 	8.9091606631146701e-003
8.2479999999999995e+002 	7.2723214139413569e-003 	1.2254776887038426e-003 	8.4977991026451982e-003
8.5040000000000009e+002 	6.9417138096003819e-003 	1.1735308135790254e-003 	8.1152446231794080e-003
8.7600000000000000e+002 	6.6341551568975003e-003 	1.1246396468289864e-003 	7.7587948037264884e-003
9.0159999999999991e+002 	6.3474845452381320e-003 	1.0785779312005594e-003 	7.4260624764386930e-003
9.2720000000000005e+002 	6.0797918955136990e-003 	1.0351403466138578e-003 	7.1149322421275559e-003
9.5279999999999995e+002 	5.8293837236240839e-003 	9.9414013229126835e-004 	6.8235238559153522e-003
9.7840000000000009e+002 	5.5947542295679544e-003 	9.5540703002912374e-004 	6.5501612595970796e-003
1.0040000000000000e+003 	5.3745607881430530e-003 	9.1878549517801229e-004 	6.2933462833210671e-003
1.0296000000000001e+003 	5.1676030928680689e-003 	8.8413314401342028e-004 	6.0517362368814904e-003
1.0551999999999998e+003 	4.9728053445236434e-003 	8.5131939494764361e-004 	5.8241247394712871e-003
1.0808000000000000e+003 	4.7892009871839010e-003 	8.2022426914477183e-004 	5.6094252563286704e-003
1.1064000000000001e+003 	4.6159195840207714e-003 	7.9073734057920559e-004 	5.4066569245999774e-003
1.1320000000000000e+003 	4.4521754970362690e-003 	7.6330140074536341e-004 	5.2154768977816313e-003
1.1832000000000000e+003 	4.1527345571058128e-003 	7.1257866464486817e-004 	4.8653132217506782e-003
1.2343999999999999e+003 	3.8777375377276723e-003 	6.6565940422953036e-004 	4.5433969419572014e-003
1.2856000000000001e+003 	3.6322799007654531e-003 	6.2299214313135350e-004 	4.2552720438968064e-003
1.3368000000000000e+003 	3.4099786570594179e-003 	5.8423251928329623e-004 	3.9942111763427149e-003
1.3880000000000000e+003 	3.2079406290931919e-003 	5.4899065833508714e-004 	3.7569312874282772e-003
1.4392000000000000e+003 	3.0237095378181107e-003 	5.1689206290370007e-004 	3.5406016007218108e-003
1.4903999999999999e+003 	2.8551971645262501e-003 	4.8759972350884243e-004 	3.3427968880350928e-003
1.5416000000000001e+003 	2.7006210986054570e-003 	4.6081679076070850e-004 	3.1614378893661645e-003
1.5928000000000000e+003 	2.5584524878687139e-003 	4.3628275776117355e-004 	2.9947352456298881e-003
1.6440000000000000e+003 	2.4273732961032140e-003 	4.1376850298363880e-004 	2.8411417990868546e-003
1.6952000000000000e+003 	2.3062415838039979e-003 	3.9307182180898587e-004 	2.6993134056129847e-003
1.7463999999999999e+003 	2.1940632866714604e-003 	3.7401370554505101e-004 	2.5680769922165119e-003
1.7976000000000001e+003 	2.0899691858899151e-003 	3.5643526141426388e-004 	2.4464044473041791e-003
1.8488000000000000e+003 	1.9931960180431751e-003 	3.4019513184112824e-004 	2.3333911498843026e-003
1.9000000000000000e+003 	1.9030708949682586e-003 	3.2516730913852284e-004 	2.2282382041067814e-003
1.9512000000000000e+003 	1.8189983828749696e-003 	3.1123926736850282e-004 	2.1302376502434716e-003
2.0024000000000001e+003 	1.7404497297752362e-003 	2.9831035045772576e-004 	2.0387600802329615e-003
2.0535999999999999e+003 	1.6669538382466230e-003 	2.8629037990583072e-004 	1.9532442181524538e-003
2.1048000000000002e+003 	1.5980896639907595e-003 	2.7509844688604151e-004 	1.8731881108768015e-003
2.1560000000000000e+003 	1.5334797853457643e-003 	2.6466185715100693e-004 	1.7981416424967709e-003
2.2071999999999998e+003 	1.4727849393323758e-003 	2.5491520898572302e-004 	1.7277001483180987e-003
2.2584000000000001e+003 	1.4156993593702507e-003 	2.4602453033097067e-004 	1.6617238897012217e-003
2.3607999999999997e+003 	1.3119866133449278e-003 	2.2990308133992879e-004 	1.5418896946848570e-003
2.4632000000000003e+003 	1.2176863710070104e-003 	2.1522684128302274e-004 	1.4329132122900328e-003
2.5655999999999999e+003 	1.1343310629781133e-003 	2.0214714384149011e-004 	1.3364782068196039e-003
2.6680000000000000e+003 	1.0595927911829996e-003 	1.9048563509804967e-004 	1.2500784262810493e-003
2.7704000000000001e+003 	9.9234988157422747e-004 	1.8005063778430777e-004 	1.1724005193585352e-003
2.8727999999999997e+003 	9.3165042715074838e-004 	1.7066845507447055e-004 	1.1023188822252188e-003
2.9752000000000003e+003 	8.7668562717945939e-004 	1.6219156671249424e-004 	1.0388771938919536e-003
3.0775999999999999e+003 	8.2676575320953568e-004 	1.5449680942225126e-004 	9.8126256263178740e-004
3.1800000000000000e+003 	7.8130001027369039e-004 	1.4748129543628972e-004 	9.2878130570998006e-004
3.2824000000000001e+003 	7.3978006651231540e-004 	1.4105863161903496e-004 	8.8083869813135047e-004
3.3847999999999997e+003 	7.0176665946564403e-004 	1.3515588169759062e-004 	8.3692254116323416e-004
3.4872000000000003e+003 	6.6687868348443092e-004 	1.2971117078303457e-004 	7.9658985426746536e-004
3.5895999999999999e+003 	6.3478425476990851e-004 	1.2467177281468957e-004 	7.5945602758459784e-004
3.6920000000000000e+003 	6.0519335223898068e-004 	1.1999256640980506e-004 	7.2518591864878567e-004
3.7944000000000001e+003 	5.7785171963908367e-004 	1.1563478008667172e-004 	6.9348649972575556e-004
3.8967999999999997e+003 	5.5253578347998287e-004 	1.1156496324137650e-004 	6.6410074672135938e-004
3.9992000000000003e+003 	5.2904839463851084e-004 	1.0775414009639569e-004 	6.3680253473490643e-004
4.1016000000000004e+003 	5.0721524227880389e-004 	1.0417711292790974e-004 	6.1139235520671364e-004
4.2040000000000000e+003 	4.8688181999491869e-004 	1.0081188563036910e-004 	5.8769370562528804e-004
4.3063999999999996e+003 	4.6791084819304963e-004 	9.7639184254676923e-005 	5.6555003244772642e-004
4.4088000000000002e+003 	4.5018007545761293e-004 	9.4642057598209466e-005 	5.4482213305582258e-004
4.5111999999999998e+003 	4.3358039630285466e-004 	9.1867915640431172e-005 	5.2544831194328574e-004
4.7160000000000000e+003 	4.0361795994701358e-004 	8.6741067298927202e-005 	4.9035902724594064e-004
4.9208000000000002e+003 	3.7647794592018420e-004 	8.1974354980979478e-005 	4.5845230090116378e-004
5.1256000000000004e+003 	3.5263430649355319e-004 	7.7626514853180480e-005 	4.3026082134673381e-004
5.3303999999999996e+003 	3.3131976892331543e-004 	7.3658204146808553e-005 	4.0497797307012398e-004
5.5351999999999998e+003 	3.1216833664423179e-004 	7.0022409310394987e-005 	3.8219074595462660e-004
5.7400000000000000e+003 	2.9487640684444893e-004 	6.6677153063154232e-005 	3.6155355990760295e-004
5.9448000000000002e+003 	2.7919191634191514e-004 	6.3587572493777509e-005 	3.4277948883569255e-004
6.1496000000000004e+003 	2.6490477573460535e-004 	6.0724737124129025e-005 	3.2562951285873429e-004
6.3543999999999996e+003 	2.5183898750095942e-004 	5.8064288508814778e-005 	3.0990327600977427e-004
6.5591999999999998e+003 	2.3984630586456544e-004 	5.5585448463208386e-005 	2.9543175432777372e-004
6.7640000000000000e+003 	2.2880117246467033e-004 	5.3270320604618168e-005 	2.8207149306928842e-004
6.9688000000000002e+003 	2.1859667003330943e-004 	5.1103373677546922e-005 	2.6970004371085649e-004
7.1736000000000004e+003 	2.0914127848534948e-004 	4.9071042483759496e-005 	2.5821232096910894e-004
7.3783999999999996e+003 	2.0035626220245916e-004 	4.7161410772500383e-005 	2.4751767297495950e-004
7.5831999999999998e+003 	1.9217355503215318e-004 	4.5363956466738303e-005 	2.3753751149889149e-004
7.7880000000000000e+003 	1.8453403943489933e-004 	4.3669344933793867e-005 	2.2820338436869322e-004
7.9928000000000002e+003 	1.7738613931562335e-004 	4.2069259653169882e-005 	2.1945539896879327e-004
8.1976000000000004e+003 	1.7068466377983459e-004 	4.0556262605703590e-005 	2.1124092638553820e-004
8.4023999999999996e+003 	1.6438985261868862e-004 	3.9123677996201551e-005 	2.0351353061489016e-004
8.6072000000000007e+003 	1.5846658475969472e-004 	3.7765494984022122e-005 	1.9623207974371685e-004
8.8120000000000000e+003 	1.5288371898049800e-004 	3.6504244620762111e-005 	1.8938796360126021e-004
9.2216000000000004e+003 	1.4273252307188175e-004 	3.4164741283133421e-005 	1.7689726435501514e-004
9.6311999999999989e+003 	1.3338538406929468e-004 	3.1984839545944121e-005 	1.6537022361523874e-004
1.0040800000000001e+004 	1.2509013573740898e-004 	2.9996171688930331e-005 	1.5508630742633940e-004
1.0450400000000000e+004 	1.1759159885690361e-004 	2.8181242733378448e-005 	1.4577284159028204e-004
1.0860000000000000e+004 	1.1078546373775438e-004 	2.6519336910576692e-005 	1.3730480064833104e-004
1.1269600000000000e+004 	1.0458444192644758e-004 	2.4992464975480222e-005 	1.2957690690192783e-004
1.1679199999999999e+004 	9.8915214085018617e-005 	2.3585582671989046e-005 	1.2250079675700767e-004
1.2088800000000001e+004 	9.3715806054898887e-005 	2.2285916964954696e-005 	1.1600172301985359e-004
1.2498400000000000e+004 	8.8933470197294359e-005 	2.1082473606886187e-005 	1.1001594380418050e-004
1.2908000000000000e+004 	8.4523008499689237e-005 	1.9965718039983144e-005 	1.0448872653967238e-004
1.3317600000000000e+004 	8.0445448712060068e-005 	1.8927340986547710e-005 	9.9372789698607759e-005
1.3727200000000001e+004 	7.6666994004774176e-005 	1.7960069658035644e-005 	9.4627063662809793e-005
1.4136799999999999e+004 	7.3158182952743226e-005 	1.7057511481462337e-005 	9.0215694434205617e-005
1.4546400000000000e+004 	6.9893211711808122e-005 	1.6214023814126985e-005 	8.6107235525935121e-005
1.4956000000000000e+004 	6.6849382204421239e-005 	1.5424605494468393e-005 	8.2273987698889626e-005
1.5365600000000000e+004 	6.4006649113599633e-005 	1.4684805966938486e-005 	7.8691455080538123e-005
1.5775200000000001e+004 	6.1347245107611678e-005 	1.3990649362358007e-005 	7.5337894469969705e-005
1.6184799999999999e+004 	5.8855368588151115e-005 	1.3338571246371651e-005 	7.2193939834522752e-005
1.6594400000000001e+004 	5.6516921851501526e-005 	1.2725365039112539e-005 	6.9242286890614047e-005
1.7004000000000000e+004 	5.4319290231596527e-005 	1.2148136720051228e-005 	6.6467426951647741e-005
1.7413599999999999e+004 	5.2251154808567209e-005 	1.1604266424283954e-005 	6.3855421232851162e-005
1.7823200000000001e+004 	5.0302332798020791e-005 	1.1091375596098180e-005 	6.1393708394118972e-005
1.8232799999999999e+004 	4.8463640911651807e-005 	1.0607299084142029e-005 	5.9070939995793844e-005
1.8642399999999998e+004 	4.6726777891054366e-005 	1.0150061191998154e-005 	5.6876839083052540e-005
1.9052000000000000e+004 	4.5084223129783995e-005 	9.7178546259718913e-006 	5.4802077755755883e-005
1.9461600000000002e+004 	4.3529148860971113e-005 	9.3090224715955718e-006 	5.2838171332566703e-005
1.9871200000000001e+004 	4.2055343835405077e-005 	8.9220427966354696e-006 	5.0977386632040541e-005
2.0280799999999999e+004 	4.0657146773348711e-005 	8.5555148068892806e-006 	4.9212661580237983e-005
2.0690400000000001e+004 	3.9329388162606281e-005 	8.2081469487474327e-006 	4.7537535111353715e-005
2.1100000000000000e+004 	3.8067339210055539e-005 	7.8787463620303575e-006 	4.5946085572085886e-005
2.1509599999999999e+004 	3.6866666945501155e-005 	7.5662094912765396e-006 	4.4432876436777703e-005
2.1919200000000001e+004 	3.5723394634148524e-005 	7.2695142406836602e-006 	4.2992908874832177e-005
2.2328800000000003e+004 	3.4633866783773316e-005 	6.9877123808734769e-006 	4.1621579164646783e-005
2.2738399999999998e+004 	3.3594718140311477e-005 	6.7199228946097206e-006 	4.0314641034921197e-005
2.3148000000000000e+004 	3.2602846155219850e-005 	6.4653264745271576e-006 	3.9068172629747004e-005
2.3557600000000002e+004 	3.1655386482921161e-005 	6.2231602881912362e-006 	3.7878546771112408e-005
2.3967199999999997e+004 	3.0749691129482115e-005 	5.9927132515144066e-006 	3.6742404380996524e-005
2.4376799999999999e+004 	2.9883308926739853e-005 	5.7733218329338986e-006 	3.5656630759673739e-005
2.4786400000000001e+004 	2.9053968050725197e-005 	5.5643662922121874e-006 	3.4618334342937369e-005
2.5196000000000000e+004 	2.8259560341464985e-005 	5.3652672614785819e-006 	3.3624827602943555e-005
2.5605599999999999e+004 	2.7498127213181720e-005 	5.1709564848977484e-006 	3.2669083698079482e-005
-1250 0
-1.2500000000000000e+003 0.0000000000000000e+000 0.0000000000000000e+000
1
1 1 1 1
1
         t, ms                         dVp, mV                         dVs, mV                         dV, mV
2.5000000000000000e-001 	2.9676737069501576e-002 	7.8586467286708584e-003 	3.7535383798172416e-002
2.9999999999999999e-001 	2.9725946722850474e-002 	7.8592218942674756e-003 	3.7585168617117963e-002
3.4999999999999998e-001 	2.9750822533215270e-002 	7.8597754546094571e-003 	3.7610597987824727e-002
4.0000000000000002e-001 	2.9769584408381063e-002 	7.8602868476811642e-003 	3.7629871256062222e-002
4.5000000000000001e-001 	2.9786291558019633e-002 	7.8607579908651116e-003 	3.7647049548884766e-002
5.0000000000000000e-001 	2.9801771809517364e-002 	7.8611907079317814e-003 	3.7662962517449133e-002
5.5000000000000004e-001 	2.9816192907958648e-002 	7.8615870226150728e-003 	3.7677779930573717e-002
5.9999999999999998e-001 	2.9829618590771434e-002 	7.8619491648357423e-003 	3.7691567755607169e-002
6.5000000000000002e-001 	2.9842110789497108e-002 	7.8622794728829271e-003 	3.7704390262380032e-002
6.9999999999999996e-001 	2.9853739047531334e-002 	7.8625802977856166e-003 	3.7716319345316940e-002
7.5000000000000000e-001 	2.9864575538785767e-002 	7.8628539392520333e-003 	3.7727429478037797e-002
8.0000000000000004e-001 	2.9874690490911262e-002 	7.8631026110198374e-003 	3.7737793101931108e-002
8.4999999999999998e-001 	2.9884149643125375e-002 	7.8633284240478551e-003 	3.7747478067173240e-002
9.0000000000000002e-001 	2.9893013174964012e-002 	7.8635333788216952e-003 	3.7756546553785700e-002
9.4999999999999996e-001 	2.9901335474951007e-002 	7.8637193628407383e-003 	3.7765054837791752e-002
1.0000000000000000e+000 	2.9909165354345742e-002 	7.8638881496676111e-003 	3.7773053504013346e-002
1.0500000000000000e+000 	2.9916546453613534e-002 	7.8640413991492714e-003 	3.7780587852762809e-002
1.1000000000000001e+000 	2.9923517734629236e-002 	7.8641806587179831e-003 	3.7787698393347217e-002
1.1499999999999999e+000 	2.9930113979009635e-002 	7.8643073648315149e-003 	3.7794421343841145e-002
1.2000000000000000e+000 	2.9936366257854004e-002 	7.8644194136157659e-003 	3.7800785671469758e-002
1.3000000000000000e+000 	3.0067209450639665e-002 	7.8646156076013669e-003 	3.7931825058241032e-002
1.3999999999999999e+000 	2.9958509789776586e-002 	7.8647881641764131e-003 	3.7823297953952992e-002
1.5000000000000000e+000 	2.9968110400882143e-002 	7.8649367613301824e-003 	3.7833047162212328e-002
1.6000000000000001e+000 	2.9976904388802957e-002 	7.8650661220249791e-003 	3.7841970510827931e-002
1.7000000000000000e+000 	2.9984996861460687e-002 	7.8651805008650068e-003 	3.7850177362325703e-002
1.8000000000000000e+000 	2.9992475542910381e-002 	7.8652833722109104e-003 	3.7857758915121283e-002
1.8999999999999999e+000 	2.9999413865350700e-002 	7.8653774159441435e-003 	3.7864791281294823e-002
2.0000000000000000e+000 	3.0005873656452665e-002 	7.8654646037711728e-003 	3.7871338260223847e-002
2.1000000000000001e+000 	3.0011907326620173e-002 	7.8655463134706116e-003 	3.7877453640090770e-002
2.2000000000000002e+000 	3.0017559611544984e-002 	7.8656234440453478e-003 	3.7883183055590339e-002
2.2999999999999998e+000 	3.0022868948078148e-002 	7.8656965204672771e-003 	3.7888565468545424e-002
2.3999999999999999e+000 	3.0027868567427209e-002 	7.8657657849435410e-003 	3.7893634352370753e-002
2.5000000000000000e+000 	3.0032587370391682e-002 	7.8658312735701737e-003 	3.7898418643961852e-002
2.6000000000000001e+000 	3.0037050625061439e-002 	7.8658928793275962e-003 	3.7902943504389032e-002
2.7000000000000002e+000 	3.0041280538759561e-002 	7.8659504023389747e-003 	3.7907230941098539e-002
2.7999999999999998e+000 	3.0045296716578691e-002 	7.8660035884502242e-003 	3.7911300305028914e-002
2.8999999999999999e+000 	3.0049116543027186e-002 	7.8660521589116565e-003 	3.7915168701938853e-002
3.0000000000000000e+000 	3.0052755490048533e-002 	7.8660958322778196e-003 	3.7918851322326357e-002
3.1000000000000001e+000 	3.0056227380309001e-002 	7.8661343397367321e-003 	3.7922361720045740e-002
3.2000000000000002e+000 	3.0059544598169903e-002 	7.8661674353707814e-003 	3.7925712033540698e-002
3.2999999999999998e+000 	3.0062718273200749e-002 	7.8661949029684829e-003 	3.7928913176169227e-002
3.3999999999999999e+000 	3.0065758433035255e-002 	7.8662142596111050e-003 	3.7931972692646372e-002
3.6000000000000001e+000 	3.0106481077757784e-002 	7.8662339974771081e-003 	3.7972715075234899e-002
3.7999999999999998e+000 	3.0076772975156586e-002 	7.8662335557985758e-003 	3.7943006530955156e-002
4.0000000000000000e+000 	3.0081676391014299e-002 	7.8662093631829914e-003 	3.7947885754197289e-002
4.2000000000000002e+000 	3.0086237521606881e-002 	7.8661610440749746e-003 	3.7952398565681840e-002
4.4000000000000004e+000 	3.0090494332834616e-002 	7.8660888218978001e-003 	3.7956583154732423e-002
4.5999999999999996e+000 	3.0094479972514694e-002 	7.8659933661293265e-003 	3.7960473338644031e-002
4.7999999999999998e+000 	3.0098223773848312e-002 	7.8658756427948655e-003 	3.7964099416643179e-002
5.0000000000000000e+000 	3.0101752095559077e-002 	7.8657368048545128e-003 	3.7967488900413571e-002
5.2000000000000002e+000 	3.0105088953122618e-002 	7.8655781212751390e-003 	3.7970667074397745e-002
5.4000000000000004e+000 	3.0108256453619787e-002 	7.8654009304272160e-003 	3.7973657384046990e-002
5.5999999999999996e+000 	3.0111275064259504e-002 	7.8652066066053992e-003 	3.7976481670864898e-002
5.7999999999999998e+000 	3.0114163760605109e-002 	7.8649965335131269e-003 	3.7979160294118235e-002
6.0000000000000000e+000 	3.0116940089823664e-002 	7.8647720828222759e-003 	3.7981712172645940e-002
6.2000000000000002e+000 	3.0119620178498788e-002 	7.8645345965820193e-003 	3.7984154775080811e-002
6.4000000000000004e+000 	3.0122218719304008e-002 	7.8642853732006530e-003 	3.7986504092504661e-002
6.5999999999999996e+000 	3.0124748947229191e-002 	7.8640256561367371e-003 	3.7988774603365943e-002
6.7999999999999998e+000 	3.0127222626487239e-002 	7.8637566251855903e-003 	3.7990979251672843e-002
7.0000000000000000e+000 	3.0129650047865546e-002 	7.8634793902873194e-003 	3.7993129438152883e-002
7.2000000000000002e+000 	3.0132040050992369e-002 	7.8631949864609724e-003 	3.7995235037453334e-002
7.4000000000000004e+000 	3.0134400061737874e-002 	7.8629043712420410e-003 	3.7997304432979918e-002
7.5999999999999996e+000 	3.0136736148535397e-002 	7.8626069537798757e-003 	3.7999343102315265e-002
8.0000000000000000e+000 	3.0160208801338979e-002 	7.8620000696916856e-003 	3.8022208871030673e-002
8.4000000000000004e+000 	3.0145922668032267e-002 	7.8613840022234340e-003 	3.8007306670255703e-002
8.8000000000000007e+000 	3.0150438084770404e-002 	7.8607594873568911e-003 	3.8011197572127287e-002
9.1999999999999993e+000 	3.0154900755546023e-002 	7.8601293041665569e-003 	3.8015030059712594e-002
9.5999999999999996e+000 	3.0159298266940578e-002 	7.8594956116249566e-003 	3.8018793878565563e-002
1.0000000000000000e+001 	3.0163611328197684e-002 	7.8588598891690901e-003 	3.8022471217366759e-002
1.0400000000000000e+001 	3.0167815966296464e-002 	7.8582229898745814e-003 	3.8026038956171050e-002
1.0800000000000001e+001 	3.0171885461547959e-002 	7.8575852247451741e-003 	3.8029470686293129e-002
1.1199999999999999e+001 	3.0175791938197194e-002 	7.8569464592079009e-003 	3.8032738397405078e-002
1.1600000000000000e+001 	3.0179507615034726e-002 	7.8563062118151769e-003 	3.8035813826849882e-002
1.2000000000000000e+001 	3.0183005739862025e-002 	7.8556637473272840e-003 	3.8038669487189314e-002
1.2400000000000000e+001 	3.0186261251899785e-002 	7.8550181594558722e-003 	3.8041279411355662e-002
1.2800000000000001e+001 	3.0189251222358798e-002 	7.8543684403331853e-003 	3.8043619662691958e-002
1.3199999999999999e+001 	3.0191955115005515e-002 	7.8537135366385392e-003 	3.8045668651644042e-002
1.3600000000000000e+001 	3.0194354908309028e-002 	7.8530523932478606e-003 	3.8047407301556896e-002
1.4000000000000000e+001 	3.0196435114926399e-002 	7.8523839850693482e-003 	3.8048819099995752e-002
1.4400000000000000e+001 	3.0198182724544477e-002 	7.8517073387789418e-003 	3.8049890063323440e-002
1.4800000000000001e+001 	3.0199587096220403e-002 	7.8510215453723199e-003 	3.8050608641592730e-002
1.5199999999999999e+001 	3.0200639815136335e-002 	7.8503257657689118e-003 	3.8050965580905240e-002
1.5600000000000000e+001 	3.0201334529552717e-002 	7.8496192303186083e-003 	3.8050953759871324e-002
1.6000000000000000e+001 	3.0201666779320922e-002 	7.8488963168604903e-003 	3.8050563096181413e-002
1.6800000000000001e+001 	3.0214241106414491e-002 	7.8474110562060124e-003 	3.8061652162620488e-002
1.7600000000000001e+001 	3.0199344508873370e-002 	7.8458805266924895e-003 	3.8045225035565879e-002
1.8399999999999999e+001 	3.0196011849166381e-002 	7.8442926100263290e-003 	3.8040304459192709e-002
1.9199999999999999e+001 	3.0191265562982173e-002 	7.8426418182236529e-003 	3.8033907381205836e-002
2.0000000000000000e+001 	3.0185145683369087e-002 	7.8409217391998791e-003 	3.8026067422568977e-002
2.0800000000000001e+001 	3.0177700751178475e-002 	7.8391252700649658e-003 	3.8016826021243455e-002
2.1600000000000001e+001 	3.0168985426507682e-002 	7.8372443684453178e-003 	3.8006229794952995e-002
2.2399999999999999e+001 	3.0159058464290692e-002 	7.8352696369487843e-003 	3.7994328101239462e-002
2.3199999999999999e+001 	3.0147981061960885e-002 	7.8331900969252424e-003 	3.7981171158886148e-002
2.4000000000000000e+001 	3.0135815537624386e-002 	7.8309931667317912e-003 	3.7966808704356203e-002
2.4800000000000001e+001 	3.0122624287028384e-002 	7.8286647561944967e-003 	3.7951289043222869e-002
2.5600000000000001e+001 	3.0108468968038676e-002 	7.8261894147619842e-003 	3.7934658382800648e-002
2.6399999999999999e+001 	3.0093409869038933e-002 	7.8235505079366739e-003 	3.7916960376975603e-002
2.7199999999999999e+001 	3.0077505425351703e-002 	7.8207304144794973e-003 	3.7898235839831207e-002
2.8000000000000000e+001 	3.0060811853996224e-002 	7.8177107395541283e-003 	3.7878522593550353e-002
2.8800000000000001e+001 	3.0043382884155284e-002 	7.8144725382194996e-003 	3.7857855422374763e-002
2.9600000000000001e+001 	3.0025269564828934e-002 	7.8109965429696681e-003 	3.7836266107798604e-002
3.0399999999999999e+001 	3.0006520135478752e-002 	7.8072633881961810e-003 	3.7813783523674933e-002
3.1199999999999999e+001 	2.9987179948501894e-002 	7.8032538262856584e-003 	3.7790433774787552e-002
3.2000000000000000e+001 	2.9967291433091375e-002 	7.7989489311057073e-003 	3.7766240364197075e-002
3.2800000000000004e+001 	2.9946894095006990e-002 	7.7943302854108385e-003 	3.7741224380417819e-002
3.3600000000000001e+001 	2.9926024544275991e-002 	7.7893801502184404e-003 	3.7715404694494414e-002
3.4399999999999999e+001 	2.9904716546730818e-002 	7.7839337928211809e-003 	3.7688650339552002e-002
3.6000000000000000e+001 	2.9866168694847116e-002 	7.7718644228243604e-003 	3.7638033117671464e-002
3.7600000000000001e+001 	2.9815747889020167e-002 	7.7584877917500046e-003 	3.7574235680770160e-002
3.9199999999999996e+001 	2.9769304602584885e-002 	7.7434898752141547e-003 	3.7512794477799039e-002
4.0800000000000004e+001 	2.9721749921398068e-002 	7.7267793810212029e-003 	3.7448529302419285e-002
4.2399999999999999e+001 	2.9673194134051572e-002 	7.7082982395314742e-003 	3.7381492373583035e-002
4.4000000000000000e+001 	2.9623720647658402e-002 	7.6880128578909589e-003 	3.7311733505549352e-002
4.5600000000000001e+001 	2.9573389142708847e-002 	7.6659104600272357e-003 	3.7239299602736087e-002
4.7199999999999996e+001 	2.9522239009028874e-002 	7.6419970257679505e-003 	3.7164236034796828e-002
4.8800000000000004e+001 	2.9470292707113543e-002 	7.6162955710386724e-003 	3.7086588278152206e-002
5.0399999999999999e+001 	2.9417558908827884e-002 	7.5888443527654947e-003 	3.7006403261593379e-002
5.2000000000000000e+001 	2.9364035354102515e-002 	7.5596949570772521e-003 	3.6923730311179764e-002
5.3600000000000001e+001 	2.9309711400193100e-002 	7.5289103417491097e-003 	3.6838621741942218e-002
5.5199999999999996e+001 	2.9254570259811458e-002 	7.4965629058756861e-003 	3.6751133165687143e-002
5.6800000000000004e+001 	2.9198590936577264e-002 	7.4627326384164487e-003 	3.6661323574993722e-002
5.8399999999999999e+001 	2.9141749873804666e-002 	7.4275053800946398e-003 	3.6569255253899313e-002
6.0000000000000000e+001 	2.9084022337473807e-002 	7.3909712209572192e-003 	3.6474993558431028e-002
6.1600000000000001e+001 	2.9025383556537537e-002 	7.3532230472639669e-003 	3.6378606603801496e-002
6.3200000000000003e+001 	2.8965809645458654e-002 	7.3143552450598464e-003 	3.6280164890518496e-002
6.4799999999999997e+001 	2.8905278333054438e-002 	7.2744625613900271e-003 	3.6179740894444465e-002
6.6400000000000006e+001 	2.8843769522784325e-002 	7.2336391197098809e-003 	3.6077408642494209e-002
6.8000000000000000e+001 	2.8781265705887352e-002 	7.1919775826653686e-003 	3.5973243288552718e-002
6.9599999999999994e+001 	2.8717752249514394e-002 	7.1493477350348762e-003 	3.5867099984549282e-002
7.2799999999999997e+001 	2.8589479776185193e-002 	7.0622912672763695e-003 	3.5651771043461546e-002
7.6000000000000000e+001 	2.8453417523306858e-002 	6.9738071277722124e-003 	3.5427224651079080e-002
7.9200000000000003e+001 	2.8315065722875021e-002 	6.8840021603951956e-003 	3.5199067883270214e-002
8.2400000000000006e+001 	2.8172632398161618e-002 	6.7933389670448386e-003 	3.4965971365206454e-002
8.5599999999999994e+001 	2.8026198009316008e-002 	6.7022641121721634e-003 	3.4728462121488168e-002
8.8799999999999997e+001 	2.7875878071255945e-002 	6.6111790253118880e-003 	3.4487057096567825e-002
9.2000000000000000e+001 	2.7721817893617221e-002 	6.5204320015629681e-003 	3.4242249895180196e-002
9.5200000000000003e+001 	2.7564187055105958e-002 	6.4303183254042851e-003 	3.3994505380510236e-002
9.8400000000000006e+001 	2.7403174049016550e-002 	6.3410836328228427e-003 	3.3744257681839390e-002
1.0159999999999999e+002 	2.7238981336146245e-002 	6.2529285447459121e-003 	3.3491909880892144e-002
1.0480000000000001e+002 	2.7071820924881689e-002 	6.1660136943097544e-003 	3.3237834619191442e-002
1.0800000000000000e+002 	2.6901910524552937e-002 	6.0804647178187765e-003 	3.2982375242371707e-002
1.1119999999999999e+002 	2.6729470272271166e-002 	5.9963769893150642e-003 	3.2725847261586220e-002
1.1440000000000001e+002 	2.6554720004023868e-002 	5.9138199899884704e-003 	3.2468539994012328e-002
1.1759999999999999e+002 	2.6377877025420202e-002 	5.8328412641733473e-003 	3.2210718289593536e-002
1.2080000000000001e+002 	2.6199154328024773e-002 	5.7534699484886858e-003 	3.1952624276513457e-002
1.2400000000000000e+002 	2.6018759196026232e-002 	5.6757198826453761e-003 	3.1694479078671615e-002
1.2720000000000000e+002 	2.5836892148509250e-002 	5.5995923239339530e-003 	3.1436484472443203e-002
1.3039999999999998e+002 	2.5653746165968404e-002 	5.5250782949688411e-003 	3.1178824460937241e-002
1.3359999999999999e+002 	2.5469506154882780e-002 	5.4521605973587191e-003 	3.0921666752241495e-002
1.3680000000000001e+002 	2.5284348608815451e-002 	5.3808155262171685e-003 	3.0665164135032615e-002
1.4000000000000000e+002 	2.5098441429662291e-002 	5.3115863496771788e-003 	3.0410027779339460e-002
1.4640000000000001e+002 	2.4727380132642536e-002 	5.1777119273033294e-003 	2.9905092059945869e-002
1.5279999999999998e+002 	2.4350774036783412e-002 	5.0484204303857033e-003 	2.9399194467169123e-002
1.5920000000000002e+002 	2.3976163649471246e-002 	4.9243996392245642e-003 	2.8900563288695811e-002
1.6559999999999999e+002 	2.3602267288577380e-002 	4.8054517520040897e-003 	2.8407719040581460e-002
1.7200000000000000e+002 	2.3229887527483822e-002 	4.6913110259248691e-003 	2.7921198553408692e-002
1.7840000000000001e+002 	2.2859727536906665e-002 	4.5816971176172805e-003 	2.7441424654523948e-002
1.8479999999999998e+002 	2.2492397782548641e-002 	4.4763351719033558e-003 	2.6968732954451995e-002
1.9120000000000002e+002 	2.2128424427245840e-002 	4.3749638935074607e-003 	2.6503388320753302e-002
1.9759999999999999e+002 	2.1768257905356803e-002 	4.2773387473802925e-003 	2.6045596652737094e-002
2.0400000000000000e+002 	2.1412281085185465e-002 	4.1832328904106361e-003 	2.5595513975596101e-002
2.1040000000000001e+002 	2.1060816802954213e-002 	4.0924369554540003e-003 	2.5153253758408205e-002
2.1679999999999998e+002 	2.0714134704977794e-002 	4.0047582478192935e-003 	2.4718892952797090e-002
2.2320000000000002e+002 	2.0372457402877690e-002 	3.9200196584618548e-003 	2.4292477061339541e-002
2.2959999999999999e+002 	2.0035965978321295e-002 	3.8380584647287278e-003 	2.3874024443050021e-002
2.3600000000000000e+002 	1.9704804887647833e-002 	3.7587251136995082e-003 	2.3463530001347356e-002
2.4240000000000001e+002 	1.9379086321672147e-002 	3.6818820415322091e-003 	2.3060968363204367e-002
2.4879999999999998e+002 	1.9058894075926973e-002 	3.6074025591790806e-003 	2.2666296635106060e-002
2.5519999999999999e+002 	1.8744286984053813e-002 	3.5351698192968698e-003 	2.2279456803350691e-002
2.6160000000000002e+002 	1.8435301962903574e-002 	3.4650758697311059e-003 	2.1900377832634675e-002
2.6800000000000000e+002 	1.8131956713718762e-002 	3.3970207940801590e-003 	2.1528977507798926e-002
2.7439999999999998e+002 	1.7834252118757783e-002 	3.3316030547370433e-003 	2.1165855173494837e-002
2.8719999999999999e+002 	1.7259213673080632e-002 	3.2063193362620646e-003 	2.0465533009342701e-002
3.0000000000000000e+002 	1.6699221840520220e-002 	3.0864274931732168e-003 	1.9785649333693440e-002
3.1280000000000001e+002 	1.6164577112118494e-002 	2.9726394635171301e-003 	1.9137216575635621e-002
3.2560000000000002e+002 	1.5651204915595001e-002 	2.8646231109872122e-003 	1.8515828026582217e-002
3.3839999999999998e+002 	1.5158512953391875e-002 	2.7620015228156931e-003 	1.7920514476207568e-002
3.5119999999999999e+002 	1.4685848101902488e-002 	2.6644090769269895e-003 	1.7350257178829476e-002
3.6400000000000000e+002 	1.4232516214201773e-002 	2.5715074449674082e-003 	1.6804023659169182e-002
3.7680000000000001e+002 	1.3797798289420194e-002 	2.4829881270626939e-003 	1.6280786416482885e-002
3.8960000000000002e+002 	1.3380963369790021e-002 	2.3985706118108013e-003 	1.5779533981600827e-002
4.0239999999999998e+002 	1.2981278666242123e-002 	2.3179994228496969e-003 	1.5299278089091822e-002
4.1519999999999999e+002 	1.2598017402846844e-002 	2.2410411631362597e-003 	1.4839058565983108e-002
4.2800000000000000e+002 	1.2230464809299487e-002 	2.1674818795364031e-003 	1.4397946688835889e-002
4.4080000000000001e+002 	1.1877922620497564e-002 	2.0971247995797090e-003 	1.3975047420077267e-002
4.5360000000000002e+002 	1.1539712377610187e-002 	2.0297884076270912e-003 	1.3569500785237278e-002
4.6639999999999998e+002 	1.1215177770167032e-002 	1.9653048089237186e-003 	1.3180482579090750e-002
4.7919999999999999e+002 	1.0903686213561707e-002 	1.9035183325677477e-003 	1.2807204546129452e-002
4.9200000000000000e+002 	1.0604629819486169e-002 	1.8442843303759808e-003 	1.2448914149862151e-002
5.0480000000000001e+002 	1.0317425887080912e-002 	1.7874681364536185e-003 	1.2104894023534528e-002
5.1759999999999991e+002 	1.0041517018331088e-002 	1.7329441599893633e-003 	1.1774461178320454e-002
5.3039999999999998e+002 	9.7763709416695595e-003 	1.6805950891196049e-003 	1.1456966030789165e-002
5.4320000000000005e+002 	9.5214801117458284e-003 	1.6310383350733009e-003 	1.1152518446819130e-002
5.6879999999999995e+002 	9.0441271604586090e-003 	1.5377488611729002e-003 	1.0581876021631504e-002
5.9440000000000009e+002 	8.5938981451027640e-003 	1.4500377398349849e-003 	1.0043935884937747e-002
6.2000000000000000e+002 	8.1801721948825332e-003 	1.3685774643744048e-003 	9.5487496592569377e-003
6.4559999999999991e+002 	7.7959141573073227e-003 	1.2929423899473368e-003 	9.0888565472546593e-003
6.7120000000000005e+002 	7.4384963386090264e-003 	1.2226641425464150e-003 	8.6611604811554412e-003
6.9679999999999995e+002 	7.1055428288921444e-003 	1.1572920463099477e-003 	8.2628348752020950e-003
7.2240000000000009e+002 	6.7949125811103909e-003 	1.0964108661706154e-003 	7.8913234472810061e-003
7.4800000000000000e+002 	6.5046782455323339e-003 	1.0396439977722271e-003 	7.5443222433045597e-003
7.7359999999999991e+002 	6.2331048698359860e-003 	9.8665169575672075e-004 	7.2197565655927063e-003
7.9920000000000005e+002 	5.9786298840340014e-003 	9.3712774196067275e-004 	6.9157576259946726e-003
8.2479999999999995e+002 	5.7398448103522818e-003 	8.9079584921866967e-004 	6.6306406595709527e-003
8.5040000000000009e+002 	5.5154787699751842e-003 	8.4740628853727479e-004 	6.3628850585124583e-003
8.7600000000000000e+002 	5.3043837158925590e-003 	8.0673288616026149e-004 	6.1111166020528223e-003
9.0159999999999991e+002 	5.1055212662726394e-003 	7.6857039622773757e-004 	5.8740916625003780e-003
9.2720000000000005e+002 	4.9179509945868885e-003 	7.3273220990903302e-004 	5.6506832044959229e-003
9.5279999999999995e+002 	4.7408200310823786e-003 	6.9904835635101865e-004 	5.4398683874333975e-003
9.7840000000000009e+002 	4.5733538362460399e-003 	6.6736375155547836e-004 	5.2407175878015182e-003
1.0040000000000000e+003 	4.4148480167706021e-003 	6.3753665986843416e-004 	5.0523846766390365e-003
1.0296000000000001e+003 	4.2646610657070833e-003 	6.0943733879299257e-004 	4.8740984045000770e-003
1.0551999999999998e+003 	4.1222079202086689e-003 	5.8294684205141307e-004 	4.7051547622600793e-003
1.0808000000000000e+003 	3.9869542414521725e-003 	5.5795595942686983e-004 	4.5449102008790427e-003
1.1064000000000001e+003 	3.8584113320180866e-003 	5.3436427609437041e-004 	4.3927756081124578e-003
1.1320000000000000e+003 	3.7361316156758065e-003 	5.1252758447826519e-004 	4.2486592001540731e-003
1.1832000000000000e+003 	3.5104277596806452e-003 	4.7242984077263886e-004 	3.9828576004532846e-003
1.2343999999999999e+003 	3.3009697963559547e-003 	4.3565298235059575e-004 	3.7366227787065495e-003
1.2856000000000001e+003 	3.1118292992008073e-003 	4.0252471563209419e-004 	3.5143540148329013e-003
1.3368000000000000e+003 	2.9387888927080450e-003 	3.7270569522684422e-004 	3.3114945879348882e-003
1.3880000000000000e+003 	2.7800391026316118e-003 	3.4584425365755676e-004 	3.1258833562891682e-003
1.4392000000000000e+003 	2.6340154217883043e-003 	3.2161249441168931e-004 	2.9556279161999932e-003
1.4903999999999999e+003 	2.4993646820720638e-003 	2.9971653212782493e-004 	2.7990812141998884e-003
1.5416000000000001e+003 	2.3749131954539479e-003 	2.7989718534198436e-004 	2.6548103807959322e-003
1.5928000000000000e+003 	2.2596391388734378e-003 	2.6192709299728095e-004 	2.5215662318707182e-003
1.6440000000000000e+003 	2.1526493453326496e-003 	2.4560684891657624e-004 	2.3982561942492249e-003
1.6952000000000000e+003 	2.0531599913169987e-003 	2.3076123721231702e-004 	2.2839212285293157e-003
1.7463999999999999e+003 	1.9604805505939391e-003 	2.1723591834521352e-004 	2.1777164689391515e-003
1.7976000000000001e+003 	1.8740004350699389e-003 	2.0489460729761953e-004 	2.0788950423675586e-003
1.8488000000000000e+003 	1.7931778342004838e-003 	1.9361668813818234e-004 	1.9867945223386654e-003
1.9000000000000000e+003 	1.7175303537767207e-003 	1.8329519293674548e-004 	1.9008255467134654e-003
1.9512000000000000e+003 	1.6466271312891032e-003 	1.7383508068838195e-004 	1.8204622119774856e-003
2.0024000000000001e+003 	1.5800821674180200e-003 	1.6515176261253556e-004 	1.7452339300305555e-003
2.0535999999999999e+003 	1.5175486631444288e-003 	1.5716983308416914e-004 	1.6747184962285972e-003
2.1048000000000002e+003 	1.4587141918124683e-003 	1.4982197389494650e-004 	1.6085361657074144e-003
2.1560000000000000e+003 	1.4032965672414980e-003 	1.4304800364566467e-004 	1.5463445708871631e-003
2.2071999999999998e+003 	1.3510402943890192e-003 	1.3679405058346090e-004 	1.4878343449724798e-003
2.2584000000000001e+003 	1.3017135094566168e-003 	1.3116781098283881e-004 	1.4328813204394558e-003
2.3607999999999997e+003 	1.2116556509342959e-003 	1.2113986297653144e-004 	1.3327955139108270e-003
2.4632000000000003e+003 	1.1292757361266450e-003 	1.1218504488695308e-004 	1.2414607810135984e-003
2.5655999999999999e+003 	1.0559991365736083e-003 	1.0437488674454371e-004 	1.1603740233181524e-003
2.6680000000000000e+003 	9.8992538477726821e-004 	9.7557714009548753e-005 	1.0874830987868173e-003
2.7704000000000001e+003 	9.3016386076664374e-004 	9.1585296090646343e-005 	1.0217491568572899e-003
2.8727999999999997e+003 	8.7595163445349021e-004 	8.6325983159621638e-005 	9.6227761761311201e-004
2.9752000000000003e+003 	8.2663465653555577e-004 	8.1668215654005305e-005 	9.0830287218956118e-004
3.0775999999999999e+003 	7.8165045836841890e-004 	7.7519356062757675e-005 	8.5916981443117681e-004
3.1800000000000000e+003 	7.4051344761835302e-004 	7.3802890892462581e-005 	8.1431633851081556e-004
3.2824000000000001e+003 	7.0280273353317440e-004 	7.0455535110547550e-005 	7.7325826864372215e-004
3.3847999999999997e+003 	6.6815211351381790e-004 	6.7424752698863941e-005 	7.3557686621268182e-004
3.4872000000000003e+003 	6.3624182726921923e-004 	6.4666754297037869e-005 	7.0090858156625694e-004
3.5895999999999999e+003 	6.0679173719975835e-004 	6.2144898550926204e-005 	6.6893663575068481e-004
3.6920000000000000e+003 	5.7955565811244067e-004 	5.9828411267327171e-005 	6.3938406937976821e-004
3.7944000000000001e+003 	5.5431661661514340e-004 	5.7691352946230273e-005 	6.1200796956137349e-004
3.8967999999999997e+003 	5.3088286681567814e-004 	5.5711781585670773e-005 	5.8659464840134896e-004
3.9992000000000003e+003 	5.0908452511685953e-004 	5.3871070521560068e-005 	5.6295559563841974e-004
4.1016000000000004e+003 	4.8877071492523612e-004 	5.2153351325207025e-005 	5.4092406625044277e-004
4.2040000000000000e+003 	4.6980713379877624e-004 	5.0545057132897729e-005 	5.2035219093167398e-004
4.3063999999999996e+003 	4.5207397246966165e-004 	4.9034547201264117e-005 	5.0110851967092587e-004
4.4088000000000002e+003 	4.3546412844371171e-004 	4.7611797351584866e-005 	4.8307592579529662e-004
4.5111999999999998e+003 	4.1988166735138155e-004 	4.6296632661075674e-005 	4.6617830001245713e-004
4.7160000000000000e+003 	3.9167443814033993e-004 	4.3870710681118357e-005 	4.3554514882145838e-004
4.9208000000000002e+003 	3.6604260567029231e-004 	4.1618254259004191e-005 	4.0766085992929640e-004
5.1256000000000004e+003 	3.4344252251221780e-004 	3.9559484304178458e-005 	3.8300200681639610e-004
5.3303999999999996e+003 	3.2317686739244086e-004 	3.7674596924290303e-005 	3.6085146431673125e-004
5.5351999999999998e+003 	3.0491606439647943e-004 	3.5941394192379320e-005 	3.4085745858885869e-004
5.7400000000000000e+003 	2.8838539196683784e-004 	3.4339765155892440e-005 	3.2272515712273024e-004
5.9448000000000002e+003 	2.7335570528621970e-004 	3.2853124892767798e-005 	3.0620883017898744e-004
6.1496000000000004e+003 	2.5963518194050192e-004 	3.1468055138370430e-005 	2.9110323707887245e-004
6.3543999999999996e+003 	2.4706247119328072e-004 	3.0173559932995326e-005 	2.7723603112627591e-004
6.5591999999999998e+003 	2.3550114796829953e-004 	2.8960454922293694e-005 	2.6446160289059309e-004
6.7640000000000000e+003 	2.2483525671824527e-004 	2.7820942809432811e-005 	2.5265619952767810e-004
6.9688000000000002e+003 	2.1496573158323804e-004 	2.6748318963828029e-005 	2.4171405054706596e-004
7.1736000000000004e+003 	2.0580751191643740e-004 	2.5736758940196897e-005 	2.3154427085663430e-004
7.3783999999999996e+003 	1.9728720816586991e-004 	2.4781158789365603e-005 	2.2206836695523542e-004
7.5831999999999998e+003 	1.8934120418845430e-004 	2.3877012111779189e-005 	2.1321821630023360e-004
7.7880000000000000e+003 	1.8191410698948111e-004 	2.3020313958036625e-005 	2.0493442094751774e-004
7.9928000000000002e+003 	1.7495747430070445e-004 	2.2207484742668913e-005 	1.9716495904337333e-004
8.1976000000000004e+003 	1.6842876540210423e-004 	2.1435309329344637e-005 	1.8986407473144885e-004
8.4023999999999996e+003 	1.6229047216607573e-004 	2.0700887547338153e-005 	1.8299135971341384e-004
8.6072000000000007e+003 	1.5650939625392978e-004 	2.0001593677661455e-005 	1.7651098993159121e-004
8.8120000000000000e+003 	1.5105604535842380e-004 	1.9347939863004002e-005 	1.7040398522142773e-004
9.2216000000000004e+003 	1.4112822776531892e-004 	1.8128972698336742e-005 	1.5925720046365557e-004
9.6311999999999989e+003 	1.3197741633030283e-004 	1.6988243090059381e-005 	1.4896565942036221e-004
1.0040800000000001e+004 	1.2384449977645160e-004 	1.5939737275254812e-005 	1.3978423705170639e-004
1.0450400000000000e+004 	1.1648429266468558e-004 	1.4976360529739377e-005 	1.3146065319442495e-004
1.0860000000000000e+004 	1.0979681608456580e-004 	1.4088792311551291e-005 	1.2388560839611708e-004
1.1269600000000000e+004 	1.0369820937376231e-004 	1.3268573893306293e-005 	1.1696678326706861e-004
1.1679199999999999e+004 	9.8117877846464054e-005 	1.2508611041163464e-005 	1.1062648888762752e-004
1.2088800000000001e+004 	9.2996029910057790e-005 	1.1802898562845190e-005 	1.0479892847290297e-004
1.2498400000000000e+004 	8.8281681725513013e-005 	1.1146254917062725e-005 	9.9427936642575683e-005
1.2908000000000000e+004 	8.3931073203618209e-005 	1.0534159635306694e-005 	9.4465232838924923e-005
1.3317600000000000e+004 	7.9906414045584673e-005 	9.9626463969959323e-006 	8.9869060442580563e-005
1.3727200000000001e+004 	7.6174886339426014e-005 	9.4282208009259204e-006 	8.5603107140351943e-005
1.4136799999999999e+004 	7.2707845013955124e-005 	8.9277920592076158e-006 	8.1635637073162738e-005
1.4546400000000000e+004 	6.9480171276876490e-005 	8.4586151195073449e-006 	7.7938786396383855e-005
1.4956000000000000e+004 	6.6469745200699003e-005 	8.0182418478892004e-006 	7.4487987048588216e-005
1.5365600000000000e+004 	6.3657011948420569e-005 	7.6044798045478116e-006 	7.1261491752968391e-005
1.5775200000000001e+004 	6.1024622294163442e-005 	7.2153576046460324e-006 	6.8239979898809455e-005
1.6184799999999999e+004 	5.8557132637234849e-005 	6.8490958728353029e-006 	6.5406228510070163e-005
1.6594400000000001e+004 	5.6240753074058208e-005 	6.5040827564856978e-006 	6.2744835830543904e-005
1.7004000000000000e+004 	5.4063134603542756e-005 	6.1788531754425708e-006 	6.0241987778985337e-005
1.7413599999999999e+004 	5.2013188436037300e-005 	5.8720711651998197e-006 	5.7885259601237133e-005
1.7823200000000001e+004 	5.0080931816996408e-005 	5.5825148657943716e-006 	5.5663446682790798e-005
1.8232799999999999e+004 	4.8257355885848286e-005 	5.3090638030113212e-006 	5.3566419688859608e-005
1.8642399999999998e+004 	4.6534311951948233e-005 	5.0506879043382134e-006 	5.1584999856286422e-005
1.9052000000000000e+004 	4.4904413243628684e-005 	4.8064378702415253e-006 	4.9710851113870215e-005
1.9461600000000002e+004 	4.3360949720402763e-005 	4.5754369878950113e-006 	4.7936386708297765e-005
1.9871200000000001e+004 	4.1897813962729563e-005 	4.3568741050422730e-006 	4.6254688067771828e-005
2.0280799999999999e+004 	4.0509436494688031e-005 	4.1499972947377299e-006 	4.4659433789425767e-005
2.0690400000000001e+004 	3.9190729170382924e-005 	3.9541083750766348e-006 	4.3144837545459560e-005
2.1100000000000000e+004 	3.7937035478472481e-005 	3.7685581094148524e-006 	4.1705593587887341e-005
2.1509599999999999e+004 	3.6744086802397660e-005 	3.5927419203783450e-006 	4.0336828722775999e-005
2.1919200000000001e+004 	3.5607963824222845e-005 	3.4260961691979216e-006 	3.9034059993420773e-005
2.2328800000000003e+004 	3.4525062384108979e-005 	3.2680946784780502e-006 	3.7793157062587032e-005
2.2738399999999998e+004 	3.3492063211004699e-005 	3.1182456808758437e-006 	3.6610308891880549e-005
2.3148000000000000e+004 	3.2505905025393069e-005 	2.9760891736338765e-006 	3.5481994199026953e-005
2.3557600000000002e+004 	3.1563760587658321e-005 	2.8411944727611746e-006 	3.4404955060419494e-005
2.3967199999999997e+004 	3.0663015325476790e-005 	2.7131579795206422e-006 	3.3376173304997442e-005
2.4376799999999999e+004 	2.9801248224951486e-005 	2.5916011705207920e-006 	3.2392849395472270e-005
2.4786400000000001e+004 	2.8976214713223321e-005 	2.4761687836644682e-006 	3.1452383496887793e-005
2.5196000000000000e+004 	2.8185831296846202e-005 	2.3665271481560179e-006 	3.0552358445002217e-005
2.5605599999999999e+004 	2.7428161751505279e-005 	2.2597000700477809e-006 	2.9687861821553072e-005
