-1800 0
-1.8000000000000027e+003 0.0000000000000000e+000 0.0000000000000000e+000
1
1 1 1 1
1
         t, ms                         dVp, mV                         dVs, mV                         dV, mV
2.5000000000000000e-001 	1.3727670064347777e-001 	2.5359720352527471e-002 	1.6263642099600525e-001
2.9999999999999999e-001 	1.3748044546579172e-001 	2.5331408270203856e-002 	1.6281185373599555e-001
3.4999999999999998e-001 	1.3758344525214425e-001 	2.5304319458978739e-002 	1.6288776471112296e-001
4.0000000000000002e-001 	1.3766113056899029e-001 	2.5279470518857757e-002 	1.6294060108784811e-001
4.5000000000000001e-001 	1.3773030715585191e-001 	2.5256498061789218e-002 	1.6298680521764114e-001
5.0000000000000000e-001 	1.3779440275586374e-001 	2.5235129059807172e-002 	1.6302953181567101e-001
5.5000000000000004e-001 	1.3785411222990818e-001 	2.5215159828086954e-002 	1.6306927205799512e-001
5.9999999999999998e-001 	1.3790969973103995e-001 	2.5196436195873178e-002 	1.6310613592691312e-001
6.5000000000000002e-001 	1.3796142186271912e-001 	2.5178839382657449e-002 	1.6314026124537653e-001
6.9999999999999996e-001 	1.3800956668452000e-001 	2.5162276132299096e-002 	1.6317184281681915e-001
7.5000000000000000e-001 	1.3805443310600540e-001 	2.5146671579139225e-002 	1.6320110468514459e-001
8.0000000000000004e-001 	1.3809631195544456e-001 	2.5131963953241406e-002 	1.6322827590868605e-001
8.4999999999999998e-001 	1.3813547545891899e-001 	2.5118100653202195e-002 	1.6325357611212113e-001
9.0000000000000002e-001 	1.3817217281172633e-001 	2.5105035380233589e-002 	1.6327720819195995e-001
9.4999999999999996e-001 	1.3820662922602509e-001 	2.5092726100883252e-002 	1.6329935532690834e-001
1.0000000000000000e+000 	1.3823904680971022e-001 	2.5081133649407009e-002 	1.6332018045911723e-001
1.0500000000000000e+000 	1.3826960626460319e-001 	2.5070220806513433e-002 	1.6333982707111655e-001
1.1000000000000001e+000 	1.3829846891551506e-001 	2.5059951722018112e-002 	1.6335842063753314e-001
1.1499999999999999e+000 	1.3832577877624613e-001 	2.5050291578184853e-002 	1.6337607035443102e-001
1.2000000000000000e+000 	1.3835166450097483e-001 	2.5041403307419732e-002 	1.6339306780839460e-001
1.3000000000000000e+000 	1.3889334646071358e-001 	2.5025212920624349e-002 	1.6391855938133792e-001
1.3999999999999999e+000 	1.3844334292758453e-001 	2.5010505489603468e-002 	1.6345384841718796e-001
1.5000000000000000e+000 	1.3848309110214235e-001 	2.4997414985534198e-002 	1.6348050608767645e-001
1.6000000000000001e+000 	1.3851949962018778e-001 	2.4985766217279118e-002 	1.6350526583746688e-001
1.7000000000000000e+000 	1.3855300366825246e-001 	2.4975371442570213e-002 	1.6352837511082260e-001
1.8000000000000000e+000 	1.3858396645675403e-001 	2.4966050914963515e-002 	1.6355001737171757e-001
1.8999999999999999e+000 	1.3861269201901855e-001 	2.4957639901769395e-002 	1.6357033192078790e-001
2.0000000000000000e+000 	1.3863943634082929e-001 	2.4949990740493890e-002 	1.6358942708132312e-001
2.1000000000000001e+000 	1.3866441642129695e-001 	2.4942972953259538e-002 	1.6360738937455649e-001
2.2000000000000002e+000 	1.3868781747635664e-001 	2.4936472547746377e-002 	1.6362429002410303e-001
2.2999999999999998e+000 	1.3870979864626032e-001 	2.4930390933839579e-002 	1.6364018958009988e-001
2.3999999999999999e+000 	1.3873049752051983e-001 	2.4924643664927679e-002 	1.6365514118544752e-001
2.5000000000000000e+000 	1.3875003375160921e-001 	2.4919159103932283e-002 	1.6366919285554149e-001
2.6000000000000001e+000 	1.3876851196148340e-001 	2.4913877071844396e-002 	1.6368238903332774e-001
2.7000000000000002e+000 	1.3878602409130558e-001 	2.4908747539056936e-002 	1.6369477163036250e-001
2.7999999999999998e+000 	1.3880265131253447e-001 	2.4903729370473450e-002 	1.6370638068300780e-001
2.8999999999999999e+000 	1.3881846559838382e-001 	2.4898789151506496e-002 	1.6371725474989032e-001
3.0000000000000000e+000 	1.3883353101199333e-001 	2.4893900111260737e-002 	1.6372743112325411e-001
3.1000000000000001e+000 	1.3884790477772324e-001 	2.4889041145586984e-002 	1.6373694592331026e-001
3.2000000000000002e+000 	1.3886163817030597e-001 	2.4884195942385105e-002 	1.6374583411269103e-001
3.2999999999999998e+000 	1.3887477726954109e-001 	2.4879352208328917e-002 	1.6375412947786999e-001
3.3999999999999999e+000 	1.3888736359255496e-001 	2.4874496515870214e-002 	1.6376186010842519e-001
3.6000000000000001e+000 	1.3905595213547126e-001 	2.4864728734507673e-002 	1.6392068086997896e-001
3.7999999999999998e+000 	1.3893296384589876e-001 	2.4854894921743996e-002 	1.6378785876764271e-001
4.0000000000000000e+000 	1.3895326392813065e-001 	2.4845001474595202e-002 	1.6379826540272582e-001
4.2000000000000002e+000 	1.3897214692144408e-001 	2.4835052780139387e-002 	1.6380719970158353e-001
4.4000000000000004e+000 	1.3898977002634669e-001 	2.4825063163732990e-002 	1.6381483319007970e-001
4.5999999999999996e+000 	1.3900627049072595e-001 	2.4815055678098222e-002 	1.6382132616882425e-001
4.7999999999999998e+000 	1.3902176975200606e-001 	2.4805057873740970e-002 	1.6382682762574702e-001
5.0000000000000000e+000 	1.3903637690507190e-001 	2.4795098498107664e-002 	1.6383147540317952e-001
5.2000000000000002e+000 	1.3905019129940313e-001 	2.4785205674735453e-002 	1.6383539697413854e-001
5.4000000000000004e+000 	1.3906330431330796e-001 	2.4775406035558126e-002 	1.6383871034886610e-001
5.5999999999999996e+000 	1.3907580044934015e-001 	2.4765724356078607e-002 	1.6384152480541875e-001
5.7999999999999998e+000 	1.3908775791937780e-001 	2.4756183426812496e-002 	1.6384394134619029e-001
6.0000000000000000e+000 	1.3909924887834502e-001 	2.4746804039361300e-002 	1.6384605291770632e-001
6.2000000000000002e+000 	1.3911033943545559e-001 	2.4737605012659019e-002 	1.6384794444811471e-001
6.4000000000000004e+000 	1.3912108956881467e-001 	2.4728603223373759e-002 	1.6384969279218847e-001
6.5999999999999996e+000 	1.3913155300827817e-001 	2.4719813648546984e-002 	1.6385136665682509e-001
6.7999999999999998e+000 	1.3914177715460632e-001 	2.4711249395300793e-002 	1.6385302654990719e-001
7.0000000000000000e+000 	1.3915180306192437e-001 	2.4702921719246710e-002 	1.6385472478117094e-001
7.2000000000000002e+000 	1.3916166550533593e-001 	2.4694840045210217e-002 	1.6385650555054607e-001
7.4000000000000004e+000 	1.3917139313249194e-001 	2.4687011965527798e-002 	1.6385840509801974e-001
7.5999999999999996e+000 	1.3918100869412348e-001 	2.4679546097100758e-002 	1.6386055479122411e-001
8.0000000000000000e+000 	1.3927801044956814e-001 	2.4665434924483660e-002 	1.6394344537405178e-001
8.4000000000000004e+000 	1.3921861882583630e-001 	2.4652177221373871e-002 	1.6387079604721022e-001
8.8000000000000007e+000 	1.3923693830599648e-001 	2.4639918409403220e-002 	1.6387685671539967e-001
9.1999999999999993e+000 	1.3925488924108834e-001 	2.4628632537904011e-002 	1.6388352177899232e-001
9.5999999999999996e+000 	1.3927238501961367e-001 	2.4618257262883636e-002 	1.6389064228249731e-001
1.0000000000000000e+001 	1.3928930789250613e-001 	2.4608705252328500e-002 	1.6389801314483465e-001
1.0400000000000000e+001 	1.3930551862027143e-001 	2.4599869576711193e-002 	1.6390538819698258e-001
1.0800000000000001e+001 	1.3932086499627264e-001 	2.4591627081570828e-002 	1.6391249207784353e-001
1.1199999999999999e+001 	1.3933518890753799e-001 	2.4583841395253707e-002 	1.6391903030279176e-001
1.1600000000000000e+001 	1.3934833190606966e-001 	2.4576365982712088e-002 	1.6392469788878172e-001
1.2000000000000000e+001 	1.3936013940606495e-001 	2.4569047170252704e-002 	1.6392918657631769e-001
1.2400000000000000e+001 	1.3937046368688605e-001 	2.4561727029549750e-002 	1.6393219071643586e-001
1.2800000000000001e+001 	1.3937916590171193e-001 	2.4554246041702872e-002 	1.6393341194341479e-001
1.3199999999999999e+001 	1.3938611728622660e-001 	2.4546445474820107e-002 	1.6393256276104676e-001
1.3600000000000000e+001 	1.3939119974557235e-001 	2.4538169477861433e-002 	1.6392936922343376e-001
1.4000000000000000e+001 	1.3939430597268490e-001 	2.4529266878778901e-002 	1.6392357285146381e-001
1.4400000000000000e+001 	1.3939533922831251e-001 	2.4519592694133834e-002 	1.6391493192244633e-001
1.4800000000000001e+001 	1.3939421288669032e-001 	2.4509009366992979e-002 	1.6390322225368331e-001
1.5199999999999999e+001 	1.3939084982994232e-001 	2.4497387737078671e-002 	1.6388823756702095e-001
1.5600000000000000e+001 	1.3938518175735737e-001 	2.4484607782164228e-002 	1.6386978953952158e-001
1.6000000000000000e+001 	1.3937714845544968e-001 	2.4469991945400081e-002 	1.6384714040084974e-001
1.6800000000000001e+001 	1.3940724787973496e-001 	2.4436254706160170e-002 	1.6384350258589508e-001
1.7600000000000001e+001 	1.3932030122973402e-001 	2.4397355417061842e-002 	1.6371765664679594e-001
1.8399999999999999e+001 	1.3927662283738362e-001 	2.4351985567346246e-002 	1.6362860840472992e-001
1.9199999999999999e+001 	1.3922249999971240e-001 	2.4299729767536214e-002 	1.6352222976724859e-001
2.0000000000000000e+001 	1.3915779216131682e-001 	2.4240323707800493e-002 	1.6339811586911734e-001
2.0800000000000001e+001 	1.3908240392405108e-001 	2.4173645718163477e-002 	1.6325604964221455e-001
2.1600000000000001e+001 	1.3899627824982300e-001 	2.4099696956391435e-002 	1.6309597520621441e-001
2.2399999999999999e+001 	1.3889939081173286e-001 	2.4018576435819880e-002 	1.6291796724755273e-001
2.3199999999999999e+001 	1.3879174565467037e-001 	2.3930461706075788e-002 	1.6272220736074614e-001
2.4000000000000000e+001 	1.3867337197021204e-001 	2.3835594846037166e-002 	1.6250896681624921e-001
2.4800000000000001e+001 	1.3854432171272518e-001 	2.3734270760836639e-002 	1.6227859247356183e-001
2.5600000000000001e+001 	1.3840466779882529e-001 	2.3626826225506985e-002 	1.6203149402433234e-001
2.6399999999999999e+001 	1.3825450268157488e-001 	2.3513629503292423e-002 	1.6176813218486732e-001
2.7199999999999999e+001 	1.3809393714506502e-001 	2.3395070840111241e-002 	1.6148900798517621e-001
2.8000000000000000e+001 	1.3792309920748846e-001 	2.3271554079999049e-002 	1.6119465328748747e-001
2.8800000000000001e+001 	1.3774213306428301e-001 	2.3143489478613982e-002 	1.6088562254289701e-001
2.9600000000000001e+001 	1.3755119802565086e-001 	2.3011287674871816e-002 	1.6056248570052267e-001
3.0399999999999999e+001 	1.3735046742864879e-001 	2.2875354718230077e-002 	1.6022582214687883e-001
3.1199999999999999e+001 	1.3714012751627264e-001 	2.2736088042485839e-002 	1.5987621555875858e-001
3.2000000000000000e+001 	1.3692037628581979e-001 	2.2593873267150968e-002 	1.5951424955297075e-001
3.2800000000000004e+001 	1.3669142231531856e-001 	2.2449081722288555e-002 	1.5914050403760704e-001
3.3600000000000001e+001 	1.3645348357935494e-001 	2.2302068599030205e-002 	1.5875555217838516e-001
3.4399999999999999e+001 	1.3620678626655505e-001 	2.2152690769158833e-002 	1.5835947703571387e-001
3.6000000000000000e+001 	1.3570923633335533e-001 	2.1849956289444299e-002 	1.5755919262279949e-001
3.7600000000000001e+001 	1.3513793028281776e-001 	2.1544610311497198e-002 	1.5668254059431497e-001
3.9199999999999996e+001 	1.3455735067027283e-001 	2.1237427606013638e-002 	1.5579477827628641e-001
4.0800000000000004e+001 	1.3394862160077955e-001 	2.0929951982272346e-002 	1.5487857358305193e-001
4.2399999999999999e+001 	1.3331374193077919e-001 	2.0623601453174642e-002 	1.5393734338395385e-001
4.4000000000000000e+001 	1.3265469665327878e-001 	2.0319602379196420e-002 	1.5297429903247525e-001
4.5600000000000001e+001 	1.3197343492779071e-001 	2.0018975673012088e-002 	1.5199241060080276e-001
4.7199999999999996e+001 	1.3127185357806045e-001 	1.9722550493490025e-002 	1.5099440407155046e-001
4.8800000000000004e+001 	1.3055178457498109e-001 	1.9430987124683084e-002 	1.4998277169966417e-001
5.0399999999999999e+001 	1.2981498578209894e-001 	1.9144799778424659e-002 	1.4895978556052367e-001
5.2000000000000000e+001 	1.2906313446540890e-001 	1.8864377185745487e-002 	1.4792751165115439e-001
5.3600000000000001e+001 	1.2829782314451993e-001 	1.8590001137240873e-002 	1.4688782428176081e-001
5.5199999999999996e+001 	1.2752055739917226e-001 	1.8321863192914262e-002 	1.4584242059208655e-001
5.6800000000000004e+001 	1.2673275527806058e-001 	1.8060079573855605e-002 	1.4479283485191621e-001
5.8399999999999999e+001 	1.2593574799396187e-001 	1.7804704224221798e-002 	1.4374045221818371e-001
6.0000000000000000e+001 	1.2513078162620084e-001 	1.7555740110664284e-002 	1.4268652173686514e-001
6.1600000000000001e+001 	1.2431901959041110e-001 	1.7313148891853335e-002 	1.4163216848226448e-001
6.3200000000000003e+001 	1.2350154567162637e-001 	1.7076859128061627e-002 	1.4057840479968797e-001
6.4799999999999997e+001 	1.2267936745149997e-001 	1.6846773205432153e-002 	1.3952614065693211e-001
6.6400000000000006e+001 	1.2185341998982191e-001 	1.6622773138665850e-002 	1.3847619312848777e-001
6.8000000000000000e+001 	1.2102456964865597e-001 	1.6404725412398201e-002 	1.3742929506105417e-001
6.9599999999999994e+001 	1.2019361796905564e-001 	1.6194614269372840e-002 	1.3638823223842841e-001
7.2799999999999997e+001 	1.1853768145816179e-001 	1.5791470999732889e-002 	1.3432915245789467e-001
7.6000000000000000e+001 	1.1686449093901188e-001 	1.5405281462240189e-002 	1.3226977240125212e-001
7.9200000000000003e+001 	1.1520385689638116e-001 	1.5038494580540671e-002 	1.3024235147692179e-001
8.2400000000000006e+001 	1.1355097989930177e-001 	1.4690261242419671e-002 	1.2824124114172142e-001
8.5599999999999994e+001 	1.1190904807021425e-001 	1.4359494486278844e-002 	1.2626854255649311e-001
8.8799999999999997e+001 	1.1028074754606595e-001 	1.4045066991838660e-002 	1.2432581453790469e-001
9.2000000000000000e+001 	1.0866831984771318e-001 	1.3745880966215257e-002 	1.2241420081392847e-001
9.5200000000000003e+001 	1.0707362032879421e-001 	1.3460893246636838e-002 	1.2053451357543102e-001
9.8400000000000006e+001 	1.0549817170239947e-001 	1.3189124413455726e-002 	1.1868729611585521e-001
1.0159999999999999e+002 	1.0394321117030916e-001 	1.2929661403454565e-002 	1.1687287257376372e-001
1.0480000000000001e+002 	1.0240973124601876e-001 	1.2681656883243615e-002 	1.1509138812926241e-001
1.0800000000000000e+002 	1.0089851486520052e-001 	1.2444326820731239e-002 	1.1334284168593180e-001
1.1119999999999999e+002 	9.9410165493140065e-002 	1.2216947093508080e-002 	1.1162711258664816e-001
1.1440000000000001e+002 	9.7945132919027039e-002 	1.1998849666735104e-002 	1.0994398258576216e-001
1.1759999999999999e+002 	9.6503735359256895e-002 	1.1789418656420985e-002 	1.0829315401567788e-001
1.2080000000000001e+002 	9.5086178413835709e-002 	1.1588086455279341e-002 	1.0667426486911501e-001
1.2400000000000000e+002 	9.3692571343851894e-002 	1.1394330017808176e-002 	1.0508690136166002e-001
1.2720000000000000e+002 	9.2322941068743863e-002 	1.1207667347403265e-002 	1.0353060841614710e-001
1.3039999999999998e+002 	9.0977244221185624e-002 	1.1027654201735777e-002 	1.0200489842292140e-001
1.3359999999999999e+002 	8.9655377545446266e-002 	1.0853881023680168e-002 	1.0050925856912644e-001
1.3680000000000001e+002 	8.8357186880656885e-002 	1.0685970093686043e-002 	9.9043156974342864e-002
1.4000000000000000e+002 	8.7082474932297385e-002 	1.0525473676178695e-002 	9.7607948608476089e-002
1.4640000000000001e+002 	8.4615743930783027e-002 	1.0219778774307334e-002 	9.4835522705090353e-002
1.5279999999999998e+002 	8.2212322268088639e-002 	9.9285556496170758e-003 	9.2140877917705671e-002
1.5920000000000002e+002 	7.9910574012691679e-002 	9.6533870151966853e-003 	8.9563961027888356e-002
1.6559999999999999e+002 	7.7694185449723507e-002 	9.3930146754557034e-003 	8.7087200125179232e-002
1.7200000000000000e+002 	7.5560289943101766e-002 	9.1461314741336786e-003 	8.4706421417235445e-002
1.7840000000000001e+002 	7.3505933419430555e-002 	8.9115197830895651e-003 	8.2417453202520127e-002
1.8479999999999998e+002 	7.1528127707347594e-002 	8.6880856139288764e-003 	8.0216213321276458e-002
1.9120000000000002e+002 	6.9623890718330708e-002 	8.4748622897619225e-003 	7.8098753008092645e-002
1.9759999999999999e+002 	6.7790276413897829e-002 	8.2710014437672053e-003 	7.6061277857665019e-002
2.0400000000000000e+002 	6.6024396808761640e-002 	8.0757587997084424e-003 	7.4100155608470136e-002
2.1040000000000001e+002 	6.4323437784825077e-002 	7.8884793967320104e-003 	7.2211917181557089e-002
2.1679999999999998e+002 	6.2684670114995122e-002 	7.7085843511439586e-003 	7.0393254466139088e-002
2.2320000000000002e+002 	6.1105456792819125e-002 	7.5355596419630268e-003 	6.8641016434782140e-002
2.2959999999999999e+002 	5.9583257523791219e-002 	7.3689467689213558e-003 	6.6952204292712605e-002
2.3600000000000000e+002 	5.8115631044906357e-002 	7.2083349801721694e-003 	6.5323966025078534e-002
2.4240000000000001e+002 	5.6700235792129315e-002 	7.0533547741627673e-003 	6.3753590566292068e-002
2.4879999999999998e+002 	5.5334829321090163e-002 	6.9036724355768719e-003 	6.2238501756667036e-002
2.5519999999999999e+002 	5.4017266797225391e-002 	6.7589854246182957e-003 	6.0776252221843692e-002
2.6160000000000002e+002 	5.2745498802415906e-002 	6.6190184704655484e-003 	5.9364517272881452e-002
2.6800000000000000e+002 	5.1517568650667193e-002 	6.4835202445064103e-003 	5.8001088895173601e-002
2.7439999999999998e+002 	5.0331609363138817e-002 	6.3537735198530695e-003 	5.6685382882991894e-002
2.8719999999999999e+002 	4.8093924884143505e-002 	6.1062725987179626e-003 	5.4200197482861472e-002
3.0000000000000000e+002 	4.5968443707500473e-002 	5.8702201693706770e-003 	5.1838663876871152e-002
3.1280000000000001e+002 	4.3996226627926155e-002 	5.6470547996889759e-003 	4.9643281427615128e-002
3.2560000000000002e+002 	4.2148969185608315e-002 	5.4360251851998239e-003 	4.7584994370808133e-002
3.3839999999999998e+002 	4.0416747224916595e-002 	5.2362819004819691e-003 	4.5653029125398585e-002
3.5119999999999999e+002 	3.8790504487969155e-002 	5.0469854113411178e-003 	4.3837489899310259e-002
3.6400000000000000e+002 	3.7261997431092507e-002 	4.8673582633316651e-003 	4.2129355694424178e-002
3.7680000000000001e+002 	3.5823725609123565e-002 	4.6966997881469578e-003 	4.0520425397270521e-002
3.8960000000000002e+002 	3.4468861869021664e-002 	4.5343818164649734e-003 	3.9003243685486640e-002
4.0239999999999998e+002 	3.3191186991865074e-002 	4.3798393541412163e-003 	3.7571026346006293e-002
4.1519999999999999e+002 	3.1985030050207246e-002 	4.2325616324861660e-003 	3.6217591682693423e-002
4.2800000000000000e+002 	3.0845214560178212e-002 	4.0920846442679222e-003 	3.4937299204446125e-002
4.4080000000000001e+002 	2.9767010096896484e-002 	3.9579850677508273e-003 	3.3724995164647317e-002
4.5360000000000002e+002 	2.8746088913983784e-002 	3.8298752913186627e-003 	3.2575964205302434e-002
4.6639999999999998e+002 	2.7778487085591465e-002 	3.7073992886305159e-003 	3.1485886374221971e-002
4.7919999999999999e+002 	2.6860569708060396e-002 	3.5902291414152661e-003 	3.0450798849475658e-002
4.9200000000000000e+002 	2.5988999731515462e-002 	3.4780620711582113e-003 	2.9467061802673663e-002
5.0480000000000001e+002 	2.5160710030292643e-002 	3.3706178930372516e-003 	2.8531327923329904e-002
5.1759999999999991e+002 	2.4372878359664646e-002 	3.2676368115914364e-003 	2.7640515171256083e-002
5.3039999999999998e+002 	2.3622904883111407e-002 	3.1688774961531915e-003 	2.6791782379264602e-002
5.4320000000000005e+002 	2.2908391988747407e-002 	3.0755598098454805e-003 	2.5983951798592902e-002
5.6879999999999995e+002 	2.1587500325634716e-002 	2.9001666315369018e-003 	2.4487666957171625e-002
5.9440000000000009e+002 	2.0357881381148839e-002 	2.7353533394372065e-003 	2.3093234720586039e-002
6.2000000000000000e+002 	1.9245546609020836e-002 	2.5824331147259508e-003 	2.1827979723746786e-002
6.4559999999999991e+002 	1.8225976878000115e-002 	2.4406225250858818e-003 	2.0666599403085996e-002
6.7120000000000005e+002 	1.7289029880338133e-002 	2.3090150191901388e-003 	1.9598044899528280e-002
6.9679999999999995e+002 	1.6425862021649466e-002 	2.1867182353016977e-003 	1.8612580256951165e-002
7.2240000000000009e+002 	1.5628765643268500e-002 	2.0729115111332505e-003 	1.7701677154401754e-002
7.4800000000000000e+002 	1.4891010273518515e-002 	1.9668577631883548e-003 	1.6857868036706868e-002
7.7359999999999991e+002 	1.4206702332199870e-002 	1.8678984912525055e-003 	1.6074600823452370e-002
7.9920000000000005e+002 	1.3570665252635956e-002 	1.7754447666389519e-003 	1.5346110019274909e-002
8.2479999999999995e+002 	1.2978338189466494e-002 	1.6889683593452221e-003 	1.4667306548811711e-002
8.5040000000000009e+002 	1.2425690631015810e-002 	1.6079940247112332e-003 	1.4033684655727050e-002
8.7600000000000000e+002 	1.1909150328654106e-002 	1.5320929951289216e-003 	1.3441243323783025e-002
9.0159999999999991e+002 	1.1425542302149027e-002 	1.4608774562170559e-003 	1.2886419758366081e-002
9.2720000000000005e+002 	1.0972037052108068e-002 	1.3939958206934196e-003 	1.2366032872801486e-002
9.5279999999999995e+002 	1.0546106441363820e-002 	1.3311286625283651e-003 	1.1877235103892188e-002
9.7840000000000009e+002 	1.0145485983419706e-002 	1.2719851847950916e-003 	1.1417471168214796e-002
1.0040000000000000e+003 	9.7681425020057274e-003 	1.2163001358111115e-003 	1.0984442637816835e-002
1.0296000000000001e+003 	9.4122463088585611e-003 	1.1638311147904147e-003 	1.0576077423648973e-002
1.0551999999999998e+003 	9.0761471954910571e-003 	1.1143562129071784e-003 	1.0190503408398237e-002
1.0808000000000000e+003 	8.7583536551648095e-003 	1.0676719356399096e-003 	9.8260255908047215e-003
1.1064000000000001e+003 	8.4575148496338834e-003 	1.0235913647670275e-003 	9.4811062144009098e-003
1.1320000000000000e+003 	8.1724049154310290e-003 	9.8281276299838930e-004 	9.1552176784294188e-003
1.1832000000000000e+003 	7.6488865462273721e-003 	9.0791788190377196e-004 	8.5568044281311428e-003
1.2343999999999999e+003 	7.1658783152629586e-003 	8.3910780220181785e-004 	8.0049861174647779e-003
1.2856000000000001e+003 	6.7325246559175878e-003 	7.7706158956830076e-004 	7.5095862454858889e-003
1.3368000000000000e+003 	6.3382725265613091e-003 	7.2119443598045940e-004 	7.0594669625417697e-003
1.3880000000000000e+003 	5.9784429410207436e-003 	6.7085917668151685e-004 	6.6493021177022587e-003
1.4392000000000000e+003 	5.6490346071260931e-003 	6.2543865402916044e-004 	6.2744732611552554e-003
1.4903999999999999e+003 	5.3466222225024753e-003 	5.8437942936582598e-004 	5.9310016518682998e-003
1.5416000000000001e+003 	5.0682630218380972e-003 	5.4719573194149851e-004 	5.6154587537795972e-003
1.5928000000000000e+003 	4.8114174463920406e-003 	5.1346298760147153e-004 	5.3248804339935119e-003
1.6440000000000000e+003 	4.5738836167068392e-003 	4.8280941071376216e-004 	5.0566930274206006e-003
1.6952000000000000e+003 	4.3537436355527122e-003 	4.5490837274181486e-004 	4.8086520082945275e-003
1.7463999999999999e+003 	4.1493195850515205e-003 	4.2947202575122886e-004 	4.5787916108027482e-003
1.7976000000000001e+003 	3.9591373483481018e-003 	4.0624603320029215e-004 	4.3653833815483940e-003
1.8488000000000000e+003 	3.7818967273703292e-003 	3.8500516369723801e-004 	4.1669018910675667e-003
1.9000000000000000e+003 	3.6164466371021490e-003 	3.6554956772415274e-004 	3.9819962048263033e-003
1.9512000000000000e+003 	3.4617644099997234e-003 	3.4770160904607536e-004 	3.8094660190457980e-003
2.0024000000000001e+003 	3.3169384445683832e-003 	3.3130314393462596e-004 	3.6482415885030089e-003
2.0535999999999999e+003 	3.1811535887929336e-003 	3.1621317438564078e-004 	3.4973667631785737e-003
2.1048000000000002e+003 	3.0536787714418564e-003 	3.0230581736181858e-004 	3.3559845888036740e-003
2.1560000000000000e+003 	2.9338564900199295e-003 	2.8946854202012542e-004 	3.2233250320400542e-003
2.2071999999999998e+003 	2.8210938394312526e-003 	2.7760063261698665e-004 	3.0986944720482394e-003
2.2584000000000001e+003 	2.7148548249325091e-003 	2.6692453613040405e-004 	2.9817793610629117e-003
2.3607999999999997e+003 	2.5213894620967421e-003 	2.4784956840171439e-004 	2.7692390304984559e-003
2.4632000000000003e+003 	2.3449759253017051e-003 	2.3071154596208290e-004 	2.5756874712637885e-003
2.5655999999999999e+003 	2.1885696014998669e-003 	2.1569774382820738e-004 	2.4042673453280733e-003
2.6680000000000000e+003 	2.0479516247576008e-003 	2.0254583131373957e-004 	2.2504974560713410e-003
2.7704000000000001e+003 	1.9211148346053519e-003 	1.9097695539934965e-004 	2.1120917900047027e-003
2.8727999999999997e+003 	1.8063485961008552e-003 	1.8074036341959250e-004 	1.9870889595204480e-003
2.9752000000000003e+003 	1.7021935030583294e-003 	1.7162580645261068e-004 	1.8738193095109402e-003
3.0775999999999999e+003 	1.6074001925860503e-003 	1.6346060311176998e-004 	1.7708607956978208e-003
3.1800000000000000e+003 	1.5208946220323536e-003 	1.5610304283539934e-004 	1.6769976648677522e-003
3.2824000000000001e+003 	1.4417495188971366e-003 	1.4943628018996208e-004 	1.5911857990870992e-003
3.3847999999999997e+003 	1.3691610485335485e-003 	1.4336347107405387e-004 	1.5125245196076023e-003
3.4872000000000003e+003 	1.3024297148033575e-003 	1.3780397733667926e-004 	1.4402336921400364e-003
3.5895999999999999e+003 	1.2409446524131596e-003 	1.3269037696471739e-004 	1.3736350293778769e-003
3.6920000000000000e+003 	1.1841706349757872e-003 	1.2796607602774175e-004 	1.3121367110035293e-003
3.7944000000000001e+003 	1.1316372666662425e-003 	1.2358338620089364e-004 	1.2552206528671365e-003
3.8967999999999997e+003 	1.0829299402508484e-003 	1.1950196822586604e-004 	1.2024319084767139e-003
3.9992000000000003e+003 	1.0376822333521959e-003 	1.1568756609226138e-004 	1.1533697994444570e-003
4.1016000000000004e+003 	9.9556948334196690e-004 	1.1211097546652903e-004 	1.1076804588084960e-003
4.2040000000000000e+003 	9.5630333401356597e-004 	1.0874719863607597e-004 	1.0650505326496415e-003
4.3063999999999996e+003 	9.1962708805339141e-004 	1.0557475185742663e-004 	1.0252018399108185e-003
4.4088000000000002e+003 	8.8531173119532549e-004 	1.0257509642084505e-004 	9.8788682761617058e-004
4.5111999999999998e+003 	8.5315251898738370e-004 	9.9799358425844707e-005 	9.5295187741322839e-004
4.7160000000000000e+003 	7.9502242825412568e-004 	9.4652493762626192e-005 	8.8967492201675181e-004
4.9208000000000002e+003 	7.4228459848135460e-004 	8.9830309115372105e-005 	8.3211490759672684e-004
5.1256000000000004e+003 	6.9586893598413816e-004 	8.5406252627364423e-005 	7.8127518861150272e-004
5.3303999999999996e+003 	6.5431241926376064e-004 	8.1347741115281631e-005 	7.3566016037904204e-004
5.5351999999999998e+003 	6.1692029453685505e-004 	7.7608577154364251e-005 	6.9452887169121913e-004
5.7400000000000000e+003 	5.8311488696093929e-004 	7.4147282691930039e-005 	6.5726216965286926e-004
5.9448000000000002e+003 	5.5241550419610620e-004 	7.0930520415137064e-005 	6.2334602461124337e-004
6.1496000000000004e+003 	5.2442064560775643e-004 	6.7931472856840405e-005 	5.9235211846459695e-004
6.3543999999999996e+003 	4.9879329276320081e-004 	6.5127976573707848e-005 	5.6392126933690878e-004
6.5591999999999998e+003 	4.7524904109521579e-004 	6.2501277320276135e-005 	5.3775031841549214e-004
6.7640000000000000e+003 	4.5354659309421018e-004 	6.0035244615787380e-005 	5.1358183770999755e-004
6.9688000000000002e+003 	4.3348014262032297e-004 	5.7715844609155183e-005 	4.9119598722947811e-004
7.1736000000000004e+003 	4.1487325459546516e-004 	5.5530758156204509e-005 	4.7040401275166962e-004
7.3783999999999996e+003 	3.9757392443188838e-004 	5.3469090127931755e-005 	4.5104301455982008e-004
7.5831999999999998e+003 	3.8145057023217276e-004 	5.1521143331582148e-005 	4.3297171356375500e-004
7.7880000000000000e+003 	3.6638876551381026e-004 	4.9678239290746717e-005 	4.1606700480455693e-004
7.9928000000000002e+003 	3.5228856265093829e-004 	4.7932574001170225e-005 	4.0022113665210855e-004
8.1976000000000004e+003 	3.3906228986277549e-004 	4.6277101269334211e-005 	3.8533939113210956e-004
8.4023999999999996e+003 	3.2663272966930082e-004 	4.4705436643180312e-005 	3.7133816631248112e-004
8.6072000000000007e+003 	3.1493160608713698e-004 	4.3211777238028959e-005 	3.5814338332516577e-004
8.8120000000000000e+003 	3.0389832283684855e-004 	4.1823822625292676e-005 	3.4572214546214121e-004
9.2216000000000004e+003 	2.8382436953355579e-004 	3.9240531767983167e-005 	3.2306490130153901e-004
9.6311999999999989e+003 	2.6533086712006735e-004 	3.6819572852073328e-005 	3.0215043997214070e-004
1.0040800000000001e+004 	2.4890638081920735e-004 	3.4605802869357231e-005 	2.8351218368856466e-004
1.0450400000000000e+004 	2.3405077201547168e-004 	3.2582699667122830e-005 	2.6663347168259452e-004
1.0860000000000000e+004 	2.2055985006141555e-004 	3.0727459234009272e-005 	2.5128730929542482e-004
1.1269600000000000e+004 	2.0826254338979173e-004 	2.9020426606375405e-005 	2.3728296999616722e-004
1.1679199999999999e+004 	1.9701499963244723e-004 	2.7445481915472347e-005 	2.2446048154791968e-004
1.2088800000000001e+004 	1.8669550243793735e-004 	2.5989010313386153e-005 	2.1268451275132345e-004
1.2498400000000000e+004 	1.7720036025795666e-004 	2.4639238596416779e-005 	2.0183959885437344e-004
1.2908000000000000e+004 	1.6844064754901756e-004 	2.3385878827486123e-005 	1.9182652637650372e-004
1.3317600000000000e+004 	1.6033962852920485e-004 	2.2219898115950850e-005 	1.8255952664515573e-004
1.3727200000000001e+004 	1.5283071062928969e-004 	2.1133338982263154e-005 	1.7396404961155285e-004
1.4136799999999999e+004 	1.4585580584598303e-004 	2.0119167569397325e-005 	1.6597497341538033e-004
1.4546400000000000e+004 	1.3936400706346394e-004 	1.9171144944465504e-005 	1.5853515200792942e-004
1.4956000000000000e+004 	1.3331050937696325e-004 	1.8283717916730402e-005 	1.5159422729369367e-004
1.5365600000000000e+004 	1.2765572374752188e-004 	1.7451926411818795e-005 	1.4510765015934062e-004
1.5775200000000001e+004 	1.2236454309348224e-004 	1.6671325436250800e-005 	1.3903586852973305e-004
1.6184799999999999e+004 	1.1740573033030451e-004 	1.5937919025196842e-005 	1.3334364935550138e-004
1.6594400000000001e+004 	1.1275140482803242e-004 	1.5248104006736734e-005 	1.2799950883476914e-004
1.7004000000000000e+004 	1.0837660894224650e-004 	1.4598622178042500e-005 	1.2297523112028897e-004
1.7413599999999999e+004 	1.0425894018101995e-004 	1.3986519478165202e-005 	1.1824545965918512e-004
1.7823200000000001e+004 	1.0037823754091162e-004 	1.3409110652598541e-005 	1.1378734819351016e-004
1.8232799999999999e+004 	9.6716312828331382e-005 	1.2863949168974567e-005 	1.0958026199730591e-004
1.8642399999999998e+004 	9.3256719554084464e-005 	1.2348801262616748e-005 	1.0560552081670121e-004
1.9052000000000000e+004 	8.9984553375291673e-005 	1.1861623025425020e-005 	1.0184617640071672e-004
1.9461600000000002e+004 	8.6886279154684958e-005 	1.1400540533693747e-005 	9.8286819688378683e-005
1.9871200000000001e+004 	8.3949580578543132e-005 	1.0963832803497906e-005 	9.4913413382041045e-005
2.0280799999999999e+004 	8.1163228973619032e-005 	1.0549916463606203e-005 	9.1713145437225218e-005
2.0690400000000001e+004 	7.8516968527565120e-005 	1.0157332533494895e-005 	8.8674301061059978e-005
2.1100000000000000e+004 	7.6001415575664734e-005 	9.7847346367987474e-006 	8.5786150212463489e-005
2.1509599999999999e+004 	7.3607969991145784e-005 	9.4308782327671539e-006 	8.3038848223912929e-005
2.1919200000000001e+004 	7.1328737023924589e-005 	9.0946117738304637e-006 	8.0423348797755028e-005
2.2328800000000003e+004 	6.9156458186631837e-005 	8.7748683046552154e-006 	7.7931326491287046e-005
2.2738399999999998e+004 	6.7084449997488094e-005 	8.4706577593265166e-006 	7.5555107756814597e-005
2.3148000000000000e+004 	6.5106549564856374e-005 	8.1810605643600915e-006 	7.3287610129216455e-005
2.3557600000000002e+004 	6.3217066145550220e-005 	7.9052217298170646e-006 	7.1122287875367263e-005
2.3967199999999997e+004 	6.1410737931735828e-005 	7.6423455090505157e-006 	6.9053083440786362e-005
2.4376799999999999e+004 	5.9682693425652058e-005 	7.3916904738245404e-006 	6.7074383899476622e-005
2.4786400000000001e+004 	5.8028416848924621e-005 	7.1525651417801093e-006 	6.5180981990704731e-005
2.5196000000000000e+004 	5.6443717107924618e-005 	6.9243241029964312e-006 	6.3368041210921063e-005
2.5605599999999999e+004 	5.4924699900088953e-005 	6.7013693833505271e-006 	6.1626069283439482e-005
-2100 0
-2.1000000000000027e+003 0.0000000000000000e+000 0.0000000000000000e+000
1
1 1 1 1
1
         t, ms                         dVp, mV                         dVs, mV                         dV, mV
2.5000000000000000e-001 	1.1004494949583268e-001 	1.6860190681295673e-002 	1.2690514017712839e-001
2.9999999999999999e-001 	1.1020298178009533e-001 	1.6833301425180407e-002 	1.2703628320527577e-001
3.4999999999999998e-001 	1.1028287382587358e-001 	1.6807571615644463e-002 	1.2709044544151807e-001
4.0000000000000002e-001 	1.1034313081141552e-001 	1.6783967721589632e-002 	1.2712709853300513e-001
4.5000000000000001e-001 	1.1039678770067060e-001 	1.6762150279926086e-002 	1.2715893798059674e-001
5.0000000000000000e-001 	1.1044650325143161e-001 	1.6741863803293188e-002 	1.2718836705472483e-001
5.5000000000000004e-001 	1.1049281651776813e-001 	1.6722917081410042e-002 	1.2721573359917815e-001
5.9999999999999998e-001 	1.1053593245829860e-001 	1.6705164747118639e-002 	1.2724109720541726e-001
6.5000000000000002e-001 	1.1057605015346018e-001 	1.6688494212819909e-002 	1.2726454436628004e-001
6.9999999999999996e-001 	1.1061339306777376e-001 	1.6672816563732300e-002 	1.2728620963150608e-001
7.5000000000000000e-001 	1.1064819307215583e-001 	1.6658059970018756e-002 	1.2730625304217455e-001
8.0000000000000004e-001 	1.1068067575849930e-001 	1.6644164790838030e-002 	1.2732484054933732e-001
8.4999999999999998e-001 	1.1071105228929849e-001 	1.6631079939799762e-002 	1.2734213222909824e-001
9.0000000000000002e-001 	1.1073951595782232e-001 	1.6618760236446817e-002 	1.2735827619426915e-001
9.4999999999999996e-001 	1.1076624145422244e-001 	1.6607164526103602e-002 	1.2737340598032598e-001
1.0000000000000000e+000 	1.1079138554456686e-001 	1.6596254393751658e-002 	1.2738763993831848e-001
1.0500000000000000e+000 	1.1081508839246511e-001 	1.6585993320338548e-002 	1.2740108171280359e-001
1.1000000000000001e+000 	1.1083747512983741e-001 	1.6576346156602050e-002 	1.2741382128643944e-001
1.1499999999999999e+000 	1.1085865746125859e-001 	1.6567278817629042e-002 	1.2742593627888762e-001
1.2000000000000000e+000 	1.1087873517767963e-001 	1.6558944730155470e-002 	1.2743767990783511e-001
1.3000000000000000e+000 	1.1129886981119197e-001 	1.6543780199489728e-002 	1.2784265001068174e-001
1.3999999999999999e+000 	1.1094984351384507e-001 	1.6530017853225040e-002 	1.2747986136707001e-001
1.5000000000000000e+000 	1.1098067325207948e-001 	1.6517781502908880e-002 	1.2749845475498833e-001
1.6000000000000001e+000 	1.1100891263639723e-001 	1.6506902328005758e-002 	1.2751581496440301e-001
1.7000000000000000e+000 	1.1103489921510497e-001 	1.6497200528996489e-002 	1.2753209974410146e-001
1.8000000000000000e+000 	1.1105891470851470e-001 	1.6488504775933454e-002 	1.2754741948444814e-001
1.8999999999999999e+000 	1.1108119493597832e-001 	1.6480658736159687e-002 	1.2756185367213801e-001
2.0000000000000000e+000 	1.1110193845045589e-001 	1.6473522871354875e-002 	1.2757546132181077e-001
2.1000000000000001e+000 	1.1112131356378185e-001 	1.6466974394182862e-002 	1.2758828795796476e-001
2.2000000000000002e+000 	1.1113946393615436e-001 	1.6460906467185701e-002 	1.2760037040334007e-001
2.2999999999999998e+000 	1.1115651300222704e-001 	1.6455227055984810e-002 	1.2761174005821185e-001
2.3999999999999999e+000 	1.1117256748161483e-001 	1.6449857638536500e-002 	1.2762242512015137e-001
2.5000000000000000e+000 	1.1118772017988227e-001 	1.6444731863386648e-002 	1.2763245204326890e-001
2.6000000000000001e+000 	1.1120205224663725e-001 	1.6439794209704983e-002 	1.2764184645634225e-001
2.7000000000000002e+000 	1.1121563499344510e-001 	1.6434998705469359e-002 	1.2765063369891447e-001
2.7999999999999998e+000 	1.1122853138003598e-001 	1.6430307709876399e-002 	1.2765883908991241e-001
2.8999999999999999e+000 	1.1124079723088016e-001 	1.6425690783091522e-002 	1.2766648801397160e-001
3.0000000000000000e+000 	1.1125248223582170e-001 	1.6421123657448917e-002 	1.2767360589327059e-001
3.1000000000000001e+000 	1.1126363077893911e-001 	1.6416587309492480e-002 	1.2768021808843158e-001
3.2000000000000002e+000 	1.1127428263127637e-001 	1.6412067132116709e-002 	1.2768634976339308e-001
3.2999999999999998e+000 	1.1128447353338125e-001 	1.6407552209230167e-002 	1.2769202574261143e-001
3.3999999999999999e+000 	1.1129423568708408e-001 	1.6403032332584666e-002 	1.2769726801966871e-001
3.6000000000000001e+000 	1.1142499472016504e-001 	1.6393956505475028e-002 	1.2781895122564008e-001
3.7999999999999998e+000 	1.1132960392538534e-001 	1.6384837882635155e-002 	1.2771444180802052e-001
4.0000000000000000e+000 	1.1134534894919429e-001 	1.6375685829495317e-002 	1.2772103477868960e-001
4.2000000000000002e+000 	1.1135999484964693e-001 	1.6366506400571187e-002 	1.2772650125021806e-001
4.4000000000000004e+000 	1.1137366355980154e-001 	1.6357314114226817e-002 	1.2773097767402833e-001
4.5999999999999996e+000 	1.1138646153588543e-001 	1.6348130824091298e-002 	1.2773459235997670e-001
4.7999999999999998e+000 	1.1139848296566718e-001 	1.6338982028715896e-002 	1.2773746499438310e-001
5.0000000000000000e+000 	1.1140981245707188e-001 	1.6329894001585531e-002 	1.2773970645865737e-001
5.2000000000000002e+000 	1.1142052704616234e-001 	1.6320892212240735e-002 	1.2774141925840310e-001
5.4000000000000004e+000 	1.1143069756843640e-001 	1.6312000579119842e-002 	1.2774269814755626e-001
5.5999999999999996e+000 	1.1144038950162712e-001 	1.6303241166338980e-002 	1.2774363066796612e-001
5.7999999999999998e+000 	1.1144966341385106e-001 	1.6294634090416499e-002 	1.2774429750426758e-001
6.0000000000000000e+000 	1.1145857513557525e-001 	1.6286197526987900e-002 	1.2774477266256315e-001
6.2000000000000002e+000 	1.1146717576345735e-001 	1.6277947749797638e-002 	1.2774512351325495e-001
6.4000000000000004e+000 	1.1147551158574610e-001 	1.6269899170599865e-002 	1.2774541075634596e-001
6.5999999999999996e+000 	1.1148362398565710e-001 	1.6262064390664736e-002 	1.2774568837632189e-001
6.7999999999999998e+000 	1.1149154937269261e-001 	1.6254454235502553e-002 	1.2774600360819516e-001
7.0000000000000000e+000 	1.1149931916533622e-001 	1.6247077776306160e-002 	1.2774639694164230e-001
7.2000000000000002e+000 	1.1150695983837848e-001 	1.6239942352609914e-002 	1.2774690219098844e-001
7.4000000000000004e+000 	1.1151449303896825e-001 	1.6233053572887915e-002 	1.2774754661185614e-001
7.5999999999999996e+000 	1.1152193576394200e-001 	1.6226513355026544e-002 	1.2774844911896852e-001
8.0000000000000000e+000 	1.1159712403261897e-001 	1.6214215349108337e-002 	1.2781133938172734e-001
8.4000000000000004e+000 	1.1155099143000602e-001 	1.6202722314631622e-002 	1.2775371374463770e-001
8.8000000000000007e+000 	1.1156509793918744e-001 	1.6192162876690650e-002 	1.2775726081587815e-001
9.1999999999999993e+000 	1.1157887743265968e-001 	1.6182500627363070e-002 	1.2776137806002275e-001
9.5999999999999996e+000 	1.1159225299750578e-001 	1.6173664668544696e-002 	1.2776591766605047e-001
1.0000000000000000e+001 	1.1160512278669116e-001 	1.6165560445239768e-002 	1.2777068323193094e-001
1.0400000000000000e+001 	1.1161736763998226e-001 	1.6158074906630522e-002 	1.2777544254661274e-001
1.0800000000000001e+001 	1.1162885782152744e-001 	1.6151079802856388e-002 	1.2777993762438380e-001
1.1199999999999999e+001 	1.1163945861151899e-001 	1.6144434637060081e-002 	1.2778389324857903e-001
1.1600000000000000e+001 	1.1164903472491916e-001 	1.6137989644625015e-002 	1.2778702436954423e-001
1.2000000000000000e+001 	1.1165745364810942e-001 	1.6131588729287060e-002 	1.2778904237739649e-001
1.2400000000000000e+001 	1.1166458803289783e-001 	1.6125072262243936e-002 	1.2778966029514177e-001
1.2800000000000001e+001 	1.1167031730381158e-001 	1.6118279671852028e-002 	1.2778859697566361e-001
1.3199999999999999e+001 	1.1167452863252036e-001 	1.6111051757787990e-002 	1.2778558039030838e-001
1.3600000000000000e+001 	1.1167711742058524e-001 	1.6103232732414947e-002 	1.2778035015300016e-001
1.4000000000000000e+001 	1.1167798741101362e-001 	1.6094671975538852e-002 	1.2777265938655250e-001
1.4400000000000000e+001 	1.1167705053361958e-001 	1.6085225508295102e-002 	1.2776227604191465e-001
1.4800000000000001e+001 	1.1167422656512287e-001 	1.6074757199403329e-002 	1.2774898376452620e-001
1.5199999999999999e+001 	1.1166944267332721e-001 	1.6063139710367901e-002 	1.2773258238369506e-001
1.5600000000000000e+001 	1.1166263289400900e-001 	1.6050255214997998e-002 	1.2771288810900702e-001
1.6000000000000000e+001 	1.1165373758034672e-001 	1.6035389745340540e-002 	1.2768912732568724e-001
1.6800000000000001e+001 	1.1167084228695705e-001 	1.6000842590484843e-002 	1.2767168487744193e-001
1.7600000000000001e+001 	1.1159618264225887e-001 	1.5960831952366975e-002 	1.2755701459462593e-001
1.8399999999999999e+001 	1.1155373450242580e-001 	1.5914012259920906e-002 	1.2746774676234673e-001
1.9199999999999999e+001 	1.1150183298029787e-001 	1.5859994062915894e-002 	1.2736182704321378e-001
2.0000000000000000e+001 	1.1144027734280305e-001 	1.5798550942024897e-002 	1.2723882828482802e-001
2.0800000000000001e+001 	1.1136890647979676e-001 	1.5729602953924549e-002 	1.2709850943372131e-001
2.1600000000000001e+001 	1.1128759468392947e-001 	1.5653194914759253e-002 	1.2694078959868865e-001
2.2399999999999999e+001 	1.1119624811310407e-001 	1.5569471695785405e-002 	1.2676571980888948e-001
2.3199999999999999e+001 	1.1109480211381807e-001 	1.5478658839809218e-002 	1.2657346095362729e-001
2.4000000000000000e+001 	1.1098321926338199e-001 	1.5381047954638941e-002 	1.2636426721802091e-001
2.4800000000000001e+001 	1.1086148791842339e-001 	1.5276984266569633e-002 	1.2613847218499302e-001
2.5600000000000001e+001 	1.1072962107258831e-001 	1.5166855011668871e-002 	1.2589647608425716e-001
2.6399999999999999e+001 	1.1058765536721453e-001 	1.5051078532493900e-002 	1.2563873389970842e-001
2.7199999999999999e+001 	1.1043565014663910e-001 	1.4930094345690759e-002 	1.2536574449232982e-001
2.8000000000000000e+001 	1.1027368648525775e-001 	1.4804354391667515e-002 	1.2507804087692528e-001
2.8800000000000001e+001 	1.1010186614765695e-001 	1.4674315526662767e-002 	1.2477618167431974e-001
2.9600000000000001e+001 	1.0992031046350539e-001 	1.4540433209414861e-002 	1.2446074367292022e-001
3.0399999999999999e+001 	1.0972915911617380e-001 	1.4403156279841695e-002 	1.2413231539601546e-001
3.1199999999999999e+001 	1.0952856885468545e-001 	1.4262922722677412e-002 	1.2379149157736286e-001
3.2000000000000000e+001 	1.0931871214445245e-001 	1.4120156296959813e-002 	1.2343886844141227e-001
3.2800000000000004e+001 	1.0909977577483704e-001 	1.3975263925174187e-002 	1.2307503970001124e-001
3.3600000000000001e+001 	1.0887195944376178e-001 	1.3828633742145961e-002 	1.2270059318590773e-001
3.4399999999999999e+001 	1.0863547433759896e-001 	1.3680373258794931e-002 	1.2231584759639390e-001
3.6000000000000000e+001 	1.0815367010844584e-001 	1.3381627188434900e-002 	1.2153529729688076e-001
3.7600000000000001e+001 	1.0760815687770951e-001 	1.3082224825574189e-002 	1.2069038170328364e-001
3.9199999999999996e+001 	1.0704871166064293e-001 	1.2783407686745676e-002 	1.1983211934738859e-001
4.0800000000000004e+001 	1.0646135590738058e-001 	1.2486848020696292e-002 	1.1894820392807688e-001
4.2399999999999999e+001 	1.0584811485908173e-001 	1.2194036907493551e-002 	1.1804215176657530e-001
4.4000000000000000e+001 	1.0521101894285829e-001 	1.1906233211517635e-002 	1.1711725215437592e-001
4.5600000000000001e+001 	1.0455207745350113e-001 	1.1624457732837525e-002 	1.1617653518633866e-001
4.7199999999999996e+001 	1.0387325804193791e-001 	1.1349511558629928e-002 	1.1522276960056785e-001
4.8800000000000004e+001 	1.0317647067752819e-001 	1.1082002523023007e-002 	1.1425847320055121e-001
5.0399999999999999e+001 	1.0246355538514657e-001 	1.0822371517696624e-002 	1.1328592690284323e-001
5.2000000000000000e+001 	1.0173627323421726e-001 	1.0570916603156188e-002 	1.1230718983737346e-001
5.3600000000000001e+001 	1.0099630011428661e-001 	1.0327814913081228e-002 	1.1132411502736783e-001
5.5199999999999996e+001 	1.0024522286373157e-001 	1.0093142457330718e-002 	1.1033836532106230e-001
5.6800000000000004e+001 	9.9484537350227845e-002 	9.8668917994638051e-003 	1.0935142914969170e-001
5.8399999999999999e+001 	9.8715648142398180e-002 	9.6489875969174889e-003 	1.0836463573931569e-001
6.0000000000000000e+001 	9.7939869450412068e-002 	9.4393000805469852e-003 	1.0737916953095912e-001
6.1600000000000001e+001 	9.7158427057922186e-002 	9.2376566184794173e-003 	1.0639608367640165e-001
6.3200000000000003e+001 	9.6372461005892127e-002 	9.0438515497357277e-003 	1.0541631255562788e-001
6.4799999999999997e+001 	9.5583028828536351e-002 	8.8576544804277804e-003 	1.0444068330896412e-001
6.6400000000000006e+001 	9.4791109173610666e-002 	8.6788172260468359e-003 	1.0346992639965751e-001
6.8000000000000000e+001 	9.3997605671710338e-002 	8.5070795825494191e-003 	1.0250468525425975e-001
6.9599999999999994e+001 	9.3203350943219215e-002 	8.3446086887107897e-003 	1.0154795963192999e-001
7.2799999999999997e+001 	9.1623360217900573e-002 	8.0392309896399495e-003 	9.9662591207540493e-002
7.6000000000000000e+001 	9.0034948304782050e-002 	7.7528130953121669e-003 	9.7787761400094209e-002
7.9200000000000003e+001 	8.8463134344354294e-002 	7.4876951838245840e-003 	9.5950829528178919e-002
8.2400000000000006e+001 	8.6904711968336434e-002 	7.2424341337275185e-003 	9.4147146102063942e-002
8.5599999999999994e+001 	8.5362793686550850e-002 	7.0153721798414358e-003 	9.2378165866392303e-002
8.8799999999999997e+001 	8.3839940444538658e-002 	6.8048720071803093e-003 	9.0644812451719001e-002
9.2000000000000000e+001 	8.2338227617270818e-002 	6.6093958950084854e-003 	8.8947623512279278e-002
9.5200000000000003e+001 	8.0859311828043914e-002 	6.4275294802446049e-003 	8.7286841308288510e-002
9.8400000000000006e+001 	7.9404492119751868e-002 	6.2579855662471626e-003 	8.5662477685998981e-002
1.0159999999999999e+002 	7.7974763832717717e-002 	6.0996000733932378e-003 	8.4074363906110949e-002
1.0480000000000001e+002 	7.6570865247493236e-002 	5.9513245123719392e-003 	8.2522189759865139e-002
1.0800000000000000e+002 	7.5193317621240860e-002 	5.8122169280174461e-003 	8.1005534549258337e-002
1.1119999999999999e+002 	7.3842459396187707e-002 	5.6814323776604499e-003 	7.9523891773848124e-002
1.1440000000000001e+002 	7.2518475353714584e-002 	5.5582135620567599e-003 	7.8076688915771339e-002
1.1759999999999999e+002 	7.1221421425259793e-002 	5.4418819430562858e-003 	7.6663303368316074e-002
1.2080000000000001e+002 	6.9951245791589581e-002 	5.3318295116395681e-003 	7.5283075303229155e-002
1.2400000000000000e+002 	6.8707806820517914e-002 	5.2275112694581786e-003 	7.3935318089976082e-002
1.2720000000000000e+002 	6.7490888316919753e-002 	5.1284384246838618e-003 	7.2619326741603610e-002
1.3039999999999998e+002 	6.6300212490151542e-002 	5.0341722724497927e-003 	7.1334384762601316e-002
1.3359999999999999e+002 	6.5135450983573651e-002 	4.9443187170232937e-003 	7.0079769700596914e-002
1.3680000000000001e+002 	6.3996234258419257e-002 	4.8585233822701756e-003 	6.8854757640689435e-002
1.4000000000000000e+002 	6.2882159579722596e-002 	4.7777079438832666e-003 	6.7659867523605907e-002
1.4640000000000001e+002 	6.0738840090631109e-002 	4.6260874463513457e-003 	6.5364927536982434e-002
1.5279999999999998e+002 	5.8666931110899989e-002 	4.4836375316041708e-003 	6.3150568642504151e-002
1.5920000000000002e+002 	5.6698026451146938e-002 	4.3511324081801830e-003 	6.1049158859327109e-002
1.6559999999999999e+002 	5.4816528907227574e-002 	4.2275256110256790e-003 	5.9044054518253251e-002
1.7200000000000000e+002 	5.3018556979766755e-002 	4.1118019863521545e-003 	5.7130358966118913e-002
1.7840000000000001e+002 	5.1300257831400076e-002 	4.0030558470052647e-003 	5.5303313678405325e-002
1.8479999999999998e+002 	4.9657853277476294e-002 	3.9005018070631006e-003 	5.3558355084539377e-002
1.9120000000000002e+002 	4.8087670502218564e-002 	3.8034685013352671e-003 	5.1891139003553834e-002
1.9759999999999999e+002 	4.6586162286938529e-002 	3.7113853544333158e-003 	5.0297547641371822e-002
2.0400000000000000e+002 	4.5149919699900336e-002 	3.6237669786662674e-003 	4.8773686678566616e-002
2.1040000000000001e+002 	4.3775679283545040e-002 	3.5401984631086448e-003 	4.7315877746653669e-002
2.1679999999999998e+002 	4.2460326217878881e-002 	3.4603229066793840e-003 	4.5920649124558247e-002
2.2320000000000002e+002 	4.1200894555930553e-002 	3.3838313017808003e-003 	4.4584725857711373e-002
2.2959999999999999e+002 	3.9994565349941884e-002 	3.3104544184214446e-003 	4.3305019768363331e-002
2.3600000000000000e+002 	3.8838663281199198e-002 	3.2399562829501811e-003 	4.2078619564149371e-002
2.4240000000000001e+002 	3.7730652253378578e-002 	3.1721289024532217e-003 	4.0902781155831784e-002
2.4879999999999998e+002 	3.6668130294298280e-002 	3.1067879635317311e-003 	3.9774918257830028e-002
2.5519999999999999e+002 	3.5648824024353411e-002 	3.0437693089525467e-003 	3.8692593333305964e-002
2.6160000000000002e+002 	3.4670582884869371e-002 	2.9829260328826210e-003 	3.7653508917751981e-002
2.6800000000000000e+002 	3.3731373269750849e-002 	2.9241260671915965e-003 	3.6655499336942447e-002
2.7439999999999998e+002 	3.2829272666523961e-002 	2.8679402939618022e-003 	3.5697212960485780e-002
2.8719999999999999e+002 	3.1141283154600612e-002 	2.7609651499088178e-003 	3.3902248304509434e-002
3.0000000000000000e+002 	2.9552468220635942e-002 	2.6590495801704205e-003 	3.2211517800806354e-002
3.1280000000000001e+002 	2.8094097399510031e-002 	2.5627968299344410e-003 	3.0656894229444464e-002
3.2560000000000002e+002 	2.6741409886964589e-002 	2.4718578020753823e-003 	2.9213267689039969e-002
3.3839999999999998e+002 	2.5484843043454691e-002 	2.3858414009127553e-003 	2.7870684444367445e-002
3.5119999999999999e+002 	2.4315792876684748e-002 	2.3043558439704713e-003 	2.6620148720655226e-002
3.6400000000000000e+002 	2.3226535348468164e-002 	2.2270390485727007e-003 	2.5453574397040844e-002
3.7680000000000001e+002 	2.2210136954684895e-002 	2.1535688406927583e-003 	2.4363705795377655e-002
3.8960000000000002e+002 	2.1260368795629703e-002 	2.0836606357032520e-003 	2.3344029431332958e-002
4.0239999999999998e+002 	2.0371628325483584e-002 	2.0170618059974083e-003 	2.2388690131480985e-002
4.1519999999999999e+002 	1.9538869519874002e-002 	1.9535464352735507e-003 	2.1492415955147563e-002
4.2800000000000000e+002 	1.8757541053080778e-002 	1.8929111189624932e-003 	2.0650452172043272e-002
4.4080000000000001e+002 	1.8023531736979112e-002 	1.8349716737352277e-003 	1.9858503410714348e-002
4.5360000000000002e+002 	1.7333122417810563e-002 	1.7795605316187394e-003 	1.9112682949429305e-002
4.6639999999999998e+002 	1.6682943567494540e-002 	1.7265246383561933e-003 	1.8409468205850734e-002
4.7919999999999999e+002 	1.6069937877172081e-002 	1.6757237182071340e-003 	1.7745661595379214e-002
4.9200000000000000e+002 	1.5491327236993264e-002 	1.6270288130572970e-003 	1.7118356050050562e-002
5.0480000000000001e+002 	1.4944583559427578e-002 	1.5803210479284416e-003 	1.6524904607356023e-002
5.1759999999999991e+002 	1.4427402970328393e-002 	1.5354905773311913e-003 	1.5962893547659583e-002
5.3039999999999998e+002 	1.3937682951823703e-002 	1.4924356748794794e-003 	1.5430118626703182e-002
5.4320000000000005e+002 	1.3473502073992028e-002 	1.4516881550701210e-003 	1.4925190229062149e-002
5.6879999999999995e+002 	1.2621810741024392e-002 	1.3749351248460650e-003 	1.3996745865870460e-002
5.9440000000000009e+002 	1.1835091454755999e-002 	1.3025888378632717e-003 	1.3137680292619273e-002
6.2000000000000000e+002 	1.1130138640863619e-002 	1.2352280937085723e-003 	1.2365366734572190e-002
6.4559999999999991e+002 	1.0489234516867832e-002 	1.1725574772331773e-003 	1.1661791994101009e-002
6.7120000000000005e+002 	9.9047554714600545e-003 	1.1142108140650040e-003 	1.1018966285525058e-002
6.9679999999999995e+002 	9.3701427667007668e-003 	1.0598161863162167e-003 	1.0429958953016981e-002
7.2240000000000009e+002 	8.8797537008464267e-003 	1.0090296485187192e-003 	9.8887833493651444e-003
7.4800000000000000e+002 	8.4287213612395852e-003 	9.6154325285167930e-004 	9.3902646140912663e-003
7.7359999999999991e+002 	8.0128334099900510e-003 	9.1708299021864151e-004 	8.9299164002086921e-003
7.9920000000000005e+002 	7.6284304188490122e-003 	8.7540443744223877e-004 	8.5038348562912515e-003
8.2479999999999995e+002 	7.2723214139414679e-003 	8.3628858324568528e-004 	8.1086099971871498e-003
8.5040000000000009e+002 	6.9417138096004088e-003 	7.9953835114349376e-004 	7.7412521607439057e-003
8.7600000000000000e+002 	6.6341551568977510e-003 	7.6497578021548639e-004 	7.3991309371132397e-003
9.0159999999999991e+002 	6.3474845452382812e-003 	7.3243969214846136e-004 	7.0799242373867427e-003
9.2720000000000005e+002 	6.0797918955137710e-003 	7.0178372183533476e-004 	6.7815756173491056e-003
9.5279999999999995e+002 	5.8293837236242808e-003 	6.7287464193808847e-004 	6.5022583655623672e-003
9.7840000000000009e+002 	5.5947542295680750e-003 	6.4559091412970512e-004 	6.2403451436977798e-003
1.0040000000000000e+003 	5.3745607881430972e-003 	6.1982142609514756e-004 	5.9943822142382456e-003
1.0296000000000001e+003 	5.1676030928680889e-003 	5.9546439245613137e-004 	5.7630674853242202e-003
1.0551999999999998e+003 	4.9728053445237579e-003 	5.7242639685407132e-004 	5.5452317413778309e-003
1.0808000000000000e+003 	4.7892009871840788e-003 	5.5062154899594208e-004 	5.3398225361800224e-003
1.1064000000000001e+003 	4.6159195840208174e-003 	5.2997073778200102e-004 	5.1458903218028216e-003
1.1320000000000000e+003 	4.4521754970363505e-003 	5.1080170882342321e-004 	4.9629772058597749e-003
1.1832000000000000e+003 	4.1527345571058805e-003 	4.7544442674385200e-004 	4.6281789838497327e-003
1.2343999999999999e+003 	3.8777375377277274e-003 	4.4278926338162745e-004 	4.3205268011093532e-003
1.2856000000000001e+003 	3.6322799007655394e-003 	4.1317298771191883e-004 	4.0454528884774606e-003
1.3368000000000000e+003 	3.4099786570594500e-003 	3.8636022261544114e-004 	3.7963388796748918e-003
1.3880000000000000e+003 	3.2079406290932491e-003 	3.6207261421524947e-004 	3.5700132433084991e-003
1.4392000000000000e+003 	3.0237095378181328e-003 	3.4003790341415187e-004 	3.3637474412322840e-003
1.4903999999999999e+003 	2.8551971645263854e-003 	3.2001027855651560e-004 	3.1752074430829004e-003
1.5416000000000001e+003 	2.7006210986055133e-003 	3.0177358246011765e-004 	3.0023946810656317e-003
1.5928000000000000e+003 	2.5584524878687572e-003 	2.8513847298286820e-004 	2.8435909608516257e-003
1.6440000000000000e+003 	2.4273732961032071e-003 	2.6993856621899086e-004 	2.6973118623221989e-003
1.6952000000000000e+003 	2.3062415838040586e-003 	2.5602704920893568e-004 	2.5622686330129939e-003
1.7463999999999999e+003 	2.1940632866714544e-003 	2.4327393913210668e-004 	2.4373372258035615e-003
1.7976000000000001e+003 	2.0899691858899585e-003 	2.3156386009721684e-004 	2.3215330459871748e-003
1.8488000000000000e+003 	1.9931960180431777e-003 	2.2079419188381910e-004 	2.2139902099269971e-003
1.9000000000000000e+003 	1.9030708949683138e-003 	2.1087349986897009e-004 	2.1139443948372835e-003
1.9512000000000000e+003 	1.8189983828750273e-003 	2.0172019344834113e-004 	2.0207185763233687e-003
2.0024000000000001e+003 	1.7404497297752813e-003 	1.9326136650918042e-004 	1.9337110962844614e-003
2.0535999999999999e+003 	1.6669538382465749e-003 	1.8543178889957745e-004 	1.8523856271461521e-003
2.1048000000000002e+003 	1.5980896639908072e-003 	1.7817302860091100e-004 	1.7762626925917186e-003
2.1560000000000000e+003 	1.5334797853458449e-003 	1.7143268543497135e-004 	1.7049124707808161e-003
2.2071999999999998e+003 	1.4727849393323762e-003 	1.6516371848695471e-004 	1.6379486578193302e-003
2.2584000000000001e+003 	1.4156993593701806e-003 	1.5948288296127965e-004 	1.5751822423314601e-003
2.3607999999999997e+003 	1.3119866133450178e-003 	1.4923964154654379e-004 	1.4612262548915613e-003
2.4632000000000003e+003 	1.2176863710070018e-003 	1.3994074444636688e-004 	1.3576271154533679e-003
2.5655999999999999e+003 	1.1343310629781753e-003 	1.3169722605805859e-004 	1.2660282890362333e-003
2.6680000000000000e+003 	1.0595927911830332e-003 	1.2439023194471966e-004 	1.1839830231277525e-003
2.7704000000000001e+003 	9.9234988157421186e-004 	1.1788575101953499e-004 	1.1102356325937469e-003
2.8727999999999997e+003 	9.3165042715078405e-004 	1.1206169396369383e-004 	1.0437121211144781e-003
2.9752000000000003e+003 	8.7668562717946688e-004 	1.0681565957292102e-004 	9.8350128675238780e-004
3.0775999999999999e+003 	8.2676575320955303e-004 	1.0206350121826812e-004 	9.2882925442782163e-004
3.1800000000000000e+003 	7.8130001027372346e-004 	9.7735931599888891e-005 	8.7903594187361221e-004
3.2824000000000001e+003 	7.3978006651231225e-004 	9.3775508882418439e-005 	8.3355557539473071e-004
3.3847999999999997e+003 	7.0176665946566582e-004 	9.0134313145152415e-005 	7.9190097261081828e-004
3.4872000000000003e+003 	6.6687868348442084e-004 	8.6772160664347700e-005 	7.5365084414876838e-004
3.5895999999999999e+003 	6.3478425476992250e-004 	8.3655201814933849e-005 	7.1843945658485626e-004
3.6920000000000000e+003 	6.0519335223900041e-004 	8.0754798475936282e-005 	6.8594815071493687e-004
3.7944000000000001e+003 	5.7785171963911370e-004 	7.8046618428005953e-005 	6.5589833806711990e-004
3.8967999999999997e+003 	5.5253578347998981e-004 	7.5509899693875727e-005 	6.2804568317386539e-004
3.9992000000000003e+003 	5.2904839463850802e-004 	7.3126849651648223e-005 	6.0217524429015618e-004
4.1016000000000004e+003 	5.0721524227883045e-004 	7.0882154736452225e-005 	5.7809739701528248e-004
4.2040000000000000e+003 	4.8688181999493376e-004 	6.8762577323034881e-005 	5.5564439731796878e-004
4.3063999999999996e+003 	4.6791084819302746e-004 	6.6756623853489791e-005 	5.3466747204651728e-004
4.4088000000000002e+003 	4.5018007545764258e-004 	6.4854271814849409e-005 	5.1503434727249206e-004
4.5111999999999998e+003 	4.3358039630288209e-004 	6.3088335661183002e-005 	4.9666873196406490e-004
4.7160000000000000e+003 	4.0361795994699981e-004 	5.9804324951763894e-005 	4.6342228489876372e-004
4.9208000000000002e+003 	3.7647794592019011e-004 	5.6721762450014123e-005 	4.3319970837020434e-004
5.1256000000000004e+003 	3.5263430649356501e-004 	5.3889330763028619e-005 	4.0652363725659374e-004
5.3303999999999996e+003 	3.3131976892331131e-004 	5.1288105691784393e-005 	3.8260787461509571e-004
5.5351999999999998e+003 	3.1216833664424095e-004 	4.8890179295162777e-005 	3.6105851593940376e-004
5.7400000000000000e+003 	2.9487640684446270e-004 	4.6670437237853859e-005 	3.4154684408231655e-004
5.9448000000000002e+003 	2.7919191634191541e-004 	4.4608495579933485e-005 	3.2380041192184885e-004
6.1496000000000004e+003 	2.6490477573461500e-004 	4.2687684882322119e-005 	3.0759246061693720e-004
6.3543999999999996e+003 	2.5183898750096381e-004 	4.0894001401064620e-005 	2.9273298890202844e-004
6.5591999999999998e+003 	2.3984630586457796e-004 	3.9215438396534017e-005 	2.7906174426111199e-004
6.7640000000000000e+003 	2.2880117246466488e-004 	3.7641566091489400e-005 	2.6644273855615431e-004
6.9688000000000002e+003 	2.1859667003332002e-004 	3.6163243544087925e-005 	2.5475991357740786e-004
7.1736000000000004e+003 	2.0914127848534992e-004 	3.4772403551262819e-005 	2.4391368203661261e-004
7.3783999999999996e+003 	2.0035626220245718e-004 	3.3461884356394542e-005 	2.3381814655885170e-004
7.5831999999999998e+003 	1.9217355503215811e-004 	3.2225295608692822e-005 	2.2439885064085095e-004
7.7880000000000000e+003 	1.8453403943490804e-004 	3.1056909982846300e-005 	2.1559094941775436e-004
7.9928000000000002e+003 	1.7738613931562246e-004 	2.9951574118691327e-005 	2.0733771343431381e-004
8.1976000000000004e+003 	1.7068466377983643e-004 	2.8904635140218437e-005 	1.9958929892005485e-004
8.4023999999999996e+003 	1.6438985261870345e-004 	2.7911879263449536e-005 	1.9230173188215303e-004
8.6072000000000007e+003 	1.5846658475968825e-004 	2.6969480007625219e-005 	1.8543606476731345e-004
8.8120000000000000e+003 	1.5288371898050762e-004 	2.6094958364288378e-005 	1.7897867734479605e-004
9.2216000000000004e+003 	1.4273252307187955e-004 	2.4469765281834528e-005 	1.6720228835371409e-004
9.6311999999999989e+003 	1.3338538406929527e-004 	2.2949324368851630e-005 	1.5633470843814682e-004
1.0040800000000001e+004 	1.2509013573741508e-004 	2.1561674450375701e-005 	1.4665181018779080e-004
1.0450400000000000e+004 	1.1759159885690311e-004 	2.0295572517634082e-005 	1.3788717137453718e-004
1.0860000000000000e+004 	1.1078546373775745e-004 	1.9136275681682944e-005 	1.2992173941944041e-004
1.1269600000000000e+004 	1.0458444192645055e-004 	1.8071177156989806e-005 	1.2265561908344035e-004
1.1679199999999999e+004 	9.8915214085020637e-005 	1.7089896535205861e-005 	1.1600511062022653e-004
1.2088800000000001e+004 	9.3715806054895797e-005 	1.6183641764658808e-005 	1.0989944781955456e-004
1.2498400000000000e+004 	8.8933470197294075e-005 	1.5344813944042690e-005 	1.0427828414133675e-004
1.2908000000000000e+004 	8.4523008499693967e-005 	1.4566786496850459e-005 	9.9089794996544425e-005
1.3317600000000000e+004 	8.0445448712064744e-005 	1.3843754874289812e-005 	9.4289203586354580e-005
1.3727200000000001e+004 	7.6666994004775639e-005 	1.3170616823866702e-005 	8.9837610828642333e-005
1.4136799999999999e+004 	7.3158182952742467e-005 	1.2542871452764942e-005 	8.5701054405507428e-005
1.4546400000000000e+004 	6.9893211711809748e-005 	1.1956534222647814e-005 	8.1849745934457549e-005
1.4956000000000000e+004 	6.6849382204422947e-005 	1.1408065131222889e-005 	7.8257447335645827e-005
1.5365600000000000e+004 	6.4006649113601029e-005 	1.0894308050856417e-005 	7.4900957164457453e-005
1.5775200000000001e+004 	6.1347245107612952e-005 	1.0412439741570808e-005 	7.1759684849183753e-005
1.6184799999999999e+004 	5.8855368588152389e-005 	9.9599267535092820e-006 	6.8815295341661661e-005
1.6594400000000001e+004 	5.6516921851502352e-005 	9.5344888333910874e-006 	6.6051410684893423e-005
1.7004000000000000e+004 	5.4319290231599414e-005 	9.1340677902003798e-006 	6.3453358021799806e-005
1.7413599999999999e+004 	5.2251154808565555e-005 	8.7568009084931960e-006 	6.1007955717058750e-005
1.7823200000000001e+004 	5.0302332798023487e-005 	8.4009980239670065e-006 	5.8703330821990506e-005
1.8232799999999999e+004 	4.8463640911651740e-005 	8.0651219355079450e-006 	5.6528762847159680e-005
1.8642399999999998e+004 	4.6726777891054908e-005 	7.7477716160823275e-006 	5.4474549507137215e-005
1.9052000000000000e+004 	4.5084223129782904e-005 	7.4476673445659179e-006 	5.2531890474348808e-005
1.9461600000000002e+004 	4.3529148860975239e-005 	7.1636377916737544e-006 	5.0692786652648988e-005
1.9871200000000001e+004 	4.2055343835406073e-005 	6.8946090270284169e-006 	4.8949952862434479e-005
2.0280799999999999e+004 	4.0657146773348989e-005 	6.6395945761714485e-006 	4.7296741349520430e-005
2.0690400000000001e+004 	3.9329388162607934e-005 	6.3976868826946147e-006 	4.5727075045302564e-005
2.1100000000000000e+004 	3.8067339210054942e-005 	6.1680497128549950e-006 	4.4235388922909936e-005
2.1509599999999999e+004 	3.6866666945501494e-005 	5.9499112007305307e-006 	4.2816578146232025e-005
2.1919200000000001e+004 	3.5723394634150374e-005 	5.7425581994123691e-006 	4.1465952833562719e-005
2.2328800000000003e+004 	3.4633866783772611e-005 	5.5453308581389109e-006 	4.0179197641911520e-005
2.2738399999999998e+004 	3.3594718140312873e-005 	5.3576176387202618e-006 	3.8952335779033134e-005
2.3148000000000000e+004 	3.2602846155221218e-005 	5.1788512679033098e-006 	3.7781697423124524e-005
2.3557600000000002e+004 	3.1655386482920883e-005 	5.0085049529276609e-006 	3.6663891435848543e-005
2.3967199999999997e+004 	3.0749691129483660e-005 	4.8460889615362567e-006 	3.5595780091019932e-005
2.4376799999999999e+004 	2.9883308926738576e-005 	4.6911474906398004e-006 	3.4574456417378370e-005
2.4786400000000001e+004 	2.9053968050727762e-005 	4.5432558820901921e-006 	3.3597223932817951e-005
2.5196000000000000e+004 	2.8259560341464551e-005 	4.4020181596711430e-006 	3.2661578501135699e-005
2.5605599999999999e+004 	2.7498127213182584e-005 	4.2640118241853705e-006 	3.1762139037367941e-005
-1500 0
-1.5000000000000000e+003 0.0000000000000000e+000 0.0000000000000000e+000
1
1 1 1 1
1
         t, ms                         dVp, mV                         dVs, mV                         dV, mV
2.5000000000000000e-001 	2.9676737069452789e-002 	8.7460684132180562e-003 	3.8422805482670852e-002
2.9999999999999999e-001 	2.9725946723065846e-002 	8.7428628778955589e-003 	3.8468809600961384e-002
3.4999999999999998e-001 	2.9750822533308841e-002 	8.7398066312568915e-003 	3.8490629164565748e-002
4.0000000000000002e-001 	2.9769584408345161e-002 	8.7370241478893027e-003 	3.8506608556234466e-002
4.5000000000000001e-001 	2.9786291557748687e-002 	8.7344704621324151e-003 	3.8520762019881083e-002
5.0000000000000000e-001 	2.9801771809673118e-002 	8.7321098301123435e-003 	3.8533881639785446e-002
5.5000000000000004e-001 	2.9816192908333133e-002 	8.7299146798150533e-003 	3.8546107588148179e-002
5.9999999999999998e-001 	2.9829618590508134e-002 	8.7278637810184537e-003 	3.8557482371526598e-002
6.5000000000000002e-001 	2.9842110789219140e-002 	8.7259406705845772e-003 	3.8568051459803722e-002
6.9999999999999996e-001 	2.9853739047921869e-002 	8.7241324409468371e-003 	3.8577871488868702e-002
7.5000000000000000e-001 	2.9864575538489594e-002 	8.7224288255171607e-003 	3.8587004364006743e-002
8.0000000000000004e-001 	2.9874690491078503e-002 	8.7208215090774522e-003 	3.8595512000155964e-002
8.4999999999999998e-001 	2.9884149643200672e-002 	8.7193036106550416e-003 	3.8603453253855703e-002
9.0000000000000002e-001 	2.9893013175068699e-002 	8.7178692957235217e-003 	3.8610882470792203e-002
9.4999999999999996e-001 	2.9901335475064895e-002 	8.7165134909810045e-003 	3.8617848966045906e-002
1.0000000000000000e+000 	2.9909165354523481e-002 	8.7152316768604084e-003 	3.8624397031383907e-002
1.0500000000000000e+000 	2.9916546453623745e-002 	8.7140197384163731e-003 	3.8630566192040125e-002
1.1000000000000001e+000 	2.9923517734663424e-002 	8.7128738605573956e-003 	3.8636391595220837e-002
1.1499999999999999e+000 	2.9930113978901503e-002 	8.7117904561863947e-003 	3.8641904435087887e-002
1.2000000000000000e+000 	2.9936366258022876e-002 	8.7107864845190966e-003 	3.8647152742541963e-002
1.3000000000000000e+000 	3.0067209450391236e-002 	8.7089425913716555e-003 	3.8776152041762886e-002
1.3999999999999999e+000 	2.9958509789765754e-002 	8.7072534236566131e-003 	3.8665763213422369e-002
1.5000000000000000e+000 	2.9968110401055143e-002 	8.7057344030008164e-003 	3.8673844804055980e-002
1.6000000000000001e+000 	2.9976904388962389e-002 	8.7043691001047006e-003 	3.8681273489067081e-002
1.7000000000000000e+000 	2.9984996861436557e-002 	8.7031396263678954e-003 	3.8688136487804434e-002
1.8000000000000000e+000 	2.9992475542811189e-002 	8.7020286477470059e-003 	3.8694504190558206e-002
1.8999999999999999e+000 	2.9999413865539195e-002 	8.7010200623263839e-003 	3.8700433927865582e-002
2.0000000000000000e+000 	3.0005873656204666e-002 	8.7000992065910249e-003 	3.8705972862795701e-002
2.1000000000000001e+000 	3.0011907326613255e-002 	8.6992528891788514e-003 	3.8711160215792101e-002
2.2000000000000002e+000 	3.0017559611522068e-002 	8.6984693570941376e-003 	3.8716028968616215e-002
2.2999999999999998e+000 	3.0022868947985996e-002 	8.6977382305372022e-003 	3.8720607178523193e-002
2.3999999999999999e+000 	3.0027868567404095e-002 	8.6970504198667156e-003 	3.8724918987270790e-002
2.5000000000000000e+000 	3.0032587370394527e-002 	8.6963980322155698e-003 	3.8728985402610105e-002
2.6000000000000001e+000 	3.0037050624990343e-002 	8.6957742715377418e-003 	3.8732824896528108e-002
2.7000000000000002e+000 	3.0041280538786123e-002 	8.6951733354159819e-003 	3.8736453874202111e-002
2.7999999999999998e+000 	3.0045296716724800e-002 	8.6945903122158316e-003 	3.8739887028940635e-002
2.8999999999999999e+000 	3.0049116542856875e-002 	8.6940210809009350e-003 	3.8743137623757799e-002
3.0000000000000000e+000 	3.0052755489958460e-002 	8.6934622146980674e-003 	3.8746217704656513e-002
3.1000000000000001e+000 	3.0056227380482456e-002 	8.6929108913179152e-003 	3.8749138271800376e-002
3.2000000000000002e+000 	3.0059544598191532e-002 	8.6923648115233634e-003 	3.8751909409714895e-002
3.2999999999999998e+000 	3.0062718273164223e-002 	8.6918221223363807e-003 	3.8754540395500608e-002
3.3999999999999999e+000 	3.0065758433262320e-002 	8.6912816808943291e-003 	3.8757040114156642e-002
3.6000000000000001e+000 	3.0106481077542581e-002 	8.6901998887446430e-003 	3.8796680966287224e-002
3.7999999999999998e+000 	3.0076772975237351e-002 	8.6891141049906355e-003 	3.8765887080227990e-002
4.0000000000000000e+000 	3.0081676391004366e-002 	8.6880246115629053e-003 	3.8769701002567269e-002
4.2000000000000002e+000 	3.0086237521595532e-002 	8.6869290940675657e-003 	3.8773166615663102e-002
4.4000000000000004e+000 	3.0090494332926709e-002 	8.6858265748409290e-003 	3.8776320907767649e-002
4.5999999999999996e+000 	3.0094479972488611e-002 	8.6847175112207270e-003 	3.8779197483709331e-002
4.7999999999999998e+000 	3.0098223773927395e-002 	8.6836032556993868e-003 	3.8781827029626785e-002
5.0000000000000000e+000 	3.0101752095487790e-002 	8.6824855983331662e-003 	3.8784237693820958e-002
5.2000000000000002e+000 	3.0105088953169705e-002 	8.6813665102686479e-003 	3.8786455463438341e-002
5.4000000000000004e+000 	3.0108256453532836e-002 	8.6802480202135719e-003 	3.8788504473746412e-002
5.5999999999999996e+000 	3.0111275064285539e-002 	8.6791321553901703e-003 	3.8790407219675707e-002
5.7999999999999998e+000 	3.0114163760569575e-002 	8.6780209101105597e-003 	3.8792184670680144e-002
6.0000000000000000e+000 	3.0116940089799430e-002 	8.6769162286627569e-003 	3.8793856318462196e-002
6.2000000000000002e+000 	3.0119620178517534e-002 	8.6758199940275733e-003 	3.8795440172545111e-002
6.4000000000000004e+000 	3.0122218719271353e-002 	8.6747340173059084e-003 	3.8796952736577274e-002
6.5999999999999996e+000 	3.0124748947316281e-002 	8.6736600263282830e-003 	3.8798408973644567e-002
6.7999999999999998e+000 	3.0127222626448680e-002 	8.6725996567570008e-003 	3.8799822283205693e-002
7.0000000000000000e+000 	3.0129650047846110e-002 	8.6715544440184103e-003 	3.8801204491864527e-002
7.2000000000000002e+000 	3.0132040051060349e-002 	8.6705258156461636e-003 	3.8802565866706516e-002
7.4000000000000004e+000 	3.0134400061702208e-002 	8.6695150833123440e-003 	3.8803915145014557e-002
7.5999999999999996e+000 	3.0136736148448504e-002 	8.6685316328120217e-003 	3.8805267781260540e-002
8.0000000000000000e+000 	3.0160208801341962e-002 	8.6666300443877398e-003 	3.8826838845729711e-002
8.4000000000000004e+000 	3.0145922668065289e-002 	8.6648007648289643e-003 	3.8810723432894233e-002
8.8000000000000007e+000 	3.0150438084741927e-002 	8.6630605469058854e-003 	3.8813498631647805e-002
9.1999999999999993e+000 	3.0154900755557826e-002 	8.6614135628654745e-003 	3.8816314318423271e-002
9.5999999999999996e+000 	3.0159298266954772e-002 	8.6598611014181998e-003 	3.8819159368372977e-002
1.0000000000000000e+001 	3.0163611328112429e-002 	8.6584025957487324e-003 	3.8822013923861171e-002
1.0400000000000000e+001 	3.0167815966348675e-002 	8.6570360761010975e-003 	3.8824852042449766e-002
1.0800000000000001e+001 	3.0171885461532492e-002 	8.6557584082261729e-003 	3.8827643869758663e-002
1.1199999999999999e+001 	3.0175791938167506e-002 	8.6545654983803105e-003 	3.8830357436547822e-002
1.1600000000000000e+001 	3.0179507615098612e-002 	8.6534525104917936e-003 	3.8832960125590406e-002
1.2000000000000000e+001 	3.0183005739875469e-002 	8.6524140854029128e-003 	3.8835419825278390e-002
1.2400000000000000e+001 	3.0186261251916216e-002 	8.6514445413781414e-003 	3.8837705793294382e-002
1.2800000000000001e+001 	3.0189251222362334e-002 	8.6505380462207921e-003 	3.8839789268583121e-002
1.3199999999999999e+001 	3.0191955114963018e-002 	8.6496887587076167e-003 	3.8841643873670652e-002
1.3600000000000000e+001 	3.0194354908317299e-002 	8.6488909404542902e-003 	3.8843245848771593e-002
1.4000000000000000e+001 	3.0196435114929608e-002 	8.6481390399753486e-003 	3.8844574154904950e-002
1.4400000000000000e+001 	3.0198182724519431e-002 	8.6474277518727907e-003 	3.8845610476392227e-002
1.4800000000000001e+001 	3.0199587096290770e-002 	8.6467520567875631e-003 	3.8846339153078328e-002
1.5199999999999999e+001 	3.0200639815078169e-002 	8.6461072412632213e-003 	3.8846747056341391e-002
1.5600000000000000e+001 	3.0201334529593251e-002 	8.6454889033111132e-003 	3.8846823432904368e-002
1.6000000000000000e+001 	3.0201666779328874e-002 	8.6448990052724866e-003 	3.8846565784601363e-002
1.6800000000000001e+001 	3.0214241106399878e-002 	8.6437673169680457e-003 	3.8858008423367937e-002
1.7600000000000001e+001 	3.0199344508872263e-002 	8.6426646953739542e-003 	3.8842009204246235e-002
1.8399999999999999e+001 	3.0196011849181428e-002 	8.6415822343326766e-003 	3.8837594083514095e-002
1.9199999999999999e+001 	3.0191265562987311e-002 	8.6405022048473366e-003 	3.8831767767834653e-002
2.0000000000000000e+001 	3.0185145683370357e-002 	8.6394029032342088e-003 	3.8824548586604571e-002
2.0800000000000001e+001 	3.0177700751170124e-002 	8.6382639186379125e-003 	3.8815964669808030e-002
2.1600000000000001e+001 	3.0168985426491081e-002 	8.6370662375223183e-003 	3.8806051664013387e-002
2.2399999999999999e+001 	3.0159058464280113e-002 	8.6357905892318829e-003 	3.8794849053511979e-002
2.3199999999999999e+001 	3.0147981061965239e-002 	8.6344164937687470e-003 	3.8782397555733990e-002
2.4000000000000000e+001 	3.0135815537618526e-002 	8.6329221188358191e-003 	3.8768737656454354e-002
2.4800000000000001e+001 	3.0122624287047366e-002 	8.6312844573105188e-003 	3.8753908744357871e-002
2.5600000000000001e+001 	3.0108468968046451e-002 	8.6294795354748821e-003 	3.8737948503521337e-002
2.6399999999999999e+001 	3.0093409869014275e-002 	8.6274825897857295e-003 	3.8720892458800026e-002
2.7199999999999999e+001 	3.0077505425372027e-002 	8.6252682374358836e-003 	3.8702773662807895e-002
2.8000000000000000e+001 	3.0060811853999909e-002 	8.6228106647236267e-003 	3.8683622518723530e-002
2.8800000000000001e+001 	3.0043382884169197e-002 	8.6200838388407544e-003 	3.8663466723009958e-002
2.9600000000000001e+001 	3.0025269564824014e-002 	8.6170617391901141e-003 	3.8642331304014128e-002
3.0399999999999999e+001 	3.0006520135484414e-002 	8.6137185971497665e-003 	3.8620238732634191e-002
3.1199999999999999e+001 	2.9987179948485931e-002 	8.6100291325619267e-003 	3.8597209081047849e-002
3.2000000000000000e+001 	2.9967291433087514e-002 	8.6059687786146401e-003 	3.8573260211702168e-002
3.2800000000000004e+001 	2.9946894095006969e-002 	8.6015138901437155e-003 	3.8548407985150683e-002
3.3600000000000001e+001 	2.9926024544284602e-002 	8.5966419318363047e-003 	3.8522666476120911e-002
3.4399999999999999e+001 	2.9904716546702577e-002 	8.5911461576288518e-003 	3.8495862704331439e-002
3.6000000000000000e+001 	2.9866168694846155e-002 	8.5786765454837228e-003 	3.8444845240329886e-002
3.7600000000000001e+001 	2.9815747889023865e-002 	8.5645674686269258e-003 	3.8380315357650803e-002
3.9199999999999996e+001 	2.9769304602585783e-002 	8.5484303554467581e-003 	3.8317734958032541e-002
4.0800000000000004e+001 	2.9721749921396444e-002 	8.5301582459098128e-003 	3.8251908167306267e-002
4.2399999999999999e+001 	2.9673194134052033e-002 	8.5096870070034275e-003 	3.8182881141055461e-002
4.4000000000000000e+001 	2.9623720647646807e-002 	8.4869839831454540e-003 	3.8110704630792268e-002
4.5600000000000001e+001 	2.9573389142717885e-002 	8.4620422511755833e-003 	3.8035431393893461e-002
4.7199999999999996e+001 	2.9522239009028464e-002 	8.4348777630103722e-003 	3.7957116772038835e-002
4.8800000000000004e+001 	2.9470292707121849e-002 	8.4055272609125254e-003 	3.7875819968034373e-002
5.0399999999999999e+001 	2.9417558908834532e-002 	8.3740459596715281e-003 	3.7791604868506065e-002
5.2000000000000000e+001 	2.9364035354091451e-002 	8.3405049552607424e-003 	3.7704540309352184e-002
5.3600000000000001e+001 	2.9309711400198717e-002 	8.3049885823184479e-003 	3.7614699982517166e-002
5.5199999999999996e+001 	2.9254570259804647e-002 	8.2675918767089723e-003 	3.7522162136513618e-002
5.6800000000000004e+001 	2.9198590936584109e-002 	8.2284182093421577e-003 	3.7427009145926254e-002
5.8399999999999999e+001 	2.9141749873799531e-002 	8.1875771155963725e-003 	3.7329326989395895e-002
6.0000000000000000e+001 	2.9084022337468637e-002 	8.1451823318836811e-003 	3.7229204669352325e-002
6.1600000000000001e+001 	2.9025383556547900e-002 	8.1013500456245287e-003 	3.7126733602172439e-002
6.3200000000000003e+001 	2.8965809645445980e-002 	8.0561973590023758e-003 	3.7022007004448347e-002
6.4799999999999997e+001 	2.8905278333056731e-002 	8.0098409615216651e-003 	3.6915119294578407e-002
6.6400000000000006e+001 	2.8843769522788734e-002 	7.9623960023897759e-003 	3.6806165525178507e-002
6.8000000000000000e+001 	2.8781265705881930e-002 	7.9139751488936511e-003 	3.6695240854775581e-002
6.9599999999999994e+001 	2.8717752249506474e-002 	7.8644347305690931e-003 	3.6582186980075572e-002
7.2799999999999997e+001 	2.8589479776189024e-002 	7.7632914023554140e-003 	3.6352771178544442e-002
7.6000000000000000e+001 	2.8453417523310060e-002 	7.6605275960354791e-003 	3.6113945119345535e-002
7.9200000000000003e+001 	2.8315065722877526e-002 	7.5562816897872895e-003 	3.5871347412664838e-002
8.2400000000000006e+001 	2.8172632398161316e-002 	7.4510981611696104e-003 	3.5623730559330928e-002
8.5599999999999994e+001 	2.8026198009318107e-002 	7.3454987835906262e-003 	3.5371696792908726e-002
8.8799999999999997e+001 	2.7875878071254821e-002 	7.2399495732744694e-003 	3.5115827644529300e-002
9.2000000000000000e+001 	2.7721817893617509e-002 	7.1348523103534466e-003 	3.4856670203970951e-002
9.5200000000000003e+001 	2.7564187055108130e-002 	7.0305454824552052e-003 	3.4594732537563309e-002
9.8400000000000006e+001 	2.7403174049014281e-002 	6.9273089179266740e-003 	3.4330482966940939e-002
1.0159999999999999e+002 	2.7238981336152348e-002 	6.8253697699297376e-003 	3.4064351106082080e-002
1.0480000000000001e+002 	2.7071820924872304e-002 	6.7249088012287543e-003 	3.3796729726101066e-002
1.0800000000000000e+002 	2.6901910524560868e-002 	6.6260664767149036e-003 	3.3527977001275772e-002
1.1119999999999999e+002 	2.6729470272268054e-002 	6.5289486382936945e-003 	3.3258418910561756e-002
1.1440000000000001e+002 	2.6554720004023903e-002 	6.4336316695377659e-003 	3.2988351673561657e-002
1.1759999999999999e+002 	2.6377877025417433e-002 	6.3401671220192669e-003 	3.2718044147436690e-002
1.2080000000000001e+002 	2.6199154328025158e-002 	6.2485858068842409e-003 	3.2447740134909413e-002
1.2400000000000000e+002 	2.6018759196032717e-002 	6.1589013761100255e-003 	3.2177660572142740e-002
1.2720000000000000e+002 	2.5836892148507207e-002 	6.0711134274685887e-003 	3.1908005575975805e-002
1.3039999999999998e+002 	2.5653746165972359e-002 	5.9852101727884332e-003 	3.1638956338760786e-002
1.3359999999999999e+002 	2.5469506154877246e-002 	5.9011707145291414e-003 	3.1370676869406401e-002
1.3680000000000001e+002 	2.5284348608815115e-002 	5.8189669755541254e-003 	3.1103315584369247e-002
1.4000000000000000e+002 	2.5098441429659366e-002 	5.7392336204141782e-003 	3.0837675050073531e-002
1.4640000000000001e+002 	2.4727380132643108e-002 	5.5851207666629751e-003 	3.0312500899306080e-002
1.5279999999999998e+002 	2.4350774036788123e-002 	5.4363629512832684e-003 	2.9787136988071380e-002
1.5920000000000002e+002 	2.3976163649468033e-002 	5.2937677576874245e-003 	2.9269931407155451e-002
1.6559999999999999e+002 	2.3602267288579046e-002 	5.1571118022496476e-003 	2.8759379090828693e-002
1.7200000000000000e+002 	2.3229887527484564e-002 	5.0260932296802181e-003 	2.8255980757164782e-002
1.7840000000000001e+002 	2.2859727536905922e-002 	4.9003919880818503e-003 	2.7760119524987782e-002
1.8479999999999998e+002 	2.2492397782549824e-002 	4.7796928931165376e-003 	2.7272090675666362e-002
1.9120000000000002e+002 	2.2128424427246222e-002 	4.6636954330091084e-003 	2.6792119860255332e-002
1.9759999999999999e+002 	2.1768257905356650e-002 	4.5521178061981278e-003 	2.6320375711554787e-002
2.0400000000000000e+002 	2.1412281085185957e-002 	4.4446980734533965e-003 	2.5856979158639354e-002
2.1040000000000001e+002 	2.1060816802953623e-002 	4.3411938776753440e-003 	2.5402010680628959e-002
2.1679999999999998e+002 	2.0714134704977186e-002 	4.2413814969687333e-003 	2.4955516201945926e-002
2.2320000000000002e+002 	2.0372457402879154e-002 	4.1450546117911546e-003 	2.4517512014670315e-002
2.2959999999999999e+002 	2.0035965978320896e-002 	4.0520229770001871e-003 	2.4087988955321084e-002
2.3600000000000000e+002 	1.9704804887645855e-002 	3.9621110937218705e-003 	2.3666915981367723e-002
2.4240000000000001e+002 	1.9379086321671072e-002 	3.8751569279136923e-003 	2.3254243249584767e-002
2.4879999999999998e+002 	1.9058894075930505e-002 	3.7910107023204488e-003 	2.2849904778250944e-002
2.5519999999999999e+002 	1.8744286984052144e-002 	3.7095337744340669e-003 	2.2453820758486207e-002
2.6160000000000002e+002 	1.8435301962903206e-002 	3.6305976078971698e-003 	2.2065899570800372e-002
2.6800000000000000e+002 	1.8131956713717721e-002 	3.5540828386143139e-003 	2.1686039552332038e-002
2.7439999999999998e+002 	1.7834252118759091e-002 	3.4807002287857792e-003 	2.1314952347544869e-002
2.8719999999999999e+002 	1.7259213673080951e-002 	3.3405191961173295e-003 	2.0599732869198278e-002
3.0000000000000000e+002 	1.6699221840520043e-002 	3.2067129379837779e-003 	1.9905934778503817e-002
3.1280000000000001e+002 	1.6164577112118158e-002 	3.0801145497736599e-003 	1.9244691661891824e-002
3.2560000000000002e+002 	1.5651204915595580e-002 	2.9603230884240354e-003 	1.8611528004019613e-002
3.3839999999999998e+002 	1.5158512953391105e-002 	2.8468813932204886e-003 	1.8005394346611591e-002
3.5119999999999999e+002 	1.4685848101903379e-002 	2.7393423938370355e-003 	1.7425190495740418e-002
3.6400000000000000e+002 	1.4232516214200859e-002 	2.6372912175012348e-003 	1.6869807431702098e-002
3.7680000000000001e+002 	1.3797798289420319e-002 	2.5403498765209634e-003 	1.6338148165941275e-002
3.8960000000000002e+002 	1.3380963369789979e-002 	2.4481753249146494e-003 	1.5829138694704630e-002
4.0239999999999998e+002 	1.2981278666242588e-002 	2.3604557430515166e-003 	1.5341734409294100e-002
4.1519999999999999e+002 	1.2598017402846369e-002 	2.2769068126502674e-003 	1.4874924215496637e-002
4.2800000000000000e+002 	1.2230464809299622e-002 	2.1972684414436981e-003 	1.4427733250743324e-002
4.4080000000000001e+002 	1.1877922620497104e-002 	2.1213019737946703e-003 	1.3999224594291780e-002
4.5360000000000002e+002 	1.1539712377611431e-002 	2.0487878209373075e-003 	1.3588500198548731e-002
4.6639999999999998e+002 	1.1215177770166562e-002 	1.9795234392379884e-003 	1.3194701209404551e-002
4.7919999999999999e+002 	1.0903686213560675e-002 	1.9133215902994202e-003 	1.2817007803860097e-002
4.9200000000000000e+002 	1.0604629819487624e-002 	1.8500088356232466e-003 	1.2454638655110864e-002
5.0480000000000001e+002 	1.0317425887079916e-002 	1.7894242268885233e-003 	1.2106850113968438e-002
5.1759999999999991e+002 	1.0041517018332191e-002 	1.7314181569889520e-003 	1.1772935175321145e-002
5.3039999999999998e+002 	9.7763709416694971e-003 	1.6758513474069898e-003 	1.1452222289076488e-002
5.4320000000000005e+002 	9.5214801117463159e-003 	1.6234104315275156e-003 	1.1144890543273830e-002
5.6879999999999995e+002 	9.0441271604584459e-003 	1.5250103135202009e-003 	1.0569137473978647e-002
5.9440000000000009e+002 	8.5938981451026842e-003 	1.4327634751622946e-003 	1.0026661620264977e-002
6.2000000000000000e+002 	8.1801721948828923e-003 	1.3474027609687033e-003 	9.5275749558515928e-003
6.4559999999999991e+002 	7.7959141573073132e-003 	1.2684424629643579e-003 	9.0643566202716717e-003
6.7120000000000005e+002 	7.4384963386086586e-003 	1.1953440418744743e-003 	8.6338403804831314e-003
6.9679999999999995e+002 	7.1055428288924003e-003 	1.1275884680745792e-003 	8.2331312969669782e-003
7.2240000000000009e+002 	6.7949125811102547e-003 	1.0647002856173696e-003 	7.8596128667276239e-003
7.4800000000000000e+002 	6.5046782455321743e-003 	1.0062515590401910e-003 	7.5109298045723666e-003
7.7359999999999991e+002 	6.2331048698363650e-003 	9.5185893960728508e-004 	7.1849638094436492e-003
7.9920000000000005e+002 	5.9786298840336111e-003 	9.0117899257060609e-004 	6.8798088766042174e-003
8.2479999999999995e+002 	5.7398448103523477e-003 	8.5390349010379591e-004 	6.5937483004561434e-003
8.5040000000000009e+002 	5.5154787699752900e-003 	8.0975517411039039e-004 	6.3252339440856824e-003
8.7600000000000000e+002 	5.3043837158925217e-003 	7.6848407055651793e-004 	6.0728677864490396e-003
9.0159999999999991e+002 	5.1055212662726081e-003 	7.2986430378851083e-004 	5.8353855700611201e-003
9.2720000000000005e+002 	4.9179509945869171e-003 	6.9369134546113569e-004 	5.6116423400480540e-003
9.5279999999999995e+002 	4.7408200310823352e-003 	6.5977962968700446e-004 	5.4005996607693401e-003
9.7840000000000009e+002 	4.5733538362460868e-003 	6.2796047477655206e-004 	5.2013143110226420e-003
1.0040000000000000e+003 	4.4148480167705666e-003 	5.9808026708860261e-004 	5.0129282838591660e-003
1.0296000000000001e+003 	4.2646610657072230e-003 	5.6999887019708003e-004 	4.8346599359043035e-003
1.0551999999999998e+003 	4.1222079202084894e-003 	5.4358822799728534e-004 	4.6657961482057747e-003
1.0808000000000000e+003 	3.9869542414523182e-003 	5.1873113372483657e-004 	4.5056853751771547e-003
1.1064000000000001e+003 	3.8584113320180697e-003 	4.9532014218495234e-004 	4.3537314742030210e-003
1.1320000000000000e+003 	3.7361316156756131e-003 	4.7372547619588685e-004 	4.2098570918714991e-003
1.1832000000000000e+003 	3.5104277596808382e-003 	4.3420942664659291e-004 	3.9446371863274318e-003
1.2343999999999999e+003 	3.3009697963558783e-003 	3.9806757555417490e-004 	3.6990373719100536e-003
1.2856000000000001e+003 	3.1118292992007067e-003 	3.6564260082500250e-004 	3.4774719000257087e-003
1.3368000000000000e+003 	2.9387888927082224e-003 	3.3658677397378913e-004 	3.2753756666820118e-003
1.3880000000000000e+003 	2.7800391026315033e-003 	3.1053248833378549e-004 	3.0905715909652883e-003
1.4392000000000000e+003 	2.6340154217882983e-003 	2.8713574329761638e-004 	2.9211511650859144e-003
1.4903999999999999e+003 	2.4993646820718864e-003 	2.6608966717657593e-004 	2.7654543492484627e-003
1.5416000000000001e+003 	2.3749131954541054e-003 	2.4712530596228757e-004 	2.6220385014163947e-003
1.5928000000000000e+003 	2.2596391388733615e-003 	2.3000799720561608e-004 	2.4896471360789782e-003
1.6440000000000000e+003 	2.1526493453327849e-003 	2.1453282219666199e-004 	2.3671821675294471e-003
1.6952000000000000e+003 	2.0531599913168209e-003 	2.0052037005751698e-004 	2.2536803613743381e-003
1.7463999999999999e+003 	1.9604805505940561e-003 	1.8781311276210453e-004 	2.1482936633561603e-003
1.7976000000000001e+003 	1.8740004350699488e-003 	1.7627236985549882e-004 	2.0502728049254476e-003
1.8488000000000000e+003 	1.7931778342004860e-003 	1.6577576291544187e-004 	1.9589535971159273e-003
1.9000000000000000e+003 	1.7175303537766246e-003 	1.5621507027307183e-004 	1.8737454240496958e-003
1.9512000000000000e+003 	1.6466271312891101e-003 	1.4749440665526805e-004 	1.7941215379443781e-003
2.0024000000000001e+003 	1.5800821674180016e-003 	1.3952866741452210e-004 	1.7196108348325244e-003
2.0535999999999999e+003 	1.5175486631444628e-003 	1.3224219476135570e-004 	1.6497908579058186e-003
2.1048000000000002e+003 	1.4587141918126359e-003 	1.2556762857686304e-004 	1.5842818203894986e-003
2.1560000000000000e+003 	1.4032965672413514e-003 	1.1944491306862176e-004 	1.5227414803099730e-003
2.2071999999999998e+003 	1.3510402943890214e-003 	1.1382043481185710e-004 	1.4648607292008793e-003
2.2584000000000001e+003 	1.3017135094566981e-003 	1.0880030796581705e-004 	1.4105138174225151e-003
2.3607999999999997e+003 	1.2116556509342924e-003 	9.9919943102013033e-005 	1.3115755940363060e-003
2.4632000000000003e+003 	1.1292757361266517e-003 	9.2032865986821358e-005 	1.2213086021134734e-003
2.5655999999999999e+003 	1.0559991365735673e-003 	8.5216218361888337e-005 	1.1412153549354553e-003
2.6680000000000000e+003 	9.8992538477723699e-004 	7.9326834662067820e-005 	1.0692522194393052e-003
2.7704000000000001e+003 	9.3016386076666109e-004 	7.4219882595398786e-005 	1.0043837433620600e-003
2.8727999999999997e+003 	8.7595163445345053e-004 	6.9766639441777790e-005 	9.4571827389522845e-004
2.9752000000000003e+003 	8.2663465653556867e-004 	6.5859203306085855e-005 	8.9249385984165486e-004
3.0775999999999999e+003 	7.8165045836843864e-004 	6.2408990128942529e-005 	8.4405944849738146e-004
3.1800000000000000e+003 	7.4051344761839010e-004 	5.9343523728329853e-005 	7.9985697134671958e-004
3.2824000000000001e+003 	7.0280273353312539e-004 	5.6603341383782944e-005 	7.5940607491690852e-004
3.3847999999999997e+003 	6.6815211351382885e-004 	5.4139454722563604e-005 	7.2229156823639252e-004
3.4872000000000003e+003 	6.3624182726918573e-004 	5.1911342082535690e-005 	6.8815316935172150e-004
3.5895999999999999e+003 	6.0679173719979684e-004 	4.9885362586804590e-005 	6.5667709978660188e-004
3.6920000000000000e+003 	5.7955565811244620e-004 	4.8033492020734992e-005 	6.2758915013318129e-004
3.7944000000000001e+003 	5.5431661661512204e-004 	4.6332306924473842e-005 	6.0064892353959578e-004
3.8967999999999997e+003 	5.3088286681569744e-004 	4.4762164350290297e-005 	5.7564503116598739e-004
3.9992000000000003e+003 	5.0908452511682918e-004 	4.3306537370556143e-005 	5.5239106248738533e-004
4.1016000000000004e+003 	4.8877071492523883e-004 	4.1951474114998006e-005 	5.3072218904023677e-004
4.2040000000000000e+003 	4.6980713379874854e-004 	4.0685156000263828e-005 	5.1049228979901213e-004
4.3063999999999996e+003 	4.5207397246971602e-004 	3.9497537040313192e-005 	4.9157150951002933e-004
4.4088000000000002e+003 	4.3546412844372071e-004 	3.8380047959500075e-005 	4.7384417640322087e-004
4.5111999999999998e+003 	4.1988166735135532e-004 	3.7351361034635614e-005 	4.5723302838599102e-004
4.7160000000000000e+003 	3.9167443814033185e-004 	3.5453167842684908e-005 	4.2712760598301688e-004
4.9208000000000002e+003 	3.6604260567031416e-004 	3.3680290964523345e-005 	3.9972289663483748e-004
5.1256000000000004e+003 	3.4344252251222024e-004 	3.2058062242571913e-005 	3.7550058475479219e-004
5.3303999999999996e+003 	3.2317686739242481e-004 	3.0572658959686267e-005 	3.5374952635211108e-004
5.5351999999999998e+003 	3.0491606439647721e-004 	2.9205529104226750e-005 	3.3412159350070393e-004
5.7400000000000000e+003 	2.8838539196684624e-004 	2.7940071558839858e-005 	3.1632546352568615e-004
5.9448000000000002e+003 	2.7335570528621737e-004 	2.6763132423810860e-005 	3.0011883771002823e-004
6.1496000000000004e+003 	2.5963518194048804e-004 	2.5664389909701592e-005 	2.8529957185018969e-004
6.3543999999999996e+003 	2.4706247119329981e-004 	2.4635530769498713e-005 	2.7169800196279848e-004
6.5591999999999998e+003 	2.3550114796829169e-004 	2.3669670990350515e-005 	2.5917081895864225e-004
6.7640000000000000e+003 	2.2483525671825166e-004 	2.2760988359690249e-005 	2.4759624507794193e-004
6.9688000000000002e+003 	2.1496573158323644e-004 	2.1904481738741365e-005 	2.3687021332197792e-004
7.1736000000000004e+003 	2.0580751191643932e-004 	2.1095802678960310e-005 	2.2690331459539970e-004
7.3783999999999996e+003 	1.9728720816588618e-004 	2.0331131617247932e-005 	2.1761833978313407e-004
7.5831999999999998e+003 	1.8934120418844435e-004 	1.9607084605145417e-005 	2.0894828879358977e-004
7.7880000000000000e+003 	1.8191410698948745e-004 	1.8920641386883619e-005 	2.0083474837637107e-004
7.9928000000000002e+003 	1.7495747430070323e-004 	1.8269089265882644e-005 	1.9322656356658580e-004
8.1976000000000004e+003 	1.6842876540210894e-004 	1.7649979099149660e-005 	1.8607874450125861e-004
8.4023999999999996e+003 	1.6229047216606454e-004 	1.7061089893249404e-005 	1.7935156205931398e-004
8.6072000000000007e+003 	1.5650939625394767e-004 	1.6500399792061687e-005 	1.7300979604600929e-004
8.8120000000000000e+003 	1.5105604535841139e-004 	1.5978263519687803e-005 	1.6703430887809919e-004
9.2216000000000004e+003 	1.4112822776532249e-004 	1.5004093080026004e-005 	1.5613232084534849e-004
9.6311999999999989e+003 	1.3197741633030454e-004 	1.4088644351234669e-005 	1.4606606068153923e-004
1.0040800000000001e+004 	1.2384449977644488e-004 	1.3249002232025794e-005 	1.3709350200847068e-004
1.0450400000000000e+004 	1.1648429266469047e-004 	1.2479744019882817e-005 	1.2896403668457329e-004
1.0860000000000000e+004 	1.0979681608456130e-004 	1.1772647186501442e-005 	1.2156946327106272e-004
1.1269600000000000e+004 	1.0369820937376475e-004 	1.1120528863219731e-005 	1.1481873823698449e-004
1.1679199999999999e+004 	9.8117877846462306e-005 	1.0517537243463297e-005 	1.0863541508992559e-004
1.2088800000000001e+004 	9.2996029910059024e-005 	9.9587536011616461e-006 	1.0295478351122066e-004
1.2498400000000000e+004 	8.8281681725512349e-005 	9.4399209565934798e-006 	9.7721602682105822e-005
1.2908000000000000e+004 	8.3931073203619144e-005 	8.9573064103121985e-006 	9.2888379613931336e-005
1.3317600000000000e+004 	7.9906414045584578e-005 	8.5076194968628082e-006 	8.8414033542447368e-005
1.3727200000000001e+004 	7.6174886339426475e-005 	8.0879508246621577e-006 	8.4262837164088636e-005
1.4136799999999999e+004 	7.2707845013957509e-005 	7.6957200072615927e-006 	8.0403565021219098e-005
1.4546400000000000e+004 	6.9480171276876151e-005 	7.3286309678646468e-006 	7.6808802244740800e-005
1.4956000000000000e+004 	6.6469745200700399e-005 	6.9846337428204410e-006 	7.3454378943520855e-005
1.5365600000000000e+004 	6.3657011948418699e-005 	6.6618918224408356e-006 	7.0318903770859529e-005
1.5775200000000001e+004 	6.1024622294163645e-005 	6.3587545225047562e-006 	6.7383376816668392e-005
1.6184799999999999e+004 	5.8557132637235703e-005 	6.0737335452309164e-006 	6.4630866182466623e-005
1.6594400000000001e+004 	5.6240753074058622e-005 	5.8054829258515438e-006 	6.2046235999910161e-005
1.7004000000000000e+004 	5.4063134603538033e-005 	5.5527819947301544e-006 	5.9615916598268210e-005
1.7413599999999999e+004 	5.2013188436039543e-005 	5.3145208409410510e-006 	5.7327709276980595e-005
1.7823200000000001e+004 	5.0080931816996856e-005 	5.0896876454719038e-006 	5.5170619462468736e-005
1.8232799999999999e+004 	4.8257355885847995e-005 	4.8773579673227812e-006 	5.3134713853170772e-005
1.8642399999999998e+004 	4.6534311951946898e-005 	4.6766853933272667e-006 	5.1210997345274163e-005
1.9052000000000000e+004 	4.4904413243629375e-005 	4.4868933307314946e-006 	4.9391306574360884e-005
1.9461600000000002e+004 	4.3360949720403589e-005 	4.3072679067420429e-006 	4.7668217627145612e-005
1.9871200000000001e+004 	4.1897813962728635e-005 	4.1371517964753778e-006 	4.6034965759204019e-005
2.0280799999999999e+004 	4.0509436494686791e-005 	3.9759387300535732e-006 	4.4485375224740363e-005
2.0690400000000001e+004 	3.9190729170382226e-005 	3.8230687155055169e-006 	4.3013797885887761e-005
2.1100000000000000e+004 	3.7937035478472312e-005 	3.6780237649384236e-006 	4.1615059243410715e-005
2.1509599999999999e+004 	3.6744086802400546e-005 	3.5403240061559475e-006 	4.0284410808556500e-005
2.1919200000000001e+004 	3.5607963824217641e-005 	3.4095244285965884e-006 	3.9017488252814226e-005
2.2328800000000003e+004 	3.4525062384110301e-005 	3.2852118469449020e-006 	3.7810274231055194e-005
2.2738399999999998e+004 	3.3492063211006569e-005 	3.1670021289371518e-006 	3.6659065339943711e-005
2.3148000000000000e+004 	3.2505905025391626e-005 	3.0545378033025540e-006 	3.5560442828694170e-005
2.3557600000000002e+004 	3.1563760587657650e-005 	2.9474858956597386e-006 	3.4511246483317388e-005
2.3967199999999997e+004 	3.0663015325475963e-005 	2.8455359726376068e-006 	3.3508551298113570e-005
2.4376799999999999e+004 	2.9801248224951751e-005 	2.7483983156031465e-006 	3.2549646540554909e-005
2.4786400000000001e+004 	2.8976214713224741e-005 	2.6558023038108494e-006 	3.1632017017035592e-005
2.5196000000000000e+004 	2.8185831296845751e-005 	2.5674949788089721e-006 	3.0753326275654730e-005
2.5605599999999999e+004 	2.7428161751506458e-005 	2.4812708771397206e-006 	2.9909432628646189e-005
