27
-3.1500000000000000e+003 0.0000000000000000e+000 0.0000000000000000e+000 -1.9500000000000000e+003 0.0000000000000000e+000 0.0000000000000000e+000
-3.1500000000000000e+003 0.0000000000000000e+000 0.0000000000000000e+000 -2.5500000000000000e+003 0.0000000000000000e+000 0.0000000000000000e+000
-2.5500000000000000e+003 0.0000000000000000e+000 0.0000000000000000e+000 -1.9500000000000000e+003 0.0000000000000000e+000 0.0000000000000000e+000
-2.9000000000000000e+003 0.0000000000000000e+000 0.0000000000000000e+000 -1.7000000000000000e+003 0.0000000000000000e+000 0.0000000000000000e+000
-2.9000000000000000e+003 0.0000000000000000e+000 0.0000000000000000e+000 -2.3000000000000000e+003 0.0000000000000000e+000 0.0000000000000000e+000
-2.3000000000000000e+003 0.0000000000000000e+000 0.0000000000000000e+000 -1.7000000000000000e+003 0.0000000000000000e+000 0.0000000000000000e+000
-2.6500000000000000e+003 0.0000000000000000e+000 0.0000000000000000e+000 -1.4500000000000000e+003 0.0000000000000000e+000 0.0000000000000000e+000
-2.6500000000000000e+003 0.0000000000000000e+000 0.0000000000000000e+000 -2.0500000000000000e+003 0.0000000000000000e+000 0.0000000000000000e+000
-2.0500000000000000e+003 0.0000000000000000e+000 0.0000000000000000e+000 -1.4500000000000000e+003 0.0000000000000000e+000 0.0000000000000000e+000
-2.4000000000000055e+003 0.0000000000000000e+000 0.0000000000000000e+000 -1.2000000000000000e+003 0.0000000000000000e+000 0.0000000000000000e+000
-2.4000000000000055e+003 0.0000000000000000e+000 0.0000000000000000e+000 -1.8000000000000000e+003 0.0000000000000000e+000 0.0000000000000000e+000
-1.8000000000000000e+003 0.0000000000000000e+000 0.0000000000000000e+000 -1.2000000000000000e+003 0.0000000000000000e+000 0.0000000000000000e+000
-2.1500000000000000e+003 0.0000000000000000e+000 0.0000000000000000e+000 -9.5000000000000000e+002 0.0000000000000000e+000 0.0000000000000000e+000
-2.1500000000000000e+003 0.0000000000000000e+000 0.0000000000000000e+000 -1.5500000000000000e+003 0.0000000000000000e+000 0.0000000000000000e+000
-1.5500000000000000e+003 0.0000000000000000e+000 0.0000000000000000e+000 -9.5000000000000000e+002 0.0000000000000000e+000 0.0000000000000000e+000
-1.9000000000000000e+003 0.0000000000000000e+000 0.0000000000000000e+000 -7.0000000000000000e+002 0.0000000000000000e+000 0.0000000000000000e+000
-1.9000000000000000e+003 0.0000000000000000e+000 0.0000000000000000e+000 -1.3000000000000000e+003 0.0000000000000000e+000 0.0000000000000000e+000
-1.3000000000000000e+003 0.0000000000000000e+000 0.0000000000000000e+000 -7.0000000000000000e+002 0.0000000000000000e+000 0.0000000000000000e+000
-1.6500000000000000e+003 0.0000000000000000e+000 0.0000000000000000e+000 -4.5000000000000000e+002 0.0000000000000000e+000 0.0000000000000000e+000
-1.6500000000000000e+003 0.0000000000000000e+000 0.0000000000000000e+000 -1.0500000000000000e+003 0.0000000000000000e+000 0.0000000000000000e+000
-1.0500000000000000e+003 0.0000000000000000e+000 0.0000000000000000e+000 -4.5000000000000000e+002 0.0000000000000000e+000 0.0000000000000000e+000
-1.4000000000000000e+003 0.0000000000000000e+000 0.0000000000000000e+000 -2.0000000000000000e+002 0.0000000000000000e+000 0.0000000000000000e+000
-1.4000000000000000e+003 0.0000000000000000e+000 0.0000000000000000e+000 -8.0000000000000000e+002 0.0000000000000000e+000 0.0000000000000000e+000
-8.0000000000000000e+002 0.0000000000000000e+000 0.0000000000000000e+000 -2.0000000000000000e+002 0.0000000000000000e+000 0.0000000000000000e+000
-1.1500000000000000e+003 0.0000000000000000e+000 0.0000000000000000e+000 5.0000000000000000e+001 0.0000000000000000e+000 0.0000000000000000e+000
-1.1500000000000000e+003 0.0000000000000000e+000 0.0000000000000000e+000 -5.5000000000000000e+002 0.0000000000000000e+000 0.0000000000000000e+000
-5.5000000000000000e+002 0.0000000000000000e+000 0.0000000000000000e+000 5.0000000000000000e+001 0.0000000000000000e+000 0.0000000000000000e+000