-800 0
-8.0000000000000000e+002 0.0000000000000000e+000 0.0000000000000000e+000
1
1 1 1 1
1
         t, ms                         dVp, mV                         dVs, mV                         dV, mV
5.0000000000000000e-001 	1.3769920912653369e-001 	7.7919455908220707e-003 	1.4549115471735577e-001
5.9999999999999998e-001 	1.3787825850265104e-001 	7.8259352216729881e-003 	1.4570419372432400e-001
6.9999999999999996e-001 	1.3799595432713049e-001 	7.8570287201539264e-003 	1.4585298304728439e-001
8.0000000000000004e-001 	1.3808863565248580e-001 	7.8829624080006856e-003 	1.4597159806048654e-001
9.0000000000000002e-001 	1.3816704122713602e-001 	7.9048733377016997e-003 	1.4607191456483773e-001
1.0000000000000000e+000 	1.3823529517360245e-001 	7.9236475208962730e-003 	1.4615894269449869e-001
1.1000000000000001e+000 	1.3829558884805809e-001 	7.9399506410180558e-003 	1.4623553948907611e-001
1.2000000000000000e+000 	1.3834938327918522e-001 	7.9542796899170331e-003 	1.4630366296910233e-001
1.3000000000000000e+000 	1.3839776290739722e-001 	7.9670084886501440e-003 	1.4636477139604731e-001
1.3999999999999999e+000 	1.3844157045677025e-001 	7.9780633337991885e-003 	1.4641963379056952e-001
1.6000000000000001e+000 	1.3989755019818642e-001 	7.9972089185734990e-003 	1.4789475911675989e-001
1.8000000000000000e+000 	1.3858379153178507e-001 	8.0139840646961929e-003 	1.4659777559648129e-001
2.0000000000000000e+000 	1.3863967815284348e-001 	8.0283808704342801e-003 	1.4666805902327770e-001
2.2000000000000002e+000 	1.3868827223114014e-001 	8.0408592165408504e-003 	1.4672913144768088e-001
2.3999999999999999e+000 	1.3873104144821743e-001 	8.0517820940838522e-003 	1.4678282354230135e-001
2.6000000000000001e+000 	1.3876907715091474e-001 	8.0614161727073710e-003 	1.4683049332362208e-001
2.7999999999999998e+000 	1.3880320316912942e-001 	8.0699539898985533e-003 	1.4687315715902799e-001
3.0000000000000000e+000 	1.3883405316390099e-001 	8.0775363632413361e-003 	1.4691158952714234e-001
3.2000000000000002e+000 	1.3886212368297807e-001 	8.0842696733609172e-003 	1.4694639335633897e-001
3.3999999999999999e+000 	1.3888781042267237e-001 	8.0902378574494085e-003 	1.4697804828012179e-001
3.6000000000000001e+000 	1.3891143335596196e-001 	8.0952850315535469e-003 	1.4700671838751544e-001
4.0000000000000000e+000 	1.3945843954760323e-001 	8.1035564391018743e-003 	1.4756199598670508e-001
4.4000000000000004e+000 	1.3899037803179098e-001 	8.1101909389193431e-003 	1.4710056897071022e-001
4.7999999999999998e+000 	1.3902248247566076e-001 	8.1150893065549123e-003 	1.4713757178221568e-001
5.2000000000000002e+000 	1.3905098587267201e-001 	8.1185015484296005e-003 	1.4716948742110153e-001
5.5999999999999996e+000 	1.3907665421686283e-001 	8.1206778780817095e-003 	1.4719733209494457e-001
6.0000000000000000e+000 	1.3910012894303478e-001 	8.1218467029852710e-003 	1.4722197564602008e-001
6.4000000000000004e+000 	1.3912195005230252e-001 	8.1222085328001500e-003 	1.4724415858510256e-001
6.7999999999999998e+000 	1.3914256461392577e-001 	8.1219352762521378e-003 	1.4726449989017784e-001
7.2000000000000002e+000 	1.3916232791837554e-001 	8.1211715501898277e-003 	1.4728349946856537e-001
7.5999999999999996e+000 	1.3918150362324472e-001 	8.1200368096282210e-003 	1.4730154043287294e-001
8.0000000000000000e+000 	1.3920026660612905e-001 	8.1185725748118883e-003 	1.4731883918094105e-001
8.8000000000000007e+000 	1.3951242522536156e-001 	8.1151630516618136e-003 	1.4762758827702338e-001
9.5999999999999996e+000 	1.3927175123626909e-001 	8.1114529352970220e-003 	1.4738320417156606e-001
1.0400000000000000e+001 	1.3930436861619019e-001 	8.1074445998022306e-003 	1.4741181321599245e-001
1.1199999999999999e+001 	1.3933361134116759e-001 	8.1031311466709492e-003 	1.4743674248783858e-001
1.2000000000000000e+001 	1.3935827953749275e-001 	8.0983979401688076e-003 	1.4745667747766156e-001
1.2800000000000001e+001 	1.3937717955791690e-001 	8.0930364345543990e-003 	1.4747021599247137e-001
1.3600000000000000e+001 	1.3938922167356560e-001 	8.0867675188974163e-003 	1.4747598919246299e-001
1.4400000000000000e+001 	1.3939346860463792e-001 	8.0792665968634700e-003 	1.4747273520150128e-001
1.5199999999999999e+001 	1.3938914866909638e-001 	8.0701871800936652e-003 	1.4745933584919002e-001
1.6000000000000000e+001 	1.3937564733372429e-001 	8.0591816135749030e-003 	1.4743482894729917e-001
1.6800000000000001e+001 	1.3935248797732161e-001 	8.0459182991769827e-003 	1.4739840627649867e-001
1.7600000000000001e+001 	1.3931930914762269e-001 	8.0300951774494173e-003 	1.4734940432507213e-001
1.8399999999999999e+001 	1.3927584259768819e-001 	8.0102062304145405e-003 	1.4728604882810276e-001
2.0000000000000000e+001 	1.3930770253775657e-001 	7.9606078621536399e-003 	1.4726831039991023e-001
2.1600000000000001e+001 	1.3899591727027635e-001 	7.9002102123488880e-003 	1.4689612748262532e-001
2.3199999999999999e+001 	1.3879172014177987e-001 	7.8268606372755636e-003 	1.4661858077905546e-001
2.4800000000000001e+001 	1.3854474858380136e-001 	7.7406274445565321e-003 	1.4628537602835789e-001
2.6399999999999999e+001 	1.3825549109375102e-001 	7.6421535569796174e-003 	1.4589764465073060e-001
2.8000000000000000e+001 	1.3792474410358560e-001 	7.5324799700932999e-003 	1.4545722407367889e-001
2.9600000000000001e+001 	1.3755357419332553e-001 	7.4129091803178020e-003 	1.4496648337364326e-001
3.1199999999999999e+001 	1.3714328437144344e-001 	7.2848915412805472e-003 	1.4442817591272392e-001
3.2800000000000004e+001 	1.3669538091795444e-001 	7.1499329141909273e-003 	1.4384531383214527e-001
3.4399999999999999e+001 	1.3621153919857593e-001 	7.0095233483342401e-003 	1.4322106254691019e-001
3.6000000000000000e+001 	1.3569356856396048e-001 	6.8650851967391284e-003 	1.4255865376069962e-001
3.7600000000000001e+001 	1.3514337736830953e-001 	6.7177783390425716e-003 	1.4186115570735208e-001
4.0800000000000004e+001 	1.3401661336661297e-001 	6.4213662416147434e-003 	1.4043797960822768e-001
4.4000000000000000e+001 	1.3266629565612703e-001 	6.1279685962363885e-003 	1.3879426425236335e-001
4.7199999999999996e+001 	1.3128644287744018e-001 	5.8415399181146752e-003 	1.3712798279555483e-001
5.0399999999999999e+001 	1.2983192452155357e-001 	5.5658102672390009e-003 	1.3539773478879261e-001
5.3600000000000001e+001 	1.2831636417848574e-001 	5.3034029860275162e-003 	1.3361976716451326e-001
5.6800000000000004e+001 	1.2675217096222766e-001 	5.0559067466468075e-003 	1.3180807770887448e-001
6.0000000000000000e+001 	1.2515043174206417e-001 	4.8240669039526550e-003 	1.2997449864601690e-001
6.3200000000000003e+001 	1.2352090723049643e-001 	4.6079947535405275e-003 	1.2812890198403692e-001
6.6400000000000006e+001 	1.2187209240624396e-001 	4.4073544180503882e-003 	1.2627944682429432e-001
6.9599999999999994e+001 	1.2021131377944960e-001 	4.2215146254393817e-003 	1.2443282840488892e-001
7.2799999999999997e+001 	1.1854484424355075e-001 	4.0543495801178032e-003 	1.2259919382366855e-001
7.9200000000000003e+001 	1.1525185570749330e-001 	3.7578162085396519e-003 	1.1900967191603293e-001
8.5599999999999994e+001 	1.1192633069260442e-001 	3.4956944157474748e-003 	1.1542202510835191e-001
9.2000000000000000e+001 	1.0868481584650369e-001 	3.2702757715126277e-003 	1.1195509161801634e-001
9.8400000000000006e+001 	1.0551263737150361e-001 	3.0766515688345816e-003 	1.0858928894033819e-001
1.0480000000000001e+002 	1.0242140184310741e-001 	2.9099592255059713e-003 	1.0533136106861338e-001
1.1119999999999999e+002 	9.9418700739928520e-002 	2.7658688546669109e-003 	1.0218456959459546e-001
1.1759999999999999e+002 	9.6509090234607076e-002 	2.6406879599480118e-003 	9.9149778194555047e-002
1.2400000000000000e+002 	9.3694880993625870e-002 	2.5313287466512233e-003 	9.6226209740277152e-002
1.3039999999999998e+002 	9.0976741668961109e-002 	2.4352319611511139e-003 	9.3411973630112291e-002
1.3680000000000001e+002 	8.8354149947198937e-002 	2.3502834515775409e-003 	9.0704433398776443e-002
1.4319999999999999e+002 	8.5825727205990784e-002 	2.2773555722902326e-003 	8.8103082778280994e-002
1.5600000000000000e+002 	8.1092225655220090e-002 	2.1530599058732732e-003 	8.3245285561093438e-002
1.6880000000000001e+002 	7.6599555425316240e-002 	2.0459717920351603e-003 	7.8645527217351421e-002
1.8160000000000002e+002 	7.2483849905265130e-002 	1.9558547517872847e-003 	7.4439704657052422e-002
1.9439999999999998e+002 	6.8669154033013241e-002 	1.8789438522548644e-003 	7.0548097885268141e-002
2.0719999999999999e+002 	6.5132219354352178e-002 	1.8121391221463815e-003 	6.6944358476498531e-002
2.2000000000000000e+002 	6.1850617973351806e-002 	1.7530665270865872e-003 	6.3603684500438407e-002
2.3280000000000001e+002 	5.8803199214490502e-002 	1.6999566460556216e-003 	6.0503155860546103e-002
2.4560000000000002e+002 	5.5970309549494758e-002 	1.6515015543822312e-003 	5.7621811103876958e-002
2.5840000000000003e+002 	5.3333861850904753e-002 	1.6067337722874737e-003 	5.4940595623192236e-002
2.7119999999999999e+002 	5.0877313896035642e-002 	1.5649338092346495e-003 	5.2442247705270319e-002
2.8400000000000000e+002 	4.8585595741154106e-002 	1.5255624635875751e-003 	5.0111158204741685e-002
2.9680000000000001e+002 	4.6445011110516597e-002 	1.4882121285614391e-003 	4.7933223239078025e-002
3.0959999999999997e+002 	4.4443128215190322e-002 	1.4530762519057066e-003 	4.5896204467096025e-002
3.3519999999999999e+002 	4.0853070909402343e-002 	1.3869156107376120e-003 	4.2239986520139959e-002
3.6080000000000001e+002 	3.7587271489549566e-002 	1.3242627436012310e-003 	3.8911534233150795e-002
3.8640000000000003e+002 	3.4746586483206263e-002 	1.2653254858547788e-003 	3.6011911969061040e-002
4.1200000000000000e+002 	3.2223786630278840e-002 	1.2096572628849298e-003 	3.3433443893163765e-002
4.3759999999999997e+002 	2.9973920481111378e-002 	1.1569054448144838e-003 	3.1130825925925858e-002
4.6319999999999999e+002 	2.7959269213974465e-002 	1.1068034144298242e-003 	2.9066072628404292e-002
4.8880000000000001e+002 	2.6148196935753053e-002 	1.0591462146433252e-003 	2.7207343150396381e-002
5.1439999999999998e+002 	2.4514099725045674e-002 	1.0137714762638384e-003 	2.5527871201309511e-002
5.4000000000000000e+002 	2.3034517377017644e-002 	9.7054615621397023e-004 	2.4005063533231608e-002
5.6560000000000002e+002 	2.1690404424682008e-002 	9.2935714436498602e-004 	2.2619761569046996e-002
5.9119999999999993e+002 	2.0465538087081323e-002 	8.9010466928763786e-004 	2.1355642756368958e-002
6.1680000000000007e+002 	1.9346038448570663e-002 	8.5336295481628179e-004 	2.0199401403386941e-002
6.6800000000000000e+002 	1.7400875817396279e-002 	7.8513243315736741e-004 	1.8186008250553640e-002
7.1919999999999993e+002 	1.5683557097532875e-002 	7.2191513952994397e-004 	1.6405472237062822e-002
7.7039999999999998e+002 	1.4245775867942597e-002 	6.6432097891881833e-004 	1.4910096846861414e-002
8.2160000000000002e+002 	1.3006486784245883e-002 	6.1198611316149278e-004 	1.3618472897407377e-002
8.7280000000000007e+002 	1.1929896440181028e-002 	5.6449474827565164e-004 	1.2494391188456681e-002
9.2400000000000000e+002 	1.0987802691727947e-002 	5.2142204124882002e-004 	1.1509224732976770e-002
9.7519999999999993e+002 	1.0157889486133290e-002 	4.8235865808093936e-004 	1.0640248144214229e-002
1.0264000000000001e+003 	9.4223574212590634e-003 	4.4692464664097592e-004 	9.8692820679000415e-003
1.0775999999999999e+003 	8.7668783517863835e-003 	4.1477406515257444e-004 	9.1816524169389593e-003
1.1288000000000000e+003 	8.1798105272399176e-003 	3.8559423573536483e-004 	8.5654047629752806e-003
1.1800000000000000e+003 	7.6516101549755963e-003 	3.5997804212611504e-004 	8.0115881971017100e-003
1.2824000000000001e+003 	6.7518608918598240e-003 	3.1567195598655425e-004 	7.0675328478463769e-003
1.3848000000000000e+003 	5.9743727350052116e-003 	2.7738795850823370e-004 	6.2517606935134484e-003
1.4872000000000000e+003 	5.3391147352927614e-003 	2.4544565195549497e-004 	5.5845603872482575e-003
1.5895999999999999e+003 	4.8023209213488476e-003 	2.1891740785721410e-004 	5.0212383292060625e-003
1.6920000000000000e+003 	4.3442513429288064e-003 	1.9690619137201432e-004 	4.5411575343008194e-003
1.7944000000000001e+003 	3.9499141980462501e-003 	1.7861259876023869e-004 	4.1285267968064893e-003
1.8968000000000000e+003 	3.6078161955337396e-003 	1.6335759982871774e-004 	3.7711737953624587e-003
1.9992000000000000e+003 	3.3090268518432184e-003 	1.5058003851138729e-004 	3.4596068903546052e-003
2.1015999999999999e+003 	3.0465066534690779e-003 	1.3982200916250989e-004 	3.1863286626315880e-003
2.2040000000000000e+003 	2.8146298675617975e-003 	1.3071144110584479e-004 	2.9453413086676416e-003
2.3064000000000001e+003 	2.6088440739642374e-003 	1.2331771671449367e-004 	2.7321617906787320e-003
2.5112000000000003e+003 	2.2647636189793477e-003 	1.1143565881844008e-004 	2.3761992777977885e-003
2.7160000000000000e+003 	1.9747703583886801e-003 	1.0166310386268492e-004 	2.0764334622513651e-003
2.9207999999999997e+003 	1.7443359469405250e-003 	9.3921657451346210e-005 	1.8382576043918712e-003
3.1255999999999999e+003 	1.5546060689538015e-003 	8.7686942461768865e-005 	1.6422930114155705e-003
3.3304000000000001e+003 	1.3966460683100103e-003 	8.2531703020360147e-005 	1.4791777713303706e-003
3.5352000000000003e+003 	1.2637556791038986e-003 	7.8138992217411141e-005 	1.3418946713213099e-003
3.7400000000000000e+003 	1.1508735502665708e-003 	7.4290219224305791e-005 	1.2251637694908764e-003
3.9447999999999997e+003 	1.0541338683890077e-003 	7.0840486732828351e-005 	1.1249743551218364e-003
4.1496000000000004e+003 	9.7054859961549973e-004 	6.7694667224369538e-005 	1.0382432668398689e-003
4.3543999999999996e+003 	8.9778161729106392e-004 	6.4789697986995505e-005 	9.6257131527805904e-004
4.5591999999999998e+003 	8.3398719918556540e-004 	6.2082940245839161e-005 	8.9607013943140447e-004
4.7640000000000000e+003 	7.7769315324563752e-004 	5.9544828195399669e-005 	8.3723798144103706e-004
4.9688000000000002e+003 	7.2771505311272470e-004 	5.7210583544561701e-005 	7.8492563665728669e-004
5.3783999999999996e+003 	6.4395106946160945e-004 	5.2915922045987634e-005 	6.9686699150759725e-004
5.7880000000000000e+003 	5.7262955676054691e-004 	4.8934223548342716e-005 	6.2156378030888977e-004
6.1976000000000004e+003 	5.1531269782639799e-004 	4.5327130403625772e-005 	5.6063982823002377e-004
6.6071999999999998e+003 	4.6734150444275652e-004 	4.2068427251606752e-005 	5.0940993169436332e-004
7.0168000000000002e+003 	4.2661815627019711e-004 	3.9117053579229159e-005 	4.6573520984942635e-004
7.4264000000000005e+003 	3.9161096098093922e-004 	3.6434395804626708e-005 	4.2804535678556593e-004
7.8360000000000000e+003 	3.6119038737260134e-004 	3.3988707594258734e-005 	3.9517909496686006e-004
8.2456000000000004e+003 	3.3451019986145014e-004 	3.1753520067595277e-005 	3.6626371992904550e-004
8.6552000000000007e+003 	3.1092491786460769e-004 	2.9705892967219229e-005 	3.4063081083182689e-004
9.0647999999999993e+003 	2.8993326012976270e-004 	2.7825576350460988e-005 	3.1775883648022364e-004
9.4743999999999996e+003 	2.7113930313606588e-004 	2.6146070869962761e-005 	2.9728537400602878e-004
1.0293600000000000e+004 	2.3945078981250575e-004 	2.3158455996230363e-005 	2.6260924580873612e-004
1.1112799999999999e+004 	2.1188593256378803e-004 	2.0485394696030817e-005 	2.3237132725981887e-004
1.1932000000000000e+004 	1.8960131586292020e-004 	1.8163896930088614e-005 	2.0776521279300885e-004
1.2751200000000001e+004 	1.7082042441621652e-004 	1.6143910793347776e-005 	1.8696433520956431e-004
1.3570400000000000e+004 	1.5481912162008008e-004 	1.4375163159397882e-005 	1.6919428477947792e-004
1.4389600000000000e+004 	1.4105411146491485e-004 	1.2817759914298147e-005 	1.5387187137921301e-004
1.5208799999999999e+004 	1.2911263174671228e-004 	1.1440794366672654e-005 	1.4055342611338494e-004
1.6027999999999998e+004 	1.1867614755764323e-004 	1.0219527906661370e-005 	1.2889567546430457e-004
1.6847200000000001e+004 	1.0949498668116184e-004 	9.1336365406892384e-006 	1.1862862322185107e-004
1.7666399999999998e+004 	1.0137065992643904e-004 	8.1661663564656320e-006 	1.0953682628290472e-004
1.8485600000000002e+004 	9.4143387865104776e-005 	7.3361245032617141e-006 	1.0147951236836651e-004
2.0124000000000000e+004 	8.2102395621864717e-005 	5.9297538795027086e-006 	8.8032149501367408e-005
2.1762399999999998e+004 	7.1708703184934785e-005 	4.7380966292467838e-006 	7.6446799814181552e-005
2.3400799999999999e+004 	6.3453497982479584e-005 	3.7760711709534817e-006 	6.7229569153433072e-005
2.5039200000000001e+004 	5.6592083172110254e-005 	3.0024096124233432e-006 	5.9594492784533623e-005
2.6677600000000002e+004 	5.0822740727683010e-005 	2.3801141505323833e-006 	5.3202854878215394e-005
2.8316000000000000e+004 	4.5920608784449197e-005 	1.8252788364172804e-006 	4.7745887620866481e-005
-1100 0
-1.1000000000000000e+003 0.0000000000000000e+000 0.0000000000000000e+000
1
1 1 1 1
1
         t, ms                         dVp, mV                         dVs, mV                         dV, mV
5.0000000000000000e-001 	1.1037266996812219e-001 	6.3755562455213950e-003 	1.1674822621364359e-001
5.9999999999999998e-001 	1.1051154623532575e-001 	6.3938261591814224e-003 	1.1690537239450718e-001
6.9999999999999996e-001 	1.1060283511041183e-001 	6.4104782156512736e-003 	1.1701331332606305e-001
8.0000000000000004e-001 	1.1067472187519621e-001 	6.4242512318367691e-003 	1.1709897310703293e-001
9.0000000000000002e-001 	1.1073553579454017e-001 	6.4357898453138917e-003 	1.1717132563985408e-001
1.0000000000000000e+000 	1.1078847569296482e-001 	6.4456014907993946e-003 	1.1723407718376419e-001
1.1000000000000001e+000 	1.1083524128383757e-001 	6.4540698725170523e-003 	1.1728931115635462e-001
1.2000000000000000e+000 	1.1087696580889782e-001 	6.4614819965165592e-003 	1.1733844780541443e-001
1.3000000000000000e+000 	1.1091449040961028e-001 	6.4680530040716992e-003 	1.1738254341368198e-001
1.3999999999999999e+000 	1.1094846873927657e-001 	6.4737662105717074e-003 	1.1742223494984830e-001
1.6000000000000001e+000 	1.1207774191597449e-001 	6.4837046195790624e-003 	1.1856144653555359e-001
1.8000000000000000e+000 	1.1105877904265893e-001 	6.4924753167400354e-003 	1.1755125435939896e-001
2.0000000000000000e+000 	1.1110212601824289e-001 	6.5000780763908210e-003 	1.1760220409463371e-001
2.2000000000000002e+000 	1.1113981666739869e-001 	6.5067349183267004e-003 	1.1764655158572544e-001
2.3999999999999999e+000 	1.1117298937621534e-001 	6.5126094891810897e-003 	1.1768559886539644e-001
2.6000000000000001e+000 	1.1120249063099528e-001 	6.5178128892069784e-003 	1.1772030352020227e-001
2.7999999999999998e+000 	1.1122895942173282e-001 	6.5224190682912171e-003 	1.1775137849002407e-001
3.0000000000000000e+000 	1.1125288723604453e-001 	6.5264787393309147e-003 	1.1777936597537539e-001
3.2000000000000002e+000 	1.1127465921231533e-001 	6.5300293850616940e-003 	1.1780468859737706e-001
3.3999999999999999e+000 	1.1129458226505196e-001 	6.5331016752089421e-003 	1.1782768394026093e-001
3.6000000000000001e+000 	1.1131290457554753e-001 	6.5355697931657091e-003 	1.1784847436871326e-001
4.0000000000000000e+000 	1.1173716804408301e-001 	6.5392714629235061e-003 	1.1827643950700648e-001
4.4000000000000004e+000 	1.1137413514133712e-001 	6.5418336518339067e-003 	1.1791596879317098e-001
4.7999999999999998e+000 	1.1139903566468438e-001 	6.5431750009340445e-003 	1.1794221066561841e-001
5.2000000000000002e+000 	1.1142114291460192e-001 	6.5434629053535741e-003 	1.1796460581995548e-001
5.5999999999999996e+000 	1.1144105059388856e-001 	6.5428759756585610e-003 	1.1798392656954711e-001
6.0000000000000000e+000 	1.1145925538195615e-001 	6.5415846702917245e-003 	1.1800084005224788e-001
6.4000000000000004e+000 	1.1147617468719058e-001 	6.5397433726833406e-003 	1.1801591805987392e-001
6.7999999999999998e+000 	1.1149215305376554e-001 	6.5374871908144934e-003 	1.1802964024458006e-001
7.2000000000000002e+000 	1.1150746288977283e-001 	6.5349311187146179e-003 	1.1804239400848747e-001
7.5999999999999996e+000 	1.1152230445439268e-001 	6.5321705013686882e-003 	1.1805447495576134e-001
8.0000000000000000e+000 	1.1153680799591273e-001 	6.5292718024546085e-003 	1.1806607979836733e-001
8.8000000000000007e+000 	1.1177871814783384e-001 	6.5233583084266999e-003 	1.1830207645626054e-001
9.5999999999999996e+000 	1.1159169724073849e-001 	6.5174581086902680e-003 	1.1810915534942877e-001
1.0400000000000000e+001 	1.1161638152127913e-001 	6.5115825503656464e-003 	1.1812796407164476e-001
1.1199999999999999e+001 	1.1163810940861905e-001 	6.5056647306382144e-003 	1.1814377413925727e-001
1.2000000000000000e+001 	1.1165585416212014e-001 	6.4995305149043187e-003 	1.1815538467702440e-001
1.2800000000000001e+001 	1.1166858932839163e-001 	6.4929158971474025e-003 	1.1816150522553898e-001
1.3600000000000000e+001 	1.1167536662117489e-001 	6.4854912992095221e-003 	1.1816085792038439e-001
1.4400000000000000e+001 	1.1167535497904185e-001 	6.4768870494715265e-003 	1.1815224202851340e-001
1.5199999999999999e+001 	1.1166785166905249e-001 	6.4667172784598883e-003 	1.1813456894751244e-001
1.6000000000000000e+001 	1.1165227634815333e-001 	6.4546008510293247e-003 	1.1810687719918267e-001
1.6800000000000001e+001 	1.1162815665836254e-001 	6.4401786315569712e-003 	1.1806833528991953e-001
1.7600000000000001e+001 	1.1159511113969932e-001 	6.4231268113327097e-003 	1.1801823795103196e-001
1.8399999999999999e+001 	1.1155283285069986e-001 	6.4018831106289666e-003 	1.1795471596132877e-001
2.0000000000000000e+001 	1.1155576924605183e-001 	6.3492625402069335e-003 	1.1790503178625875e-001
2.1600000000000001e+001 	1.1128683229315804e-001 	6.2855068597570179e-003 	1.1757233915291501e-001
2.3199999999999999e+001 	1.1109425535524900e-001 	6.2084185585749912e-003 	1.1730267391382400e-001
2.4800000000000001e+001 	1.1086131208152804e-001 	6.1181046523259165e-003 	1.1697941673385394e-001
2.6399999999999999e+001 	1.1058800344870215e-001 	6.0152736959703515e-003 	1.1660327714467245e-001
2.8000000000000000e+001 	1.1027469537397011e-001 	5.9010497224425782e-003 	1.1617574509641265e-001
2.9600000000000001e+001 	1.0992209079300623e-001 	5.7768282897587729e-003 	1.1569891908276497e-001
3.1199999999999999e+001 	1.0953119800343787e-001 	5.6441572309658761e-003 	1.1517535523440374e-001
3.2800000000000004e+001 	1.0910329466061862e-001 	5.5046400925588563e-003 	1.1460793475317746e-001
3.4399999999999999e+001 	1.0863988794102790e-001 	5.3598616261480818e-003 	1.1399974956717596e-001
3.6000000000000000e+001 	1.0814267242484775e-001 	5.2113334859658677e-003 	1.1335400591081365e-001
3.7600000000000001e+001 	1.0761348765763444e-001 	5.0604922103321013e-003 	1.1267397986796661e-001
4.0800000000000004e+001 	1.0651538055543758e-001 	4.7585333317549973e-003 	1.1127391388719259e-001
4.4000000000000000e+001 	1.0522293939996315e-001 	4.4614611788175631e-003 	1.0968440057878072e-001
4.7199999999999996e+001 	1.0388841774442666e-001 	4.1737625010831430e-003 	1.0806218024550981e-001
5.0399999999999999e+001 	1.0248128716039871e-001 	3.8993509516516145e-003 	1.0638063811205035e-001
5.3600000000000001e+001 	1.0101579913965131e-001 	3.6409084107341524e-003 	1.0465670755038545e-001
5.6800000000000004e+001 	9.9505001150505590e-002 	3.3999781546201258e-003 	1.0290497930512571e-001
6.0000000000000000e+001 	9.7960578831308473e-002 	3.1771777188067756e-003 	1.0113775655011520e-001
6.3200000000000003e+001 	9.6392819325363643e-002 	2.9724295712623030e-003 	9.9365248896625943e-002
6.6400000000000006e+001 	9.4810653303755391e-002 	2.7851679348451720e-003 	9.7595821238600611e-002
6.9599999999999994e+001 	9.3221744750661445e-002 	2.6145080017681800e-003 	9.5836252752429602e-002
7.2799999999999997e+001 	9.1632606104810679e-002 	2.4644539215138632e-003 	9.4097060026324564e-002
7.9200000000000003e+001 	8.8505429570245403e-002 	2.2053874915356595e-003 	9.0710817061781079e-002
8.5599999999999994e+001 	8.5379469734402622e-002 	1.9828674932558252e-003 	8.7362337227658460e-002
9.2000000000000000e+001 	8.2353343138295107e-002 	1.7986246951689612e-003 	8.4151967833464070e-002
9.8400000000000006e+001 	7.9416763921893799e-002 	1.6466481211623108e-003 	8.1063412043056074e-002
1.0480000000000001e+002 	7.6579583434207135e-002 	1.5211654794808401e-003 	7.8100748913687998e-002
1.1119999999999999e+002 	7.3847401115505265e-002 	1.4171697136224040e-003 	7.5264570829127658e-002
1.1759999999999999e+002 	7.1222689186106081e-002 	1.3305067901900555e-003 	7.2553195976296156e-002
1.2400000000000000e+002 	6.8705688517759031e-002 	1.2578065629569176e-003 	6.9963495080715921e-002
1.3039999999999998e+002 	6.6295083214960471e-002 	1.1963666824811141e-003 	6.7491449897441630e-002
1.3680000000000001e+002 	6.3988494862795078e-002 	1.1440326011644851e-003 	6.5132527463959561e-002
1.4319999999999999e+002 	6.1782839806482158e-002 	1.1010082262594310e-003 	6.2883848032741593e-002
1.5600000000000000e+002 	5.7700330591785504e-002 	1.0308936515866589e-003 	5.8731224243372161e-002
1.6880000000000001e+002 	5.3883634154818789e-002 	9.7279195516473743e-004 	5.4856426109983508e-002
1.8160000000000002e+002 	5.0439581027143861e-002 	9.2612888631245997e-004 	5.1365709913456334e-002
1.9439999999999998e+002 	4.7293026844973080e-002 	8.8791418667322024e-004 	4.8180941031646274e-002
2.0719999999999999e+002 	4.4415771394685437e-002 	8.5583540528408927e-004 	4.5271606799969520e-002
2.2000000000000000e+002 	4.1781646065935901e-002 	8.2822349787071709e-004 	4.2609869563806621e-002
2.3280000000000001e+002 	3.9366750158909232e-002 	8.0390372976068224e-004 	4.0170653888669930e-002
2.4560000000000002e+002 	3.7149470724845826e-002 	7.8205351537110539e-004 	3.7931524240216952e-002
2.5840000000000003e+002 	3.5110384121202230e-002 	7.6209364377822217e-004 	3.5872477764980482e-002
2.7119999999999999e+002 	3.3232098856613795e-002 	7.4361144988290256e-004 	3.3975710306496688e-002
2.8400000000000000e+002 	3.1499074966713829e-002 	7.2630846497192571e-004 	3.2225383431685753e-002
2.9680000000000001e+002 	2.9897439965791917e-002 	7.0996529166576891e-004 	3.0607405257457681e-002
3.0959999999999997e+002 	2.8414812165685841e-002 	6.9464824094518879e-004 	2.9109460406631035e-002
3.3519999999999999e+002 	2.5794564911092548e-002 	6.6587126551766315e-004 	2.6460436176610206e-002
3.6080000000000001e+002 	2.3446904653752817e-002 	6.3861791619541604e-004 	2.4085522569948229e-002
3.8640000000000003e+002 	2.1443115768439026e-002 	6.1294375347878166e-004 	2.2056059521917817e-002
4.1200000000000000e+002 	1.9691838784616715e-002 	5.8862746723871884e-004 	2.0280466251855436e-002
4.3759999999999997e+002 	1.8153012806261457e-002 	5.6550292974709600e-004 	1.8718515736008561e-002
4.6319999999999999e+002 	1.6793801730456928e-002 	5.4344621458934234e-004 	1.7337247945046270e-002
4.8880000000000001e+002 	1.5587283771228816e-002 	5.2236242844622507e-004 	1.6109646199675046e-002
5.1439999999999998e+002 	1.4511304611553862e-002 	5.0217827118696410e-004 	1.5013482882740825e-002
5.4000000000000000e+002 	1.3547539398757412e-002 	4.8283694946978805e-004 	1.4030376348227206e-002
5.6560000000000002e+002 	1.2680744974623390e-002 	4.6429370882243381e-004 	1.3145038683445827e-002
5.9119999999999993e+002 	1.1898168790940909e-002 	4.4651201108868968e-004 	1.2344680802029603e-002
6.1680000000000007e+002 	1.1189081993685193e-002 	4.2973861467066640e-004 	1.1618820608355857e-002
6.6800000000000000e+002 	9.9713515860090172e-003 	3.9831704042963439e-004 	1.0369668626438655e-002
7.1919999999999993e+002 	8.9086488633245073e-003 	3.6892313305970378e-004 	9.2775719963842079e-003
7.7039999999999998e+002 	8.0318505317003713e-003 	3.4183989012840309e-004 	8.3736904218287712e-003
8.2160000000000002e+002 	7.2848332855576870e-003 	3.1697606351411076e-004 	7.6018093490717977e-003
8.7280000000000007e+002 	6.6425447908974996e-003 	2.9420895760098967e-004 	6.9367537484984892e-003
9.2400000000000000e+002 	6.0856213017164498e-003 	2.7339269950047682e-004 	6.3590140012169290e-003
9.7519999999999993e+002 	5.5990107751087408e-003 	2.5437417873389241e-004 	5.8533849538426339e-003
1.0264000000000001e+003 	5.1708995041057871e-003 	2.3700531178599504e-004 	5.4079048158917819e-003
1.0775999999999999e+003 	4.7919136830783431e-003 	2.2114803342800258e-004 	5.0130617165063465e-003
1.1288000000000000e+003 	4.4545340384427902e-003 	2.0667491998500184e-004 	4.6612089584277911e-003
1.1800000000000000e+003 	4.1526664350999016e-003 	1.9390029819789798e-004 	4.3465667332977997e-003
1.2824000000000001e+003 	3.6420669124709181e-003 	1.7167306992351485e-004 	3.8137399823944323e-003
1.3848000000000000e+003 	3.2042519222335482e-003 	1.5233095615502297e-004 	3.3565828783885714e-003
1.4872000000000000e+003 	2.8496875401358931e-003 	1.3606770150209442e-004 	2.9857552416379862e-003
1.5895999999999999e+003 	2.5522188171153430e-003 	1.2247545374738313e-004 	2.6746942708627264e-003
1.6920000000000000e+003 	2.2999698043404890e-003 	1.1113493048328733e-004 	2.4111047348237768e-003
1.7944000000000001e+003 	2.0840212706844490e-003 	1.0165633261802818e-004 	2.1856776033024774e-003
1.8968000000000000e+003 	1.8976054314446596e-003 	9.3702910444705634e-005 	1.9913083418893656e-003
1.9992000000000000e+003 	1.7355120917941311e-003 	8.6995188310672370e-005 	1.8225072801048032e-003
2.1015999999999999e+003 	1.5936679977776871e-003 	8.1304839051253965e-005 	1.6749728368289406e-003
2.2040000000000000e+003 	1.4688417362915989e-003 	7.6446052709625340e-005 	1.5452877890012242e-003
2.3064000000000001e+003 	1.3584355259741773e-003 	7.2464906312386294e-005 	1.4309004322865632e-003
2.5112000000000003e+003 	1.1745959449069769e-003 	6.5976425200425765e-005 	1.2405723701074023e-003
2.7160000000000000e+003 	1.0204332485426702e-003 	6.0539045606358233e-005 	1.0809722941490282e-003
2.9207999999999997e+003 	8.9859139318146256e-004 	5.6139358482411235e-005 	9.5473075166387382e-004
3.1255999999999999e+003 	7.9872275036204504e-004 	5.2526291611255988e-005 	8.5124904197330135e-004
3.3304000000000001e+003 	7.1590659899113381e-004 	4.9484324552981620e-005 	7.6539092354411555e-004
3.5352000000000003e+003 	6.4647800019179225e-004 	4.6850888465346047e-005 	6.9332888865713865e-004
3.7400000000000000e+003 	5.8768596091462186e-004 	4.4514551347761684e-005 	6.3220051226238331e-004
3.9447999999999997e+003 	5.3744122293919764e-004 	4.2402046507556417e-005 	5.7984326944675421e-004
4.1496000000000004e+003 	4.9413702980329727e-004 	4.0465238635355420e-005 	5.3460226843865251e-004
4.3543999999999996e+003 	4.5652273577676097e-004 	3.8671840637450414e-005 	4.9519457641421130e-004
4.5591999999999998e+003 	4.2361410190967140e-004 	3.6999551639469810e-005 	4.6061365354914115e-004
4.7640000000000000e+003 	3.9462881569795021e-004 	3.5432450923152261e-005 	4.3006126662110256e-004
4.9688000000000002e+003 	3.6893945735716889e-004 	3.3996837613784205e-005 	4.0293629497095321e-004
5.3783999999999996e+003 	3.2597710881175949e-004 	3.1363981951400445e-005 	3.5734109076316001e-004
5.7880000000000000e+003 	2.8947731952916951e-004 	2.8927559987918608e-005 	3.1840487951708806e-004
6.1976000000000004e+003 	2.6022336994346190e-004 	2.6732753552285459e-005 	2.8695612349574737e-004
6.6071999999999998e+003 	2.3578927601893693e-004 	2.4761865575303773e-005 	2.6055114159424065e-004
7.0168000000000002e+003 	2.1508245349695365e-004 	2.2986257530706511e-005 	2.3806871102766006e-004
7.4264000000000005e+003 	1.9730781815070566e-004 	2.1379867107108297e-005 	2.1868768525781397e-004
7.8360000000000000e+003 	1.8188085205739067e-004 	1.9921670948512218e-005 	2.0180252300590289e-004
8.2456000000000004e+003 	1.6836485030768137e-004 	1.8594264951606392e-005 	1.8695911525928781e-004
8.6552000000000007e+003 	1.5642751599571116e-004 	1.7382669079493714e-005 	1.7381018507520485e-004
9.0647999999999993e+003 	1.4581132907085957e-004 	1.6273784675989683e-005 	1.6208511374684925e-004
9.4743999999999996e+003 	1.3631326483894219e-004 	1.5288393206199293e-005 	1.5160165804514150e-004
1.0293600000000000e+004 	1.2031379264157122e-004 	1.3541772381774376e-005 	1.3385556502334565e-004
1.1112799999999999e+004 	1.0640579000843529e-004 	1.1981741807098828e-005 	1.1838753181553409e-004
1.1932000000000000e+004 	9.5174673822841390e-005 	1.0633334753308975e-005 	1.0580800857615036e-004
1.2751200000000001e+004 	8.5716695981325188e-005 	9.4651097803610441e-006 	9.5181805761686237e-005
1.3570400000000000e+004 	7.7663749362251780e-005 	8.4457338527541599e-006 	8.6109483215005957e-005
1.4389600000000000e+004 	7.0740077901137611e-005 	7.5507751305711484e-006 	7.8290853031708730e-005
1.5208799999999999e+004 	6.4736465426726237e-005 	6.7614370187935576e-006 	7.1497902445519798e-005
1.6027999999999998e+004 	5.9491647308692992e-005 	6.0627319282632716e-006 	6.5554379236956267e-005
1.6847200000000001e+004 	5.4879349512354823e-005 	5.4424120993207533e-006 	6.0321761611675582e-005
1.7666399999999998e+004 	5.0799270835613477e-005 	4.8903270722075251e-006 	5.5689597907821007e-005
1.8485600000000002e+004 	4.7170731080243717e-005 	4.4174955561621433e-006 	5.1588226636405838e-005
2.0124000000000000e+004 	4.1127779517572007e-005 	3.6159550094863396e-006 	4.4743734527058346e-005
2.1762399999999998e+004 	3.5912919054212058e-005 	2.9348970637699043e-006 	3.8847816117981960e-005
2.3400799999999999e+004 	3.1772972738470583e-005 	2.3842427025835495e-006 	3.4157215441054121e-005
2.5039200000000001e+004 	2.8333098853264422e-005 	1.9400190274188008e-006 	3.0273117880683225e-005
2.6677600000000002e+004 	2.5441489336234597e-005 	1.5809981130734304e-006 	2.7022487449308026e-005
2.8316000000000000e+004 	2.2985076773185019e-005 	1.2599048437057437e-006 	2.4244981616890765e-005
-500 0
-5.0000000000000000e+002 0.0000000000000000e+000 0.0000000000000000e+000
1
1 1 1 1
1
         t, ms                         dVp, mV                         dVs, mV                         dV, mV
5.0000000000000000e-001 	2.9778777829691738e-002 	1.6071647264900362e-003 	3.1385942556181760e-002
5.9999999999999998e-001 	2.9822024013029778e-002 	1.6222074788688496e-003 	3.1444231491898615e-002
6.9999999999999996e-001 	2.9850451038495436e-002 	1.6360211802627089e-003 	3.1486472218758145e-002
8.0000000000000004e-001 	2.9872836331744510e-002 	1.6476422372462940e-003 	3.1520478568990817e-002
9.0000000000000002e-001 	2.9891773685135854e-002 	1.6575452450262214e-003 	3.1549318930162072e-002
1.0000000000000000e+000 	2.9908259183700957e-002 	1.6660959938215910e-003 	3.1574355177522551e-002
1.1000000000000001e+000 	2.9922822084768270e-002 	1.6735673472795935e-003 	3.1596389432047865e-002
1.2000000000000000e+000 	2.9935815254022516e-002 	1.6801625474457502e-003 	3.1615977801468270e-002
1.3000000000000000e+000 	2.9947500604871849e-002 	1.6860349961080466e-003 	3.1633535600979895e-002
1.3999999999999999e+000 	2.9958081673300170e-002 	1.6911329143128630e-003 	3.1649214587613016e-002
1.6000000000000001e+000 	3.0309774361554867e-002 	1.6999309576062535e-003 	3.2009705319161121e-002
1.8000000000000000e+000 	2.9992433282943431e-002 	1.7075917481299526e-003 	3.1700025031073401e-002
2.0000000000000000e+000 	3.0005932052172248e-002 	1.7141077348034872e-003 	3.1720039786975747e-002
2.2000000000000002e+000 	3.0017669441414020e-002 	1.7197027437955892e-003 	3.1737372185209604e-002
2.3999999999999999e+000 	3.0027999937134148e-002 	1.7245634730398149e-003 	3.1752563410173976e-002
2.6000000000000001e+000 	3.0037187131392775e-002 	1.7288351049163885e-003 	3.1766022236309172e-002
2.7999999999999998e+000 	3.0045430003925296e-002 	1.7326281175101910e-003 	3.1778058121435485e-002
3.0000000000000000e+000 	3.0052881603928137e-002 	1.7360265099587526e-003 	3.1788908113886891e-002
3.2000000000000002e+000 	3.0059661863167539e-002 	1.7390947281539955e-003 	3.1798756591321538e-002
3.3999999999999999e+000 	3.0065866354861782e-002 	1.7418828983478433e-003 	3.1807749253209637e-002
3.6000000000000001e+000 	3.0071572362513298e-002 	1.7443597925530525e-003 	3.1815932155066347e-002
4.0000000000000000e+000 	3.0203702218801039e-002 	1.7487336344740154e-003 	3.1952435853275049e-002
4.4000000000000004e+000 	3.0090641191524665e-002 	1.7526167704090387e-003 	3.1843257961933699e-002
4.7999999999999998e+000 	3.0098396018476716e-002 	1.7559927638288409e-003 	3.1854388782305551e-002
5.2000000000000002e+000 	3.0105281246537208e-002 	1.7589450376437009e-003 	3.1864226284180910e-002
5.5999999999999996e+000 	3.0111482264849183e-002 	1.7615466227557150e-003 	3.1873028887604918e-002
6.0000000000000000e+000 	3.0117154741529158e-002 	1.7638570663348202e-003 	3.1881011807863978e-002
6.4000000000000004e+000 	3.0122430372059035e-002 	1.7659239123622801e-003 	3.1888354284421321e-002
6.7999999999999998e+000 	3.0127419098018905e-002 	1.7677849976832113e-003 	3.1895204095702109e-002
7.2000000000000002e+000 	3.0132209531318462e-002 	1.7694705054778345e-003 	3.1901680036796290e-002
7.5999999999999996e+000 	3.0136869098712910e-002 	1.7710045931813964e-003 	3.1907873691894309e-002
8.0000000000000000e+000 	3.0141444793756897e-002 	1.7723663211573256e-003 	3.1913811114914224e-002
8.8000000000000007e+000 	3.0217026328945695e-002 	1.7747603551347465e-003 	3.1991786684080439e-002
9.5999999999999996e+000 	3.0159201039702939e-002 	1.7768639824945916e-003 	3.1936065022197528e-002
1.0400000000000000e+001 	3.0167619312110545e-002 	1.7786553626761138e-003 	3.1946274674786661e-002
1.1199999999999999e+001 	3.0175517733753494e-002 	1.7801683475552963e-003 	3.1955686081308797e-002
1.2000000000000000e+001 	3.0182687982826761e-002 	1.7814316932946797e-003 	3.1964119676121443e-002
1.2800000000000001e+001 	3.0188925811835920e-002 	1.7824679862795468e-003 	3.1971393798115456e-002
1.3600000000000000e+001 	3.0194052699093418e-002 	1.7832949052333320e-003 	3.1977347604326758e-002
1.4400000000000000e+001 	3.0197926391334163e-002 	1.7839267626144064e-003 	3.1981853153948567e-002
1.5199999999999999e+001 	3.0200443506732722e-002 	1.7843757686033513e-003 	3.1984819275336064e-002
1.6000000000000000e+001 	3.0201537309399853e-002 	1.7846529443527764e-003 	3.1986190253752621e-002
1.6800000000000001e+001 	3.0201173056675870e-002 	1.7847687399068048e-003 	3.1985941796582672e-002
1.7600000000000001e+001 	3.0199342509409536e-002 	1.7847334266606681e-003 	3.1984075936070215e-002
1.8399999999999999e+001 	3.0196058535614797e-002 	1.7845112247668470e-003 	3.1980569760381640e-002
2.0000000000000000e+001 	3.0222014075310440e-002 	1.7836947923301674e-003 	3.2005708867640599e-002
2.1600000000000001e+001 	3.0169308809626958e-002 	1.7825489331933187e-003 	3.1951857742820292e-002
2.3199999999999999e+001 	3.0148447587031731e-002 	1.7810626237829855e-003 	3.1929510210814707e-002
2.4800000000000001e+001 	3.0123215919042129e-002 	1.7792971171089822e-003 	3.1902513036151103e-002
2.6399999999999999e+001 	3.0094099246982541e-002 	1.7773110513805452e-003 	3.1871410298363087e-002
2.8000000000000000e+001 	3.0061567695723875e-002 	1.7751526633875785e-003 	3.1836720359111441e-002
2.9600000000000001e+001 	3.0026060454900534e-002 	1.7728564227493969e-003 	3.1798916877649928e-002
3.1199999999999999e+001 	2.9987976687655786e-002 	1.7704420486748917e-003 	3.1758418736330687e-002
3.2800000000000004e+001 	2.9947671036101402e-002 	1.7679150554696401e-003 	3.1715586091571053e-002
3.4399999999999999e+001 	2.9905452271084702e-002 	1.7652683391768665e-003 	3.1670720610261577e-002
3.6000000000000000e+001 	2.9861584058567349e-002 	1.7624844209497322e-003 	3.1624068479517084e-002
3.7600000000000001e+001 	2.9816287129566514e-002 	1.7594486841463132e-003 	3.1575735813712820e-002
4.0800000000000004e+001 	2.9737261903636649e-002 	1.7526741033128187e-003 	3.1489936006949458e-002
4.4000000000000000e+001 	2.9624133857242021e-002 	1.7449838350505659e-003 	3.1369117692292600e-002
4.7199999999999996e+001 	2.9522502478377313e-002 	1.7360544502899606e-003 	3.1258556928667261e-002
5.0399999999999999e+001 	2.9417635088029151e-002 	1.7257112137627180e-003 	3.1143346301791872e-002
5.3600000000000001e+001 	2.9309601936798886e-002 	1.7138454910589397e-003 	3.1023447427857839e-002
5.6800000000000004e+001 	2.9198328807010825e-002 	1.7004174485539892e-003 	3.0898746255564824e-002
6.0000000000000000e+001 	2.9083659470264346e-002 	1.6854521805467805e-003 	3.0769111650811132e-002
6.3200000000000003e+001 	2.8965405399701123e-002 	1.6690306218622262e-003 	3.0634436021563342e-002
6.6400000000000006e+001 	2.8843381911860113e-002 	1.6512775655484098e-003 	3.0494659477408516e-002
6.9599999999999994e+001 	2.8717432210349832e-002 	1.6323488578523929e-003 	3.0349781068202224e-002
7.2799999999999997e+001 	2.8587441592650916e-002 	1.6121784182506938e-003 	3.0199620010901606e-002
7.9200000000000003e+001 	2.8321733218812289e-002 	1.5698400813420404e-003 	2.9891573300154326e-002
8.5599999999999994e+001 	2.8026781192921638e-002 	1.5263625894376806e-003 	2.9553143782359310e-002
9.2000000000000000e+001 	2.7723011709828722e-002 	1.4822849767355880e-003 	2.9205296686564325e-002
9.8400000000000006e+001 	2.7405020525746410e-002 	1.4384815008694379e-003 	2.8843502026615845e-002
1.0480000000000001e+002 	2.7074282422931924e-002 	1.3956731096034590e-003 	2.8469955532535389e-002
1.1119999999999999e+002 	2.6732453923225534e-002 	1.3543922807444338e-003 	2.8086846203969958e-002
1.1759999999999999e+002 	2.6381261389161904e-002 	1.3149930409526766e-003 	2.7696254430114576e-002
1.2400000000000000e+002 	2.6022415839952212e-002 	1.2776788006459410e-003 	2.7300094640598158e-002
1.3039999999999998e+002 	2.5657554144732527e-002 	1.2425348301078533e-003 	2.6900088974840381e-002
1.3680000000000001e+002 	2.5288202494704905e-002 	1.2095590447957808e-003 	2.6497761539500682e-002
1.4319999999999999e+002 	2.4915756970371742e-002 	1.1794098888614451e-003 	2.6095166859233184e-002
1.5600000000000000e+002 	2.4176260918036777e-002 	1.1249157319666396e-003 	2.5301176650003417e-002
1.6880000000000001e+002 	2.3420709003782719e-002 	1.0757308094845441e-003 	2.4496439813267254e-002
1.8160000000000002e+002 	2.2680645928142770e-002 	1.0321762621358281e-003 	2.3712822190278593e-002
1.9439999999999998e+002 	2.1952540075369936e-002 	9.9343965139631540e-004 	2.2945979726766250e-002
2.0719999999999999e+002 	2.1240122271335399e-002 	9.5870760308122672e-004 	2.2198829874416626e-002
2.2000000000000000e+002 	2.0546102383849962e-002 	9.2725848818162959e-004 	2.1473360872031593e-002
2.3280000000000001e+002 	1.9872362959575448e-002 	8.9848749345366151e-004 	2.0770850453029104e-002
2.4560000000000002e+002 	1.9220133208029202e-002 	8.7190350220519392e-004 	2.0092036710234393e-002
2.5840000000000003e+002 	1.8590133691764977e-002 	8.4711519099748590e-004 	1.9437248882762451e-002
2.7119999999999999e+002 	1.7982692543262211e-002 	8.2381428308373166e-004 	1.8806506826345947e-002
2.8400000000000000e+002 	1.7397837345586118e-002 	8.0175948965426742e-004 	1.8199596835240375e-002
2.9680000000000001e+002 	1.6835367320349050e-002 	7.8076252102901730e-004 	1.7616129841378066e-002
3.0959999999999997e+002 	1.6294909967921704e-002 	7.6095034815997181e-004 	1.7055860316081681e-002
3.3519999999999999e+002 	1.5289048219676435e-002 	7.2357216710368366e-004 	1.6012620386780117e-002
3.6080000000000001e+002 	1.4339818448370215e-002 	6.8816902768544636e-004 	1.5027987476055656e-002
3.8640000000000003e+002 	1.3477743376114940e-002 	6.5489369772875697e-004 	1.4132637073843690e-002
4.1200000000000000e+002 	1.2685174941549865e-002 	6.2352356549078317e-004 	1.3308698507040645e-002
4.3759999999999997e+002 	1.1956411021462797e-002 	5.9387395971816168e-004 	1.2550284981180953e-002
4.6319999999999999e+002 	1.1285935782368807e-002 	5.6580312034207108e-004 	1.1851738902710881e-002
4.8880000000000001e+002 	1.0668539918719995e-002 	5.3920147942742441e-004 	1.1207741398147423e-002
5.1439999999999998e+002 	1.0099383972097625e-002 	5.1398032643755768e-004 	1.0613364298535183e-002
5.4000000000000000e+002 	9.5740232144754210e-003 	4.9006373662292726e-004 	1.0064086951098348e-002
5.6560000000000002e+002 	9.0884077867333761e-003 	4.6738366257301493e-004 	9.5557914493063882e-003
5.9119999999999993e+002 	8.6388677757564328e-003 	4.4587715843200803e-004 	9.0847449341884424e-003
6.1680000000000007e+002 	8.2220898219661307e-003 	4.2587252013171173e-004 	8.6479623420978435e-003
6.6800000000000000e+002 	7.4842020319798195e-003 	3.8898908555672486e-004 	7.8731911175365446e-003
7.1919999999999993e+002 	6.8208753111806374e-003 	3.5508766528871536e-004 	7.1759629764693543e-003
7.7039999999999998e+002 	6.2531424054235226e-003 	3.2449693192060066e-004 	6.5776393373441211e-003
8.2160000000000002e+002 	5.7554184499249532e-003 	2.9694667612513952e-004 	6.0523651260500919e-003
8.7280000000000007e+002 	5.3166590631744262e-003 	2.7214517138141259e-004 	5.5888042345558359e-003
9.2400000000000000e+002 	4.9278028125332232e-003 	2.4981403019291409e-004 	5.1776168427261392e-003
9.7519999999999993e+002 	4.5814206008609583e-003 	2.2969730999770755e-004 	4.8111179108586647e-003
1.0264000000000001e+003 	4.2714031019194000e-003 	2.1156334322185860e-004 	4.4829664451412569e-003
1.0775999999999999e+003 	3.9927021308990823e-003 	1.9520441197399638e-004 	4.1879065428730789e-003
1.1288000000000000e+003 	3.7411229990983643e-003 	1.8043536487278395e-004 	3.9215583639711496e-003
1.1800000000000000e+003 	3.5131597630971723e-003 	1.6753685409177536e-004 	3.6806966171889477e-003
1.2824000000000001e+003 	3.1213848944669437e-003 	1.4535416365621772e-004 	3.2667390581231606e-003
1.3848000000000000e+003 	2.7795876078738329e-003 	1.2631585307296589e-004 	2.9059034609467986e-003
1.4872000000000000e+003 	2.4972921589069522e-003 	1.1055048066755311e-004 	2.6078426395745044e-003
1.5895999999999999e+003 	2.2567044024233767e-003 	9.7538426519908165e-005 	2.3542428289432854e-003
1.6920000000000000e+003 	2.0498742533722049e-003 	8.6800889709524203e-005 	2.1366751430817290e-003
1.7944000000000001e+003 	1.8706679495889332e-003 	7.7926826870931492e-005 	1.9485947764598646e-003
1.8968000000000000e+003 	1.7143160069985808e-003 	7.0572656062744849e-005 	1.7848886630613260e-003
1.9992000000000000e+003 	1.5770660013006605e-003 	6.4455646177948381e-005 	1.6415216474786091e-003
2.1015999999999999e+003 	1.4559277607694866e-003 	5.9345378300384760e-005 	1.5152731390698708e-003
2.2040000000000000e+003 	1.3484888593663560e-003 	5.5054907868370872e-005 	1.4035437672347273e-003
2.3064000000000001e+003 	1.2527807303554124e-003 	5.1608467600254894e-005 	1.3043891979556677e-003
2.5112000000000003e+003 	1.0920234345367199e-003 	4.6154917927821948e-005 	1.1381783524645412e-003
2.7160000000000000e+003 	9.5579131588553160e-004 	4.1764830167773922e-005 	9.9755614605330544e-004
2.9207999999999997e+003 	8.4690817924898279e-004 	3.8374804586518967e-005 	8.8528298383550160e-004
3.1255999999999999e+003 	7.5682724561212749e-004 	3.5710881705513818e-005 	7.9253812731764142e-004
3.3304000000000001e+003 	6.8151481445810212e-004 	3.3560212578202156e-005 	7.1507502703630453e-004
3.5352000000000003e+003 	6.1792181644973942e-004 	3.1767469938779510e-005 	6.4968928638851875e-004
3.7400000000000000e+003 	5.6372826375635833e-004 	3.0224831775354980e-005 	5.9395309553171333e-004
3.9447999999999997e+003 	5.1715075937015754e-004 	2.8860201063038433e-005 	5.4601096043319607e-004
4.1496000000000004e+003 	4.7680308748012637e-004 	2.7626231037223704e-005 	5.0442931851734990e-004
4.3543999999999996e+003 	4.4159614652996806e-004 	2.6491858492911049e-005 	4.6808800502287900e-004
4.5591999999999998e+003 	4.1066576019278470e-004 	2.5436503918417524e-005 	4.3610226411120215e-004
4.7640000000000000e+003 	3.8332001972495630e-004 	2.4446315579089380e-005 	4.0776633530404549e-004
4.9688000000000002e+003 	3.5900037182953526e-004 	2.3530702020755116e-005 	3.8253107385029039e-004
5.3783999999999996e+003 	3.1815103608113387e-004 	2.1838701625907381e-005 	3.3998973770704130e-004
5.7880000000000000e+003 	2.8329225006782353e-004 	2.0266137767262752e-005 	3.0355838783508625e-004
6.1976000000000004e+003 	2.5520301721065864e-004 	1.8830241874769739e-005 	2.7403325908542843e-004
6.6071999999999998e+003 	2.3164608298945861e-004 	1.7522031543057777e-005 	2.4916811453251642e-004
7.0168000000000002e+003 	2.1161428655814849e-004 	1.6328505023922621e-005 	2.2794279158207107e-004
7.4264000000000005e+003 	1.9436973041609063e-004 	1.5236649130889680e-005 	2.0960637954698034e-004
7.8360000000000000e+003 	1.7936652966172030e-004 	1.4235390755752330e-005 	1.9360192041747252e-004
8.2456000000000004e+003 	1.6619455371512959e-004 	1.3315387658279826e-005 	1.7950994137340941e-004
8.6552000000000007e+003 	1.5454019674262352e-004 	1.2468452892077541e-005 	1.6700864963470105e-004
9.0647999999999993e+003 	1.4415939352093916e-004 	1.1687247949478285e-005 	1.5584664147041749e-004
9.4743999999999996e+003 	1.3485902139783314e-004 	1.0984714372553813e-005 	1.4584373577038694e-004
1.0293600000000000e+004 	1.1916310062998938e-004 	9.7291369913891860e-006 	1.2889223762137852e-004
1.1112799999999999e+004 	1.0550067929956643e-004 	8.6032462551764952e-006 	1.1410392555474292e-004
1.1932000000000000e+004 	9.4443240622250400e-005 	7.6193740902469458e-006 	1.0206261471249739e-004
1.2751200000000001e+004 	8.5117331666054570e-005 	6.7585275052812801e-006 	9.1875859171335866e-005
1.3570400000000000e+004 	7.7166655536650407e-005 	6.0014112306477296e-006 	8.3168066767298112e-005
1.4389600000000000e+004 	7.0323490314938997e-005 	5.3323033598533965e-006 	7.5655793674792371e-005
1.5208799999999999e+004 	6.4384164345247005e-005 	4.7388989526113978e-006 	6.9123063297858364e-005
1.6027999999999998e+004 	5.9191318830693641e-005 	4.2112949006038442e-006 	6.3402613731297473e-005
1.6847200000000001e+004 	5.4621491842700151e-005 	3.7412943818339293e-006 	5.8362786224534114e-005
1.7666399999999998e+004 	5.0576448541652468e-005 	3.3219974957606864e-006 	5.3898446037413165e-005
1.8485600000000002e+004 	4.6977054640970270e-005 	2.9614777386597284e-006 	4.9938532379629993e-005
2.0124000000000000e+004 	4.0978017035875531e-005 	2.3510192332418548e-006 	4.3329036269117380e-005
2.1762399999999998e+004 	3.5798385260860335e-005 	1.8355461115216519e-006 	3.7633931372381993e-005
2.3400799999999999e+004 	3.1682578259016916e-005 	1.4201906185559728e-006 	3.3102768877572893e-005
2.5039200000000001e+004 	2.8260630266537281e-005 	1.0874679622250689e-006 	2.9348098228762348e-005
2.6677600000000002e+004 	2.5382589199971658e-005 	8.2145382283493486e-007 	2.6204043022806599e-005
2.8316000000000000e+004 	2.2936632357119435e-005 	5.8521262544657682e-007 	2.3521844982566014e-005
