-1050 0
-1.0500000000000000e+003 0.0000000000000000e+000 0.0000000000000000e+000
1
1 1 1 1
1
         t, ms                         dVp, mV                         dVs, mV                         dV, mV
5.0000000000000000e-001 	1.3769920912665204e-001 	1.7421335525318223e-002 	1.5512054465197031e-001
5.9999999999999998e-001 	1.3787825850263763e-001 	1.7421332117491889e-002 	1.5529959062012949e-001
6.9999999999999996e-001 	1.3799595432703171e-001 	1.7420575418157763e-002 	1.5541652974518960e-001
8.0000000000000004e-001 	1.3808863565261714e-001 	1.7418619960579383e-002 	1.5550725561319645e-001
9.0000000000000002e-001 	1.3816704122719131e-001 	1.7416022964394932e-002 	1.5558306419158632e-001
1.0000000000000000e+000 	1.3823529517353556e-001 	1.7413214566486417e-002 	1.5564850974002201e-001
1.1000000000000001e+000 	1.3829558884786325e-001 	1.7410495019127687e-002 	1.5570608386699100e-001
1.2000000000000000e+000 	1.3834938327942861e-001 	1.7408054349252643e-002 	1.5575743762868133e-001
1.3000000000000000e+000 	1.3839776290725631e-001 	1.7405996829692145e-002 	1.5580375973694846e-001
1.3999999999999999e+000 	1.3844157045688998e-001 	1.7404511526530116e-002 	1.5584608198342015e-001
1.6000000000000001e+000 	1.3989755019814762e-001 	1.7402716600096353e-002 	1.5730026679824394e-001
1.8000000000000000e+000 	1.3858379153177822e-001 	1.7401887357380037e-002 	1.5598567888915824e-001
2.0000000000000000e+000 	1.3863967815282646e-001 	1.7401914275951863e-002 	1.5604159242877824e-001
2.2000000000000002e+000 	1.3868827223122807e-001 	1.7402434834712193e-002 	1.5609070706594025e-001
2.3999999999999999e+000 	1.3873104144821843e-001 	1.7403106307150744e-002 	1.5613414775536924e-001
2.6000000000000001e+000 	1.3876907715086342e-001 	1.7403646232653742e-002 	1.5617272338351712e-001
2.7999999999999998e+000 	1.3880320316914649e-001 	1.7403844852676834e-002 	1.5620704802182322e-001
3.0000000000000000e+000 	1.3883405316381142e-001 	1.7403562396893644e-002 	1.5623761556070509e-001
3.2000000000000002e+000 	1.3886212368304188e-001 	1.7402719126071473e-002 	1.5626484280911340e-001
3.3999999999999999e+000 	1.3888781042260617e-001 	1.7401282853249413e-002 	1.5628909327585558e-001
3.6000000000000001e+000 	1.3891143335601427e-001 	1.7399058562965728e-002 	1.5631049191897992e-001
4.0000000000000000e+000 	1.3945843954765405e-001 	1.7393008065959135e-002 	1.5685144761361322e-001
4.4000000000000004e+000 	1.3899037803170256e-001 	1.7385576149861012e-002 	1.5637595418156366e-001
4.7999999999999998e+000 	1.3902248247572066e-001 	1.7376787319384274e-002 	1.5639926979510493e-001
5.2000000000000002e+000 	1.3905098587265824e-001 	1.7366971827356081e-002 	1.5641795770001429e-001
5.5999999999999996e+000 	1.3907665421688042e-001 	1.7356469107844854e-002 	1.5643312332472542e-001
6.0000000000000000e+000 	1.3910012894304932e-001 	1.7345590138322289e-002 	1.5644571908137170e-001
6.4000000000000004e+000 	1.3912195005228717e-001 	1.7334602212906648e-002 	1.5645655226519378e-001
6.7999999999999998e+000 	1.3914256461398214e-001 	1.7323727367692887e-002 	1.5646629198167505e-001
7.2000000000000002e+000 	1.3916232791831265e-001 	1.7313145499552391e-002 	1.5647547341786508e-001
7.5999999999999996e+000 	1.3918150362326095e-001 	1.7302997565885068e-002 	1.5648450118914609e-001
8.0000000000000000e+000 	1.3920026660611989e-001 	1.7293630480267115e-002 	1.5649389708638700e-001
8.8000000000000007e+000 	1.3951242522535418e-001 	1.7276779142514406e-002 	1.5678920436786853e-001
9.5999999999999996e+000 	1.3927175123626509e-001 	1.7261794241690540e-002 	1.5653354547795559e-001
1.0400000000000000e+001 	1.3930436861619724e-001 	1.7248665716150986e-002 	1.5655303433234816e-001
1.1199999999999999e+001 	1.3933361134115813e-001 	1.7236741005627450e-002 	1.5657035234678560e-001
1.2000000000000000e+001 	1.3935827953751168e-001 	1.7225098605933815e-002 	1.5658337814344556e-001
1.2800000000000001e+001 	1.3937717955790857e-001 	1.7212658580795799e-002 	1.5658983813870442e-001
1.3600000000000000e+001 	1.3938922167354714e-001 	1.7198277421246830e-002 	1.5658749909479397e-001
1.4400000000000000e+001 	1.3939346860464485e-001 	1.7180827418232486e-002 	1.5657429602287745e-001
1.5199999999999999e+001 	1.3938914866910301e-001 	1.7159258878442180e-002 	1.5654840754754518e-001
1.6000000000000000e+001 	1.3937564733370975e-001 	1.7132644013034388e-002 	1.5650829134674418e-001
1.6800000000000001e+001 	1.3935248797731578e-001 	1.7100203565423272e-002 	1.5645269154273903e-001
1.7600000000000001e+001 	1.3931930914760554e-001 	1.7061318920107198e-002 	1.5638062806771277e-001
1.8399999999999999e+001 	1.3927584259768322e-001 	1.7012694133517050e-002 	1.5628853673120033e-001
2.0000000000000000e+001 	1.3930770253776145e-001 	1.6892923371378515e-002 	1.5620062590914000e-001
2.1600000000000001e+001 	1.3899591727027902e-001 	1.6749666828984672e-002 	1.5574558409926373e-001
2.3199999999999999e+001 	1.3879172014178237e-001 	1.6579382325482814e-002 	1.5537110246726524e-001
2.4800000000000001e+001 	1.3854474858380186e-001 	1.6383596913050035e-002 	1.5492834549685200e-001
2.6399999999999999e+001 	1.3825549109376428e-001 	1.6164867969417691e-002 	1.5442035906318194e-001
2.8000000000000000e+001 	1.3792474410356670e-001 	1.5926308873380729e-002 	1.5385105297694737e-001
2.9600000000000001e+001 	1.3755357419332823e-001 	1.5671259894088612e-002 	1.5322483408741680e-001
3.1199999999999999e+001 	1.3714328437144230e-001 	1.5403068408337202e-002 	1.5254635277977957e-001
3.2800000000000004e+001 	1.3669538091794031e-001 	1.5124943541614880e-002 	1.5182032445955526e-001
3.4399999999999999e+001 	1.3621153919858126e-001 	1.4839861187688732e-002 	1.5105140038627002e-001
3.6000000000000000e+001 	1.3569356856395012e-001 	1.4550507024801729e-002 	1.5024407558875191e-001
3.7600000000000001e+001 	1.3514337736831911e-001 	1.4259990922319303e-002 	1.4940336829063838e-001
4.0800000000000004e+001 	1.3401661336660894e-001 	1.3683954250126106e-002 	1.4770056761673508e-001
4.4000000000000000e+001 	1.3266629565612842e-001 	1.3120691580826294e-002 	1.4578698723695474e-001
4.7199999999999996e+001 	1.3128644287744293e-001 	1.2577445389370698e-002 	1.4386388826681376e-001
5.0399999999999999e+001 	1.2983192452154987e-001 	1.2059333257265280e-002 	1.4189125777881520e-001
5.3600000000000001e+001 	1.2831636417848369e-001 	1.1569447525885448e-002 	1.3988581170436917e-001
5.6800000000000004e+001 	1.2675217096223046e-001 	1.1109184796209200e-002 	1.3786135575843972e-001
6.0000000000000000e+001 	1.2515043174206200e-001 	1.0678673753728492e-002 	1.3582910549579055e-001
6.3200000000000003e+001 	1.2352090723049473e-001 	1.0277168513559885e-002 	1.3379807574405458e-001
6.6400000000000006e+001 	1.2187209240624491e-001 	9.9033639235486231e-003 	1.3177545632979351e-001
6.9599999999999994e+001 	1.2021131377944612e-001 	9.5556317767257030e-003 	1.2976694555617183e-001
7.2799999999999997e+001 	1.1854484424355004e-001 	9.2401765885909339e-003 	1.2778502083214102e-001
7.9200000000000003e+001 	1.1525185570749105e-001 	8.6738310150130202e-003 	1.2392568672250408e-001
8.5599999999999994e+001 	1.1192633069260366e-001 	8.1657133096082121e-003 	1.2009204400221188e-001
9.2000000000000000e+001 	1.0868481584650370e-001 	7.7195326094212507e-003 	1.1640434845592498e-001
9.8400000000000006e+001 	1.0551263737150199e-001 	7.3269474420197839e-003 	1.1283958481352180e-001
1.0480000000000001e+002 	1.0242140184310787e-001 	6.9798919830525849e-003 	1.0940129382616043e-001
1.1119999999999999e+002 	9.9418700739927104e-002 	6.6712976819311536e-003 	1.0608999842185826e-001
1.1759999999999999e+002 	9.6509090234606673e-002 	6.3952018172424878e-003 	1.0290429205184917e-001
1.2400000000000000e+002 	9.3694880993623192e-002 	6.1466550304288044e-003 	9.9841536024051963e-002
1.3039999999999998e+002 	9.0976741668960220e-002 	5.9215733034822231e-003 	9.6898314972442459e-002
1.3680000000000001e+002 	8.8354149947198549e-002 	5.7165877567208036e-003 	9.4070737703919355e-002
1.4319999999999999e+002 	8.5825727205990909e-002 	5.5340032193752567e-003 	9.1359730425366117e-002
1.5600000000000000e+002 	8.1092225655219494e-002 	5.2103155971761766e-003 	8.6302541252395726e-002
1.6880000000000001e+002 	7.6599555425315491e-002 	4.9211662183932560e-003 	8.1520721643708730e-002
1.8160000000000002e+002 	7.2483849905262368e-002 	4.6673237465126400e-003 	7.7151173651774999e-002
1.9439999999999998e+002 	6.8669154033013893e-002 	4.4425845301548665e-003 	7.3111738563168757e-002
2.0719999999999999e+002 	6.5132219354349971e-002 	4.2416094106939263e-003 	6.9373828765043888e-002
2.2000000000000000e+002 	6.1850617973351410e-002 	4.0601095536743322e-003 	6.5910727527025759e-002
2.3280000000000001e+002 	5.8803199214488504e-002 	3.8947336292026648e-003 	6.2697932843691143e-002
2.4560000000000002e+002 	5.5970309549494668e-002 	3.7428809504323770e-003 	5.9713190499927009e-002
2.5840000000000003e+002 	5.3333861850903767e-002 	3.6025220420610907e-003 	5.6936383892964848e-002
2.7119999999999999e+002 	5.0877313896034608e-002 	3.4720545458845889e-003 	5.4349368441919219e-002
2.8400000000000000e+002 	4.8585595741154619e-002 	3.3501960098606624e-003 	5.1935791751015273e-002
2.9680000000000001e+002 	4.6445011110515008e-002 	3.2359061250929943e-003 	4.9680917235608017e-002
3.0959999999999997e+002 	4.4443128215189608e-002 	3.1304885672752015e-003 	4.7573616782464814e-002
3.3519999999999999e+002 	4.0853070909401767e-002 	2.9367418982221357e-003 	4.3789812807623910e-002
3.6080000000000001e+002 	3.7587271489549164e-002 	2.7579294142478748e-003 	4.0345200903797042e-002
3.8640000000000003e+002 	3.4746586483205257e-002 	2.5951499595816040e-003 	3.7341736442786877e-002
4.1200000000000000e+002 	3.2223786630278486e-002 	2.4465055435023931e-003 	3.4670292173780884e-002
4.3759999999999997e+002 	2.9973920481110840e-002 	2.3102016239085490e-003 	3.2284122105019374e-002
4.6319999999999999e+002 	2.7959269213973584e-002 	2.1846912586258442e-003 	3.0143960472599436e-002
4.8880000000000001e+002 	2.6148196935753272e-002 	2.0686897154362045e-003 	2.8216886651189470e-002
5.1439999999999998e+002 	2.4514099725044980e-002 	1.9611360555098849e-003 	2.6475235780554864e-002
5.4000000000000000e+002 	2.3034517377017338e-002 	1.8611469167972210e-003 	2.4895664293814568e-002
5.6560000000000002e+002 	2.1690404424681568e-002 	1.7679774849672840e-003 	2.3458381909648853e-002
5.9119999999999993e+002 	2.0465538087080969e-002 	1.6809915667458303e-003 	2.2146529653826800e-002
6.1680000000000007e+002 	1.9346038448570267e-002 	1.6015437935312025e-003 	2.0947582242101460e-002
6.6800000000000000e+002 	1.7400875817395873e-002 	1.4575104221216015e-003 	1.8858386239517463e-002
7.1919999999999993e+002 	1.5683557097532566e-002 	1.3267503558563646e-003 	1.7010307453388933e-002
7.7039999999999998e+002 	1.4245775867942442e-002 	1.2104416676076235e-003 	1.5456217535550062e-002
8.2160000000000002e+002 	1.3006486784245501e-002 	1.1070241166819276e-003 	1.4113510900927427e-002
8.7280000000000007e+002 	1.1929896440180596e-002 	1.0149197002980242e-003 	1.2944816140478621e-002
9.2400000000000000e+002 	1.0987802691727860e-002 	9.3269685099183213e-004 	1.1920499542719695e-002
9.7519999999999993e+002 	1.0157889486133149e-002 	8.5911338846623823e-004 	1.1017002874599391e-002
1.0264000000000001e+003 	9.4223574212589957e-003 	7.9310806447236511e-004 	1.0215465485731363e-002
1.0775999999999999e+003 	8.7668783517861736e-003 	7.3377565298781268e-004 	9.5006540047739840e-003
1.1288000000000000e+003 	8.1798105272397909e-003 	6.8034051241966560e-004 	8.8601510396594599e-003
1.1800000000000000e+003 	7.6516101549752849e-003 	6.3380778059927696e-004 	8.2854179355745638e-003
1.2824000000000001e+003 	6.7518608918597945e-003 	5.5380093467669630e-004 	7.3056618265364892e-003
1.3848000000000000e+003 	5.9743727350050667e-003 	4.8483210118925943e-004 	6.4592048361943244e-003
1.4872000000000000e+003 	5.3391147352926955e-003 	4.2744213906911174e-004 	5.7665568743618069e-003
1.5895999999999999e+003 	4.8023209213487027e-003 	3.7979802647950938e-004 	5.1821189478282103e-003
1.6920000000000000e+003 	4.3442513429287326e-003 	3.4016444156418778e-004 	4.6844157844929219e-003
1.7944000000000001e+003 	3.9499141980461243e-003 	3.0705039697256252e-004 	4.2569645950186865e-003
1.8968000000000000e+003 	3.6078161955337426e-003 	2.7923260086406318e-004 	3.8870487963978072e-003
1.9992000000000000e+003 	3.3090268518431187e-003 	2.5572612232642293e-004 	3.5647529741695419e-003
2.1015999999999999e+003 	3.0465066534690619e-003 	2.3574141089693527e-004 	3.2822480643659975e-003
2.2040000000000000e+003 	2.8146298675616817e-003 	2.1864438627512101e-004 	3.0332742538368021e-003
2.3064000000000001e+003 	2.6088440739642127e-003 	2.0460620515758271e-004 	2.8134502791217959e-003
2.5112000000000003e+003 	2.2647636189793126e-003 	1.8175195266897966e-004 	2.4465155716482932e-003
2.7160000000000000e+003 	1.9747703583886289e-003 	1.6276898995426509e-004 	2.1375393483428944e-003
2.9207999999999997e+003 	1.7443359469404753e-003 	1.4763006595819355e-004 	1.8919660128986688e-003
3.1255999999999999e+003 	1.5546060689537742e-003 	1.3542480891455479e-004 	1.6900308778683281e-003
3.3304000000000001e+003 	1.3966460683099767e-003 	1.2538761591294269e-004 	1.5220336842229195e-003
3.5352000000000003e+003 	1.2637556791038817e-003 	1.1694333132372668e-004 	1.3806990104276084e-003
3.7400000000000000e+003 	1.1508735502665322e-003 	1.0968506485964578e-004 	1.2605586151261776e-003
3.9447999999999997e+003 	1.0541338683889710e-003 	1.0333045243282920e-004 	1.1574643208218007e-003
4.1496000000000004e+003 	9.7054859961546384e-004 	9.7682403176584123e-005 	1.0682310027920481e-003
4.3543999999999996e+003 	8.9778161729103822e-004 	9.2600925740535622e-005 	9.9038254303157386e-004
4.5591999999999998e+003 	8.3398719918555554e-004 	8.7984446557670307e-005 	9.2197164574322598e-004
4.7640000000000000e+003 	7.7769315324560705e-004 	8.3757620328355528e-005 	8.6145077357396231e-004
4.9688000000000002e+003 	7.2771505311270855e-004 	7.9980938932737011e-005 	8.0769599204544545e-004
5.3783999999999996e+003 	6.4395106946159167e-004 	7.3220351221566730e-005 	7.1717142068315840e-004
5.7880000000000000e+003 	5.7262955676053889e-004 	6.7091496677789322e-005 	6.3972105343832809e-004
6.1976000000000004e+003 	5.1531269782638227e-004 	6.1687686287768823e-005 	5.7700038411415101e-004
6.6071999999999998e+003 	4.6734150444274281e-004 	5.6915575406512212e-005 	5.2425707984925490e-004
7.0168000000000002e+003 	4.2661815627018443e-004 	5.2672814368376208e-005 	4.7929097063856058e-004
7.4264000000000005e+003 	3.9161096098092615e-004 	4.8874732988994411e-005 	4.4048569396992055e-004
7.8360000000000000e+003 	3.6119038737259250e-004 	4.5455760636930589e-005 	4.0664614800952297e-004
8.2456000000000004e+003 	3.3451019986144071e-004 	4.2363985223952708e-005 	3.7687418508539332e-004
8.6552000000000007e+003 	3.1092491786459912e-004 	3.9556869483523231e-005 	3.5048178734812239e-004
9.0647999999999993e+003 	2.8993326012975273e-004 	3.6998798786756582e-005 	3.2693205891650936e-004
9.4743999999999996e+003 	2.7113930313605802e-004 	3.4735721007608888e-005 	3.0587502414366704e-004
1.0293600000000000e+004 	2.3945078981250107e-004 	3.0740766146643198e-005 	2.7019155595914426e-004
1.1112799999999999e+004 	2.1188593256377971e-004 	2.7184428238522093e-005 	2.3907036080230174e-004
1.1932000000000000e+004 	1.8960131586291513e-004 	2.4121752912817689e-005 	2.1372306877573275e-004
1.2751200000000001e+004 	1.7082042441621042e-004 	2.1475907870686364e-005 	1.9229633228689673e-004
1.3570400000000000e+004 	1.5481912162007542e-004 	1.9172997539085902e-005 	1.7399211915916125e-004
1.4389600000000000e+004 	1.4105411146491067e-004 	1.7155497864865312e-005 	1.5820960932977598e-004
1.5208799999999999e+004 	1.2911263174670857e-004 	1.5379146908286300e-005 	1.4449177865499490e-004
1.6027999999999998e+004 	1.1867614755763995e-004 	1.3808832674315619e-005 	1.3248498023195554e-004
1.6847200000000001e+004 	1.0949498668115757e-004 	1.2416057555177669e-005 	1.2191104423633524e-004
1.7666399999999998e+004 	1.0137065992643893e-004 	1.1177351163714794e-005 	1.1254801109015373e-004
1.8485600000000002e+004 	9.4143387865101171e-005 	1.0117118767499402e-005 	1.0426050663260060e-004
2.0124000000000000e+004 	8.2102395621862169e-005 	8.3200918135634286e-006 	9.0422487435425609e-005
2.1762399999999998e+004 	7.1708703184932346e-005 	6.7923270788731956e-006 	7.8501030263805540e-005
2.3400799999999999e+004 	6.3453497982477429e-005 	5.5558794759119714e-006 	6.9009377458389417e-005
2.5039200000000001e+004 	5.6592083172109102e-005 	4.5568694076985769e-006 	6.1148952579807695e-005
2.6677600000000002e+004 	5.0822740727681912e-005 	3.7478757280397743e-006 	5.4570616455721662e-005
2.8316000000000000e+004 	4.5920608784447876e-005 	3.0234349772280084e-006 	4.8944043761675867e-005
-1350 0
-1.3500000000000000e+003 0.0000000000000000e+000 0.0000000000000000e+000
1
1 1 1 1
1
         t, ms                         dVp, mV                         dVs, mV                         dV, mV
5.0000000000000000e-001 	1.1037266996818888e-001 	1.4417757891347555e-002 	1.2479042785953641e-001
5.9999999999999998e-001 	1.1051154623524236e-001 	1.4401689317413586e-002 	1.2491323555265590e-001
6.9999999999999996e-001 	1.1060283511033425e-001 	1.4386151060859628e-002 	1.2498898617119389e-001
8.0000000000000004e-001 	1.1067472187517750e-001 	1.4371711835739251e-002 	1.2504643371091675e-001
9.0000000000000002e-001 	1.1073553579455639e-001 	1.4358447133486642e-002 	1.2509398292804308e-001
1.0000000000000000e+000 	1.1078847569303694e-001 	1.4346415283870527e-002 	1.2513489097690744e-001
1.1000000000000001e+000 	1.1083524128373451e-001 	1.4335637877284393e-002 	1.2517087916101888e-001
1.2000000000000000e+000 	1.1087696580882864e-001 	1.4326095534553681e-002 	1.2520306134338233e-001
1.3000000000000000e+000 	1.1091449040949655e-001 	1.4317732398349678e-002 	1.2523222280784624e-001
1.3999999999999999e+000 	1.1094846873940685e-001 	1.4310801747587268e-002 	1.2525927048699412e-001
1.6000000000000001e+000 	1.1207774191600227e-001 	1.4299673923945915e-002 	1.2637741583994819e-001
1.8000000000000000e+000 	1.1105877904254478e-001 	1.4290777459690911e-002 	1.2534955650223570e-001
2.0000000000000000e+000 	1.1110212601825821e-001 	1.4284003861632640e-002 	1.2538612987989084e-001
2.2000000000000002e+000 	1.1113981666751545e-001 	1.4278731519531004e-002 	1.2541854818704645e-001
2.3999999999999999e+000 	1.1117298937621374e-001 	1.4274400329562741e-002 	1.2544738970577649e-001
2.6000000000000001e+000 	1.1120249063095233e-001 	1.4270558761157712e-002 	1.2547304939211001e-001
2.7999999999999998e+000 	1.1122895942174171e-001 	1.4266869395685201e-002 	1.2549582881742685e-001
3.0000000000000000e+000 	1.1125288723594409e-001 	1.4263097029508887e-002 	1.2551598426545291e-001
3.2000000000000002e+000 	1.1127465921242731e-001 	1.4259090591929768e-002 	1.2553374980435711e-001
3.3999999999999999e+000 	1.1129458226502234e-001 	1.4254764273762903e-002 	1.2554934653878522e-001
3.6000000000000001e+000 	1.1131290457559861e-001 	1.4249951004551491e-002 	1.2556285558015010e-001
4.0000000000000000e+000 	1.1173716804411925e-001 	1.4239284283926021e-002 	1.2597645232804530e-001
4.4000000000000004e+000 	1.1137413514131388e-001 	1.4227719032381288e-002 	1.2560185417369513e-001
4.7999999999999998e+000 	1.1139903566469055e-001 	1.4215306184358565e-002 	1.2561434184904915e-001
5.2000000000000002e+000 	1.1142114291461080e-001 	1.4202305165612935e-002 	1.2562344808022377e-001
5.5999999999999996e+000 	1.1144105059383080e-001 	1.4188994096314951e-002 	1.2563004469014571e-001
6.0000000000000000e+000 	1.1145925538200807e-001 	1.4175633796310467e-002 	1.2563488917831861e-001
6.4000000000000004e+000 	1.1147617468715916e-001 	1.4162450404671170e-002 	1.2563862509183035e-001
6.7999999999999998e+000 	1.1149215305380553e-001 	1.4149631512660407e-002 	1.2564178456646591e-001
7.2000000000000002e+000 	1.1150746288971958e-001 	1.4137327509438634e-002 	1.2564479039915818e-001
7.5999999999999996e+000 	1.1152230445443138e-001 	1.4125653482673561e-002 	1.2564795793710498e-001
8.0000000000000000e+000 	1.1153680799590383e-001 	1.4114983942153006e-002 	1.2565179193805681e-001
8.8000000000000007e+000 	1.1177871814781774e-001 	1.4095941320605689e-002 	1.2587465946842349e-001
9.5999999999999996e+000 	1.1159169724075145e-001 	1.4079095029629967e-002 	1.2567079227038142e-001
1.0400000000000000e+001 	1.1161638152126059e-001 	1.4064413862339970e-002 	1.2568079538360058e-001
1.1199999999999999e+001 	1.1163810940863081e-001 	1.4051143634217193e-002 	1.2568925304284798e-001
1.2000000000000000e+001 	1.1165585416211866e-001 	1.4038265930084800e-002 	1.2569412009220346e-001
1.2800000000000001e+001 	1.1166858932838988e-001 	1.4024616140065739e-002 	1.2569320546845558e-001
1.3600000000000000e+001 	1.1167536662118856e-001 	1.4008980590320111e-002 	1.2568434721150867e-001
1.4400000000000000e+001 	1.1167535497902019e-001 	1.3990176065581303e-002 	1.2566553104460151e-001
1.5199999999999999e+001 	1.1166785166906033e-001 	1.3967111232163595e-002 	1.2563496290122389e-001
1.6000000000000000e+001 	1.1165227634815482e-001 	1.3938829240039256e-002 	1.2559110558819406e-001
1.6800000000000001e+001 	1.1162815665837221e-001 	1.3904532812062718e-002 	1.2553268947043497e-001
1.7600000000000001e+001 	1.1159511113968289e-001 	1.3863594736292480e-002 	1.2545870587597538e-001
1.8399999999999999e+001 	1.1155283285070962e-001 	1.3812649237765670e-002 	1.2536548208847523e-001
2.0000000000000000e+001 	1.1155576924605094e-001 	1.3687684219706510e-002 	1.2524345346575749e-001
2.1600000000000001e+001 	1.1128683229315152e-001 	1.3538746259192123e-002 	1.2482557855234361e-001
2.3199999999999999e+001 	1.1109425535525493e-001 	1.3362310928999461e-002 	1.2445656628425440e-001
2.4800000000000001e+001 	1.1086131208152425e-001 	1.3160060034586878e-002 	1.2402137211611119e-001
2.6399999999999999e+001 	1.1058800344869738e-001 	1.2934729305687837e-002 	1.2352273275438511e-001
2.8000000000000000e+001 	1.1027469537396818e-001 	1.2689618352998328e-002 	1.2296431372696644e-001
2.9600000000000001e+001 	1.0992209079300536e-001 	1.2428251040244228e-002 	1.2235034183324957e-001
3.1199999999999999e+001 	1.0953119800344217e-001 	1.2154149421754884e-002 	1.2168534742519703e-001
3.2800000000000004e+001 	1.0910329466061591e-001 	1.1870684485885618e-002 	1.2097397914650149e-001
3.4399999999999999e+001 	1.0863988794102616e-001 	1.1580978492197963e-002 	1.2022086643322409e-001
3.6000000000000000e+001 	1.0814267242484027e-001 	1.1287846163068365e-002 	1.1943051858790862e-001
3.7600000000000001e+001 	1.0761348765763695e-001 	1.0994943162784800e-002 	1.1860843082042179e-001
4.0800000000000004e+001 	1.0651538055543928e-001 	1.0417565049924870e-002 	1.1693294560536409e-001
4.4000000000000000e+001 	1.0522293939996281e-001 	9.8568179817478240e-003 	1.1507975738171063e-001
4.7199999999999996e+001 	1.0388841774442319e-001 	9.3207904616265103e-003 	1.1320920820604970e-001
5.0399999999999999e+001 	1.0248128716039635e-001 	8.8146825149456980e-003 	1.1129596967534203e-001
5.3600000000000001e+001 	1.0101579913965654e-001 	8.3414677112450004e-003 	1.0935726685090155e-001
5.6800000000000004e+001 	9.9505001150500844e-002 	7.9022786969749903e-003 	1.0740727984747582e-001
6.0000000000000000e+001 	9.7960578831307182e-002 	7.4968787019948383e-003 	1.0545745753330200e-001
6.3200000000000003e+001 	9.6392819325364448e-002 	7.1240915923981990e-003 	1.0351691091776263e-001
6.6400000000000006e+001 	9.4810653303756057e-002 	6.7821476759702629e-003 	1.0159280097972628e-001
6.9599999999999994e+001 	9.3221744750659072e-002 	6.4689444286189501e-003 	9.9690689179277994e-002
7.2799999999999997e+001 	9.1632606104808847e-002 	6.1907368389758381e-003 	9.7823342943784669e-002
7.9200000000000003e+001 	8.8505429570242669e-002 	5.7031938884487821e-003 	9.4208623458691410e-002
8.5599999999999994e+001 	8.5379469734403773e-002 	5.2763848681351621e-003 	9.0655854602538957e-002
9.2000000000000000e+001 	8.2353343138294927e-002 	4.9130192774080256e-003 	8.7266362415702972e-002
9.8400000000000006e+001 	7.9416763921892619e-002 	4.6030953348375220e-003 	8.4019859256730126e-002
1.0480000000000001e+002 	7.6579583434206872e-002 	4.3372248090375433e-003 	8.0916808243244445e-002
1.1119999999999999e+002 	7.3847401115503253e-002 	4.1073895673692075e-003 	7.7954790682872449e-002
1.1759999999999999e+002 	7.1222689186105845e-002 	3.9070077628888351e-003 	7.5129696948994670e-002
1.2400000000000000e+002 	6.8705688517755520e-002 	3.7307763884626942e-003 	7.2436464906218204e-002
1.3039999999999998e+002 	6.6295083214961720e-002 	3.5744579068040612e-003 	6.9869541121765785e-002
1.3680000000000001e+002 	6.3988494862794912e-002 	3.4346730696742205e-003 	6.7423167932469122e-002
1.4319999999999999e+002 	6.1782839806481721e-002 	3.3126047715400751e-003 	6.5095444578021786e-002
1.5600000000000000e+002 	5.7700330591785642e-002 	3.1002227954841531e-003 	6.0800553387269779e-002
1.6880000000000001e+002 	5.3883634154818102e-002 	2.9133136966034323e-003 	5.6796947851421531e-002
1.8160000000000002e+002 	5.0439581027142320e-002 	2.7519286425807749e-003 	5.3191509669723087e-002
1.9439999999999998e+002 	4.7293026844973815e-002 	2.6110422278273885e-003 	4.9904069072801177e-002
2.0719999999999999e+002 	4.4415771394685270e-002 	2.4865176866813482e-003 	4.6902289081366615e-002
2.2000000000000000e+002 	4.1781646065935027e-002 	2.3751476673261121e-003 	4.4156793733261132e-002
2.3280000000000001e+002 	3.9366750158909128e-002 	2.2745035157327597e-003 	4.1641253674641901e-002
2.4560000000000002e+002 	3.7149470724845562e-002 	2.1827517400145710e-003 	3.9332222464860130e-002
2.5840000000000003e+002 	3.5110384121201495e-002 	2.0984926793950124e-003 	3.7208876800596508e-002
2.7119999999999999e+002 	3.3232098856612387e-002 	2.0206383959012362e-003 	3.5252737252513641e-002
2.8400000000000000e+002 	3.1499074966714030e-002 	1.9483266609075730e-003 	3.3447401627621616e-002
2.9680000000000001e+002 	2.9897439965791264e-002 	1.8808617340525247e-003 	3.1778301699843796e-002
3.0959999999999997e+002 	2.8414812165685581e-002 	1.8190582904417452e-003 	3.0233870456127319e-002
3.3519999999999999e+002 	2.5794564911092537e-002 	1.7062323603248889e-003 	2.7500797271417427e-002
3.6080000000000001e+002 	2.3446904653752220e-002 	1.6026406756180990e-003 	2.5049545329370329e-002
3.8640000000000003e+002 	2.1443115768438235e-002 	1.5089213226303919e-003 	2.2952037091068616e-002
4.1200000000000000e+002 	1.9691838784616351e-002 	1.4238414427040877e-003 	2.1115680227320438e-002
4.3759999999999997e+002 	1.8153012806261141e-002 	1.3462218071776883e-003 	1.9499234613438828e-002
4.6319999999999999e+002 	1.6793801730456522e-002 	1.2750400952889771e-003 	1.8068841825745498e-002
4.8880000000000001e+002 	1.5587283771228807e-002 	1.2094534273428301e-003 	1.6796737198571641e-002
5.1439999999999998e+002 	1.4511304611553382e-002 	1.1487761045511789e-003 	1.5660080716104561e-002
5.4000000000000000e+002 	1.3547539398757172e-002 	1.0924474464363381e-003 	1.4639986845193506e-002
5.6560000000000002e+002 	1.2680744974623310e-002 	1.0400034379823046e-003 	1.3720748412605614e-002
5.9119999999999993e+002 	1.1898168790940512e-002 	9.9105478060330411e-004 	1.2889223571543817e-002
6.1680000000000007e+002 	1.1189081993684886e-002 	9.4636476804077908e-004 	1.2135446761725665e-002
6.6800000000000000e+002 	9.9713515860090259e-003 	8.6527491315506293e-004 	1.0836626499164092e-002
7.1919999999999993e+002 	8.9086488633242436e-003 	7.9145069462849531e-004 	9.7000995579527415e-003
7.7039999999999998e+002 	8.0318505317003748e-003 	7.2559182237172664e-004 	8.7574423540721022e-003
8.2160000000000002e+002 	7.2848332855573912e-003 	6.6687008973267937e-004 	7.9517033752900691e-003
8.7280000000000007e+002 	6.6425447908974320e-003 	6.1442042683913030e-004 	7.2569652177365621e-003
9.2400000000000000e+002 	6.0856213017164117e-003 	5.6744831546090633e-004 	6.6530696171773181e-003
9.7519999999999993e+002 	5.5990107751086636e-003 	5.2526640369617158e-004 	6.1242771788048347e-003
1.0264000000000001e+003 	5.1708995041055972e-003 	4.8729197939963327e-004 	5.6581914835052288e-003
1.0775999999999999e+003 	4.7919136830781930e-003 	4.5303102420059482e-004 	5.2449447072787847e-003
1.1288000000000000e+003 	4.4545340384426115e-003 	4.2206131813160363e-004 	4.8765953565742155e-003
1.1800000000000000e+003 	4.1526664350999536e-003 	3.9499001131943900e-004 	4.5476564464193925e-003
1.2824000000000001e+003 	3.6420669124708209e-003 	3.4819529780543508e-004 	3.9902622102762570e-003
1.3848000000000000e+003 	3.2042519222334801e-003 	3.0756318378887492e-004 	3.5118151060223547e-003
1.4872000000000000e+003 	2.8496875401358398e-003 	2.7348817316887286e-004 	3.1231757133047128e-003
1.5895999999999999e+003 	2.5522188171152420e-003 	2.4498829563187002e-004 	2.7972071127471110e-003
1.6920000000000000e+003 	2.2999698043404604e-003 	2.2109406747970590e-004 	2.5210638718201664e-003
1.7944000000000001e+003 	2.0840212706844234e-003 	2.0095980058002470e-004 	2.2849810712644481e-003
1.8968000000000000e+003 	1.8976054314446148e-003 	1.8389082407974027e-004 	2.0814962555243547e-003
1.9992000000000000e+003 	1.7355120917940869e-003 	1.6932867509658657e-004 	1.9048407668906728e-003
2.1015999999999999e+003 	1.5936679977776671e-003 	1.5682559078287030e-004 	1.7504935885605370e-003
2.2040000000000000e+003 	1.4688417362915614e-003 	1.4602122539634840e-004 	1.6148629616879100e-003
2.3064000000000001e+003 	1.3584355259741237e-003 	1.3704909700370849e-004 	1.4954846229778323e-003
2.5112000000000003e+003 	1.1745959449069642e-003 	1.2223018444991509e-004 	1.2968261293568790e-003
2.7160000000000000e+003 	1.0204332485426620e-003 	1.0972541291284034e-004 	1.1301586614555022e-003
2.9207999999999997e+003 	8.9859139318142255e-004 	9.9586344070600168e-005 	9.9817773725202272e-004
3.1255999999999999e+003 	7.9872275036203843e-004 	9.1292308070132304e-005 	8.9001505843217064e-004
3.3304000000000001e+003 	7.1590659899111440e-004 	8.4385420999062258e-005 	8.0029201999017659e-004
3.5352000000000003e+003 	6.4647800019178954e-004 	7.8517435526265193e-005 	7.2499543571805482e-004
3.7400000000000000e+003 	5.8768596091459779e-004 	7.3440372490811756e-005 	6.6112633340540967e-004
3.9447999999999997e+003 	5.3744122293919764e-004 	6.8979840862733424e-005 	6.0642106380193140e-004
4.1496000000000004e+003 	4.9413702980327483e-004 	6.5011542928513459e-005 	5.5914857273178819e-004
4.3543999999999996e+003 	4.5652273577674634e-004 	6.1444938512924808e-005 	5.1796767428967123e-004
4.5591999999999998e+003 	4.2361410190966560e-004 	5.8212566135880828e-005 	4.8182666804554648e-004
4.7640000000000000e+003 	3.9462881569793200e-004 	5.5263054668224160e-005 	4.4989187036615616e-004
4.9688000000000002e+003 	3.6893945735715599e-004 	5.2644935566942337e-005 	4.2158439292409828e-004
5.3783999999999996e+003 	3.2597710881175336e-004 	4.7987360264722134e-005 	3.7396446907647532e-004
5.7880000000000000e+003 	2.8947731952916268e-004 	4.3786278170807397e-005 	3.3326359769997007e-004
6.1976000000000004e+003 	2.6022336994345740e-004 	4.0114936181586730e-005 	3.0033830612504419e-004
6.6071999999999998e+003 	2.3578927601893034e-004 	3.6900284273126905e-005 	2.7268956029205711e-004
7.0168000000000002e+003 	2.1508245349694506e-004 	3.4063680267394582e-005 	2.4914613376433967e-004
7.4264000000000005e+003 	1.9730781815069864e-004 	3.1541563679035768e-005 	2.2884938182973446e-004
7.8360000000000000e+003 	1.8188085205738847e-004 	2.9285142508545551e-005 	2.1116599456593395e-004
8.2456000000000004e+003 	1.6836485030767578e-004 	2.7255978019118934e-005 	1.9562082832679472e-004
8.6552000000000007e+003 	1.5642751599570756e-004 	2.5422843436557821e-005 	1.8185035943226537e-004
9.0647999999999993e+003 	1.4581132907085390e-004 	2.3759895097913643e-005 	1.6957122416876757e-004
9.4743999999999996e+003 	1.3631326483893807e-004 	2.2298224768203062e-005 	1.5861148960714109e-004
1.0293600000000000e+004 	1.2031379264156919e-004 	1.9730540363935430e-005 	1.4004433300550460e-004
1.1112799999999999e+004 	1.0640579000843077e-004 	1.7451252868206930e-005 	1.2385704287663763e-004
1.1932000000000000e+004 	9.5174673822838869e-005 	1.5500395284775890e-005 	1.1067506910761475e-004
1.2751200000000001e+004 	8.5716695981322193e-005 	1.3824155990861816e-005 	9.9540851972184004e-005
1.3570400000000000e+004 	7.7663749362249002e-005 	1.2371818869319094e-005 	9.0035568231568123e-005
1.4389600000000000e+004 	7.0740077901136066e-005 	1.1104442203736016e-005 	8.1844520104872037e-005
1.5208799999999999e+004 	6.4736465426723459e-005 	9.9921930418737275e-006 	7.4728658468597214e-005
1.6027999999999998e+004 	5.9491647308692470e-005 	9.0115214523744855e-006 	6.8503168761066975e-005
1.6847200000000001e+004 	5.4879349512352736e-005 	8.1434524128919340e-006 	6.3022801925244654e-005
1.7666399999999998e+004 	5.0799270835612712e-005 	7.3724862486777494e-006 	5.8171757084290458e-005
1.8485600000000002e+004 	4.7170731080242322e-005 	6.7140151668242136e-006 	5.3884746247066536e-005
2.0124000000000000e+004 	4.1127779517570428e-005 	5.5973259492541300e-006 	4.6725105466824548e-005
2.1762399999999998e+004 	3.5912919054210913e-005 	4.6447451857150894e-006 	4.0557664239926007e-005
2.3400799999999999e+004 	3.1772972738469675e-005 	3.8721213537810292e-006 	3.5645094092250710e-005
2.5039200000000001e+004 	2.8333098853263643e-005 	3.2452768634065196e-006 	3.1578375716670159e-005
2.6677600000000002e+004 	2.5441489336233930e-005 	2.7346092611511971e-006 	2.8176098597385142e-005
2.8316000000000000e+004 	2.2985076773184480e-005 	2.2755591628637671e-006 	2.5260635936048242e-005
-750 0
-7.5000000000000000e+002 0.0000000000000000e+000 0.0000000000000000e+000
1
1 1 1 1
1
         t, ms                         dVp, mV                         dVs, mV                         dV, mV
5.0000000000000000e-001 	2.9778777829741608e-002 	3.2768143646312517e-003 	3.3055592194372846e-002
5.9999999999999998e-001 	2.9822024013099462e-002 	3.2917295225110316e-003 	3.3113753535610482e-002
6.9999999999999996e-001 	2.9850451038476489e-002 	3.3054159758029761e-003 	3.3155867014279458e-002
8.0000000000000004e-001 	2.9872836331898481e-002 	3.3169134340646899e-003 	3.3189749765963172e-002
9.0000000000000002e-001 	2.9891773685178792e-002 	3.3267011888346615e-003 	3.3218474874013450e-002
1.0000000000000000e+000 	2.9908259183563005e-002 	3.3351474107383423e-003 	3.3243406594301340e-002
1.1000000000000001e+000 	2.9922822084675130e-002 	3.3425254394996939e-003 	3.3265347524174836e-002
1.2000000000000000e+000 	2.9935815254334808e-002 	3.3490376966428398e-003 	3.3284852950977654e-002
1.3000000000000000e+000 	2.9947500604848347e-002 	3.3548360404636614e-003 	3.3302336645312000e-002
1.3999999999999999e+000 	2.9958081673287222e-002 	3.3598682710607891e-003 	3.3317949944348016e-002
1.6000000000000001e+000 	3.0309774361488892e-002 	3.3685470818021418e-003 	3.3678321443291026e-002
1.8000000000000000e+000 	2.9992433283049048e-002 	3.3760948272188326e-003 	3.3368528110267873e-002
2.0000000000000000e+000 	3.0005932052139240e-002 	3.3825016856215903e-003 	3.3388433737760841e-002
2.2000000000000002e+000 	3.0017669441383989e-002 	3.3879886443537021e-003 	3.3405658085737679e-002
2.3999999999999999e+000 	3.0027999937138346e-002 	3.3927414769030799e-003 	3.3420741414041430e-002
2.6000000000000001e+000 	3.0037187131382623e-002 	3.3969058518409862e-003 	3.3434092983223612e-002
2.7999999999999998e+000 	3.0045430003935860e-002 	3.4005934977066206e-003 	3.3446023501642490e-002
3.0000000000000000e+000 	3.0052881603940051e-002 	3.4038898892603691e-003 	3.3456771493200414e-002
3.2000000000000002e+000 	3.0059661863119227e-002 	3.4068608105975564e-003 	3.3466522673716789e-002
3.3999999999999999e+000 	3.0065866354826574e-002 	3.4095573911735837e-003 	3.3475423746000162e-002
3.6000000000000001e+000 	3.0071572362510048e-002 	3.4119514041881095e-003 	3.3483523766698157e-002
4.0000000000000000e+000 	3.0203702218820207e-002 	3.4161784882867337e-003 	3.3619880707106947e-002
4.4000000000000004e+000 	3.0090641191460592e-002 	3.4199320846115058e-003 	3.3510573276072118e-002
4.7999999999999998e+000 	3.0098396018530392e-002 	3.4231952876157619e-003 	3.3521591306146147e-002
5.2000000000000002e+000 	3.0105281246514265e-002 	3.4260464514458125e-003 	3.3531327697960085e-002
5.5999999999999996e+000 	3.0111482264924071e-002 	3.4285531080779719e-003 	3.3540035373002049e-002
6.0000000000000000e+000 	3.0117154741492045e-002 	3.4307697107571261e-003 	3.3547924452249175e-002
6.4000000000000004e+000 	3.0122430372074335e-002 	3.4327395388506206e-003 	3.3555169910924963e-002
6.7999999999999998e+000 	3.0127419098037220e-002 	3.4344971387042077e-003 	3.3561916236741429e-002
7.2000000000000002e+000 	3.0132209531307446e-002 	3.4360703539041380e-003 	3.3568279885211591e-002
7.5999999999999996e+000 	3.0136869098691763e-002 	3.4374818403409553e-003 	3.3574350939032722e-002
8.0000000000000000e+000 	3.0141444793757188e-002 	3.4387054937881699e-003 	3.3580150287545352e-002
8.8000000000000007e+000 	3.0217026328954594e-002 	3.4407888127617726e-003 	3.3657815141716368e-002
9.5999999999999996e+000 	3.0159201039687104e-002 	3.4425475315626097e-003 	3.3601748571249708e-002
1.0400000000000000e+001 	3.0167619312134901e-002 	3.4439559579035523e-003 	3.3611575270038434e-002
1.1199999999999999e+001 	3.0175517733733559e-002 	3.4450511626288459e-003 	3.3620568896362397e-002
1.2000000000000000e+001 	3.0182687982847494e-002 	3.4458656305277934e-003 	3.3628553613375287e-002
1.2800000000000001e+001 	3.0188925811829328e-002 	3.4464256063218507e-003 	3.3635351418151188e-002
1.3600000000000000e+001 	3.0194052699062029e-002 	3.4467522625077841e-003 	3.3640804961569827e-002
1.4400000000000000e+001 	3.0197926391363296e-002 	3.4468633380462577e-003 	3.3644789729409548e-002
1.5199999999999999e+001 	3.0200443506732396e-002 	3.4467745221960764e-003 	3.3647218028928477e-002
1.6000000000000000e+001 	3.0201537309383204e-002 	3.4465004221894587e-003 	3.3648037731572662e-002
1.6800000000000001e+001 	3.0201173056660473e-002 	3.4460551396329280e-003 	3.3647228196293399e-002
1.7600000000000001e+001 	3.0199342509409297e-002 	3.4454525337368589e-003 	3.3644795043146158e-002
1.8399999999999999e+001 	3.0196058535600315e-002 	3.4446608987477095e-003 	3.3640719434348022e-002
2.0000000000000000e+001 	3.0222014075316616e-002 	3.4427093770018893e-003 	3.3664723452318503e-002
2.1600000000000001e+001 	3.0169308809636846e-002 	3.4404359031535714e-003 	3.3609744712790421e-002
2.3199999999999999e+001 	3.0148447587028841e-002 	3.4378242459988102e-003 	3.3586271833027634e-002
2.4800000000000001e+001 	3.0123215919046764e-002 	3.4349183894718774e-003 	3.3558134308518631e-002
2.6399999999999999e+001 	3.0094099247000811e-002 	3.4317476454323848e-003 	3.3525846892433188e-002
2.8000000000000000e+001 	3.0061567695707225e-002 	3.4283207061520894e-003 	3.3489888401859312e-002
2.9600000000000001e+001 	3.0026060454904541e-002 	3.4246251912548025e-003 	3.3450685646159342e-002
3.1199999999999999e+001 	2.9987976687651130e-002 	3.4206299831976233e-003 	3.3408606670848752e-002
3.2800000000000004e+001 	2.9947671036090459e-002 	3.4162890021692217e-003 	3.3363960038259678e-002
3.4399999999999999e+001 	2.9905452271092151e-002 	3.4115455910099972e-003 	3.3316997862102168e-002
3.6000000000000000e+001 	2.9861584058564559e-002 	3.4063369557377145e-003 	3.3267921014302280e-002
3.7600000000000001e+001 	2.9816287129573772e-002 	3.4003439473873935e-003 	3.3216631076961170e-002
4.0800000000000004e+001 	2.9737261903631518e-002 	3.3863531394008849e-003 	3.3123615043032392e-002
4.4000000000000000e+001 	2.9624133857244165e-002 	3.3700020608910279e-003 	3.2994135918135194e-002
4.7199999999999996e+001 	2.9522502478383929e-002 	3.3506720316210598e-003 	3.2873174510004981e-002
5.0399999999999999e+001 	2.9417635088028221e-002 	3.3281893335194890e-003 	3.2745824421547713e-002
5.3600000000000001e+001 	2.9309601936791812e-002 	3.3025246685816556e-003 	3.2612126605373465e-002
5.6800000000000004e+001 	2.9198328807018836e-002 	3.2737712392152925e-003 	3.2472100046234145e-002
6.0000000000000000e+001 	2.9083659470263593e-002 	3.2421216492308129e-003 	3.2325781119494398e-002
6.3200000000000003e+001 	2.8965405399698739e-002 	3.2078430682318314e-003 	3.2173248467930571e-002
6.6400000000000006e+001 	2.8843381911861019e-002 	3.1712527049952079e-003 	3.2014634616856233e-002
6.9599999999999994e+001 	2.8717432210348882e-002 	3.1326955412089063e-003 	3.1850127751557780e-002
7.2799999999999997e+001 	2.8587441592652578e-002 	3.0921711572197228e-003 	3.1679612749872306e-002
7.9200000000000003e+001 	2.8321733218813060e-002 	3.0081454808630359e-003 	3.1329878699676093e-002
8.5599999999999994e+001 	2.8026781192919938e-002 	2.9226501314880368e-003 	3.0949431324407993e-002
9.2000000000000000e+001 	2.7723011709829139e-002 	2.8366488143794569e-003 	3.0559660524208596e-002
9.8400000000000006e+001 	2.7405020525746331e-002 	2.7515545272862370e-003 	3.0156575053032569e-002
1.0480000000000001e+002 	2.7074282422932902e-002 	2.6684909498625141e-003 	2.9742773372795423e-002
1.1119999999999999e+002 	2.6732453923226374e-002 	2.5882587576682610e-003 	2.9320712680894642e-002
1.1759999999999999e+002 	2.6381261389162029e-002 	2.5113685560203517e-003 	2.8892629945182401e-002
1.2400000000000000e+002 	2.6022415839953208e-002 	2.4380957891541591e-003 	2.8460511629107368e-002
1.3039999999999998e+002 	2.5657554144730487e-002 	2.3685377398853604e-003 	2.8026091884615842e-002
1.3680000000000001e+002 	2.5288202494704908e-002 	2.3026641739363443e-003 	2.7590866668641252e-002
1.4319999999999999e+002 	2.4915756970372467e-002 	2.2415907318092680e-003 	2.7157347702181742e-002
1.5600000000000000e+002 	2.4176260918036263e-002 	2.1293533266172181e-003 	2.6305614244653469e-002
1.6880000000000001e+002 	2.3420709003782753e-002 	2.0263015056779222e-003 	2.5447010509460678e-002
1.8160000000000002e+002 	2.2680645928141643e-002 	1.9331431617388519e-003 	2.4613789089880485e-002
1.9439999999999998e+002 	2.1952540075369974e-002 	1.8486704088798876e-003 	2.3801210484249852e-002
2.0719999999999999e+002 	2.1240122271333498e-002 	1.7716594083147113e-003 	2.3011781679648208e-002
2.2000000000000000e+002 	2.0546102383850517e-002 	1.7010131746520213e-003 	2.2247115558502544e-002
2.3280000000000001e+002 	1.9872362959573689e-002 	1.6357987702493926e-003 	2.1508161729823075e-002
2.4560000000000002e+002 	1.9220133208029497e-002 	1.5752427194206972e-003 	2.0795375927450194e-002
2.5840000000000003e+002 	1.8590133691764800e-002 	1.5187114204648631e-003 	2.0108845112229660e-002
2.7119999999999999e+002 	1.7982692543262648e-002 	1.4656880415976194e-003 	1.9448380584860276e-002
2.8400000000000000e+002 	1.7397837345586510e-002 	1.4157506620088281e-003 	1.8813588007595340e-002
2.9680000000000001e+002 	1.6835367320348155e-002 	1.3685533828492811e-003 	1.8203920703197433e-002
3.0959999999999997e+002 	1.6294909967921337e-002 	1.3245926785997060e-003 	1.7619502646521044e-002
3.3519999999999999e+002 	1.5289048219675931e-002 	1.2430268721925584e-003 	1.6532075091868489e-002
3.6080000000000001e+002 	1.4339818448370433e-002 	1.1671974481128166e-003 	1.5507015896483256e-002
3.8640000000000003e+002 	1.3477743376114779e-002 	1.0975744368253602e-003 	1.4575317812940141e-002
4.1200000000000000e+002 	1.2685174941549901e-002 	1.0334928299449162e-003 	1.3718667771494815e-002
4.3759999999999997e+002 	1.1956411021462594e-002 	9.7433327871647131e-004 	1.2930744300179067e-002
4.6319999999999999e+002 	1.1285935782368363e-002 	9.1956585104391634e-004 	1.2205501633412280e-002
4.8880000000000001e+002 	1.0668539918720247e-002 	8.6874399090240554e-004 	1.1537283909622652e-002
5.1439999999999998e+002 	1.0099383972097425e-002 	8.2148863746757091e-004 	1.0920872609564996e-002
5.4000000000000000e+002 	9.5740232144753724e-003 	7.7747398385954189e-004 	1.0351497198334919e-002
5.6560000000000002e+002 	9.0884077867330309e-003 	7.3641661905655444e-004 	9.8248244057895871e-003
5.9119999999999993e+002 	8.6388677757565438e-003 	6.9806743209728538e-004 	9.3369352078538307e-003
6.1680000000000007e+002 	8.2220898219660561e-003 	6.6302418846065855e-004 	8.8851140104267163e-003
6.6800000000000000e+002 	7.4842020319794197e-003 	5.9955707242699313e-004 	8.0837591044064135e-003
7.1919999999999993e+002 	6.8208753111806079e-003 	5.4213342083369340e-004 	7.3630087320142997e-003
7.7039999999999998e+002 	6.2531424054233621e-003 	4.9124045456617072e-004 	6.7443828599895329e-003
8.2160000000000002e+002 	5.7554184499248743e-003 	4.4614398825911899e-004 	6.2015624381839950e-003
8.7280000000000007e+002 	5.3166590631740628e-003 	4.0612629500794481e-004 	5.7227853581820077e-003
9.2400000000000000e+002 	4.9278028125331799e-003 	3.7054542319247863e-004 	5.2983482357256582e-003
9.7519999999999993e+002 	4.5814206008609150e-003 	3.3884244768053214e-004 	4.9202630485414471e-003
1.0264000000000001e+003 	4.2714031019195240e-003 	3.1053552631931335e-004 	4.5819386282388375e-003
1.0775999999999999e+003 	3.9927021308990328e-003 	2.8521073208566280e-004 	4.2779128629846968e-003
1.1288000000000000e+003 	3.7411229990984198e-003 	2.6251233991589064e-004 	4.0036353390143107e-003
1.1800000000000000e+003 	3.5131597630968150e-003 	2.4284402081873403e-004 	3.7560037839155487e-003
1.2824000000000001e+003 	3.1213848944670114e-003 	2.0926495433513012e-004 	3.3306498488021421e-003
1.3848000000000000e+003 	2.7795876078737566e-003 	1.8059791239102529e-004 	2.9601855202647811e-003
1.4872000000000000e+003 	2.4972921589069392e-003 	1.5699626065998834e-004 	2.6542884195669266e-003
1.5895999999999999e+003 	2.2567044024233364e-003 	1.3760432319431036e-004 	2.3943087256176462e-003
1.6920000000000000e+003 	2.0498742533721637e-003 	1.2165004175657071e-004 	2.1715242951287337e-003
1.7944000000000001e+003 	1.8706679495888313e-003 	1.0848243958438965e-004 	1.9791503891732213e-003
1.8968000000000000e+003 	1.7143160069986289e-003 	9.7568306263043407e-005 	1.8118843132616715e-003
1.9992000000000000e+003 	1.5770660013006070e-003 	8.8477540926794419e-005 	1.6655435422274014e-003
2.1015999999999999e+003 	1.4559277607694911e-003 	8.0865445745181684e-005 	1.5367932065146728e-003
2.2040000000000000e+003 	1.3484888593662786e-003 	7.4455918982415981e-005 	1.4229447783486943e-003
2.3064000000000001e+003 	1.2527807303554402e-003 	6.9289056820963442e-005 	1.3220697871764039e-003
2.5112000000000003e+003 	1.0920234345366969e-003 	6.1079260552385266e-005 	1.1531026950890827e-003
2.7160000000000000e+003 	9.5579131588548899e-004 	5.4446722314699217e-005 	1.0102380382001881e-003
2.9207999999999997e+003 	8.4690817924897379e-004 	4.9316021973861309e-005 	8.9622420122283520e-004
3.1255999999999999e+003 	7.5682724561210645e-004 	4.5293721899333864e-005 	8.0212096751144024e-004
3.3304000000000001e+003 	6.8151481445808966e-004 	4.2068093729253875e-005 	7.2358290818734354e-004
3.5352000000000003e+003 	6.1792181644972587e-004 	3.9409053574413631e-005 	6.5733087002413978e-004
3.7400000000000000e+003 	5.6372826375634261e-004 	3.7155347448281090e-005 	6.0088361120462389e-004
3.9447999999999997e+003 	5.1715075937012057e-004 	3.5197244846660588e-005 	5.5234800421678114e-004
4.1496000000000004e+003 	4.7680308748011368e-004 	3.3460590505037041e-005 	5.1026367798515083e-004
4.3543999999999996e+003 	4.4159614652995678e-004 	3.1894851293314802e-005 	4.7349099782327151e-004
4.5591999999999998e+003 	4.1066576019278123e-004 	3.0465041596543190e-005 	4.4113080178932425e-004
4.7640000000000000e+003 	3.8332001972494410e-004 	2.9146473349368926e-005 	4.1246649307431299e-004
4.9688000000000002e+003 	3.5900037182953174e-004 	2.7951994964184248e-005 	3.8695236679371582e-004
5.3783999999999996e+003 	3.1815103608112243e-004 	2.5786263256373102e-005 	3.4393729933749565e-004
5.7880000000000000e+003 	2.8329225006782244e-004 	2.3802799473552894e-005 	3.0709504954137536e-004
6.1976000000000004e+003 	2.5520301721064764e-004 	2.2022959895093929e-005 	2.7722597710574145e-004
6.6071999999999998e+003 	2.3164608298945145e-004 	2.0425078883037613e-005 	2.5207116187248908e-004
7.0168000000000002e+003 	2.1161428655814415e-004 	1.8984079384829073e-005 	2.3059836594297315e-004
7.4264000000000005e+003 	1.9436973041608461e-004 	1.7677798338820135e-005 	2.1204752875490483e-004
7.8360000000000000e+003 	1.7936652966171361e-004 	1.6488661380429209e-005 	1.9585519104214284e-004
8.2456000000000004e+003 	1.6619455371512579e-004 	1.5402576148048682e-005 	1.8159712986317450e-004
8.6552000000000007e+003 	1.5454019674261866e-004 	1.4407740465982947e-005 	1.6894793720860160e-004
9.0647999999999993e+003 	1.4415939352093490e-004 	1.3493988102141943e-005 	1.5765338162307687e-004
9.4743999999999996e+003 	1.3485902139782945e-004 	1.2676566228371215e-005 	1.4753558762620070e-004
1.0293600000000000e+004 	1.1916310062998671e-004 	1.1221641424862858e-005 	1.3038474205484958e-004
1.1112799999999999e+004 	1.0550067929956254e-004 	9.9202953919371323e-006 	1.1542097469149971e-004
1.1932000000000000e+004 	9.4443240622247852e-005 	8.7881444933928447e-006 	1.0323138511564069e-004
1.2751200000000001e+004 	8.5117331666051426e-005 	7.8014128434988656e-006 	9.2918744509550331e-005
1.3570400000000000e+004 	7.7166655536648442e-005 	6.9362559787103406e-006 	8.4102911515358759e-005
1.4389600000000000e+004 	7.0323490314936341e-005 	6.1735981140575129e-006 	7.6497088428993833e-005
1.5208799999999999e+004 	6.4384164345246165e-005 	5.4986362266407060e-006 	6.9882800571886879e-005
1.6027999999999998e+004 	5.9191318830690835e-005 	4.8995173980462438e-006 	6.4090836228737071e-005
1.6847200000000001e+004 	5.4621491842697996e-005 	4.3664898981161486e-006 	5.8987981740814141e-005
1.7666399999999998e+004 	5.0576448541653145e-005 	3.8914005776828182e-006 	5.4467849119335966e-005
1.8485600000000002e+004 	4.6977054640968082e-005 	3.4834168604662892e-006 	5.0460471501434374e-005
2.0124000000000000e+004 	4.0978017035874671e-005 	2.7925013461955057e-006 	4.3770518382070162e-005
2.1762399999999998e+004 	3.5798385260859014e-005 	2.2081688897562128e-006 	3.8006554150615222e-005
2.3400799999999999e+004 	3.1682578259015689e-005 	1.7368584921076075e-006 	3.3419436751123284e-005
2.5039200000000001e+004 	2.8260630266536932e-005 	1.3585170191648150e-006 	2.9619147285701748e-005
2.6677600000000002e+004 	2.5382589199971204e-005 	1.0550412506801710e-006 	2.6437630450651362e-005
2.8316000000000000e+004 	2.2936632357118659e-005 	7.8495378263822816e-007 	2.3721586139756877e-005
