-550 0
-5.5000000000000000e+002 0.0000000000000000e+000 0.0000000000000000e+000
1
1 1 1 1
1
         t, ms                         dVp, mV                         dVs, mV                         dV, mV
5.0000000000000000e-001 	1.3769920912664468e-001 	5.1680822680665636e-004 	1.3821601735345132e-001
5.9999999999999998e-001 	1.3787825850278199e-001 	5.4023907782878289e-004 	1.3841849758061078e-001
6.9999999999999996e-001 	1.3799595432721970e-001 	5.6173149519100473e-004 	1.3855768582241068e-001
8.0000000000000004e-001 	1.3808863565250612e-001 	5.7976722612368501e-004 	1.3866840287862975e-001
9.0000000000000002e-001 	1.3816704122712578e-001 	5.9509532223159158e-004 	1.3876213654935726e-001
1.0000000000000000e+000 	1.3823529517361427e-001 	6.0828950580342131e-004 	1.3884358467941768e-001
1.1000000000000001e+000 	1.3829558884787557e-001 	6.1977536295489111e-004 	1.3891536421083042e-001
1.2000000000000000e+000 	1.3834938327917928e-001 	6.2986857406906627e-004 	1.3897925185324836e-001
1.3000000000000000e+000 	1.3839776290737987e-001 	6.3880697529909497e-004 	1.3903656988267893e-001
1.3999999999999999e+000 	1.3844157045682623e-001 	6.4649835575305529e-004 	1.3908806881257932e-001
1.6000000000000001e+000 	1.3989755019813341e-001 	6.5961708169089779e-004 	1.4055716727982423e-001
1.8000000000000000e+000 	1.3858379153180417e-001 	6.7088406222136408e-004 	1.3925467559402568e-001
2.0000000000000000e+000 	1.3863967815272729e-001 	6.8028555071003854e-004 	1.3931996370343730e-001
2.2000000000000002e+000 	1.3868827223128855e-001 	6.8818821186233730e-004 	1.3937646044315091e-001
2.3999999999999999e+000 	1.3873104144825407e-001 	6.9490279097834267e-004 	1.3942594423923235e-001
2.6000000000000001e+000 	1.3876907715072787e-001 	7.0067440545861274e-004 	1.3946975155618652e-001
2.7999999999999998e+000 	1.3880320316916681e-001 	7.0569162836676567e-004 	1.3950889479753356e-001
3.0000000000000000e+000 	1.3883405316380579e-001 	7.1009865516362945e-004 	1.3954415181896945e-001
3.2000000000000002e+000 	1.3886212368296927e-001 	7.1400600747990200e-004 	1.3957612969044916e-001
3.3999999999999999e+000 	1.3888781042267315e-001 	7.1749892704321824e-004 	1.3960530934971627e-001
3.6000000000000001e+000 	1.3891143335606715e-001 	7.2054470089476523e-004 	1.3963197805696195e-001
4.0000000000000000e+000 	1.3945843954756840e-001 	7.2582187875353584e-004 	1.4018426142632201e-001
4.4000000000000004e+000 	1.3899037803172268e-001 	7.3042467178953006e-004 	1.3972080270351225e-001
4.7999999999999998e+000 	1.3902248247565868e-001 	7.3433604747354607e-004 	1.3975681852313221e-001
5.2000000000000002e+000 	1.3905098587274053e-001 	7.3767396870303955e-004 	1.3978865984144354e-001
5.5999999999999996e+000 	1.3907665421684676e-001 	7.4053801733105608e-004 	1.3981719223417782e-001
6.0000000000000000e+000 	1.3910012894309776e-001 	7.4300752031629868e-004 	1.3984313646341409e-001
6.4000000000000004e+000 	1.3912195005224939e-001 	7.4514514829260303e-004 	1.3986709520054194e-001
6.7999999999999998e+000 	1.3914256461395777e-001 	7.4700077449267317e-004 	1.3988956538845040e-001
7.2000000000000002e+000 	1.3916232791830693e-001 	7.4861439778767063e-004 	1.3991094231609461e-001
7.5999999999999996e+000 	1.3918150362330928e-001 	7.5001817295616488e-004 	1.3993152179626547e-001
8.0000000000000000e+000 	1.3920026660605106e-001 	7.5118042894340136e-004 	1.3995144703499443e-001
8.8000000000000007e+000 	1.3951242522538423e-001 	7.5303613155591591e-004 	1.4026546135694026e-001
9.5999999999999996e+000 	1.3927175123626828e-001 	7.5446629068881533e-004 	1.4002621752695707e-001
1.0400000000000000e+001 	1.3930436861618864e-001 	7.5542453386270186e-004 	1.4005979315005140e-001
1.1199999999999999e+001 	1.3933361134116024e-001 	7.5594018044416913e-004 	1.4008955152160446e-001
1.2000000000000000e+001 	1.3935827953750302e-001 	7.5603285215295293e-004 	1.4011431238965597e-001
1.2800000000000001e+001 	1.3937717955793641e-001 	7.5571080995324286e-004 	1.4013289036788970e-001
1.3600000000000000e+001 	1.3938922167352943e-001 	7.5497200676221516e-004 	1.4014419368029163e-001
1.4400000000000000e+001 	1.3939346860463603e-001 	7.5380543154492260e-004 	1.4014727403618094e-001
1.5199999999999999e+001 	1.3938914866910582e-001 	7.5219236242437995e-004 	1.4014134103153028e-001
1.6000000000000000e+001 	1.3937564733373839e-001 	7.5010762574733217e-004 	1.4012575495948570e-001
1.6800000000000001e+001 	1.3935248797732316e-001 	7.4752098902032408e-004 	1.4010000896634364e-001
1.7600000000000001e+001 	1.3931930914760138e-001 	7.4439873386569408e-004 	1.4006370788146705e-001
1.8399999999999999e+001 	1.3927584259768963e-001 	7.4045572039893842e-004 	1.4001629831808854e-001
2.0000000000000000e+001 	1.3930770253775154e-001 	7.3058913430626871e-004 	1.4003829167205778e-001
2.1600000000000001e+001 	1.3899591727028812e-001 	7.1849530155676153e-004 	1.3971441257184486e-001
2.3199999999999999e+001 	1.3879172014177044e-001 	7.0364610442553153e-004 	1.3949536624619596e-001
2.4800000000000001e+001 	1.3854474858381005e-001 	6.8593020296557996e-004 	1.3923067878677559e-001
2.6399999999999999e+001 	1.3825549109376714e-001 	6.6534545627403301e-004 	1.3892083655004114e-001
2.8000000000000000e+001 	1.3792474410357053e-001 	6.4198349650001075e-004 	1.3856672760007055e-001
2.9600000000000001e+001 	1.3755357419333183e-001 	6.1601621919579296e-004 	1.3816959041252752e-001
3.1199999999999999e+001 	1.3714328437144346e-001 	5.8768040183851161e-004 	1.3773096477328195e-001
3.2800000000000004e+001 	1.3669538091795008e-001 	5.5726088325663337e-004 	1.3725264180120672e-001
3.4399999999999999e+001 	1.3621153919858492e-001 	5.2507375977622851e-004 	1.3673661295836118e-001
3.6000000000000000e+001 	1.3569356856394454e-001 	4.9145092049952951e-004 	1.3618501948444417e-001
3.7600000000000001e+001 	1.3514337736830401e-001 	4.5655406598949275e-004 	1.3559993143429352e-001
4.0800000000000004e+001 	1.3401661336661155e-001 	3.8524757318683341e-004 	1.3440186093979833e-001
4.4000000000000000e+001 	1.3266629565613641e-001 	3.1390688833753350e-004 	1.3298020254447399e-001
4.7199999999999996e+001 	1.3128644287743788e-001 	2.4371234380771636e-004 	1.3153015522124564e-001
5.0399999999999999e+001 	1.2983192452155543e-001 	1.7603566512801574e-004 	1.3000796018668345e-001
5.3600000000000001e+001 	1.2831636417848727e-001 	1.1195922658687383e-004 	1.2842832340507415e-001
5.6800000000000004e+001 	1.2675217096222596e-001 	5.2248165305703565e-005 	1.2680441912753163e-001
6.0000000000000000e+001 	1.2515043174207530e-001 	-2.6218034462382043e-006 	1.2514780993862906e-001
6.3200000000000003e+001 	1.2352090723049025e-001 	-5.2415964095739987e-005 	1.2346849126639454e-001
6.6400000000000006e+001 	1.2187209240625015e-001 	-9.7088176340364690e-005 	1.2177500422990983e-001
6.9599999999999994e+001 	1.2021131377944863e-001 	-1.3673224740313501e-004 	1.2007458153204548e-001
7.2799999999999997e+001 	1.1854484424355047e-001 	-1.6989124899390842e-004 	1.1837495299455651e-001
7.9200000000000003e+001 	1.1525185570749527e-001 	-2.2293854543373539e-004 	1.1502891716206155e-001
8.5599999999999994e+001 	1.1192633069260711e-001 	-2.6385408041092629e-004 	1.1166247661219617e-001
9.2000000000000000e+001 	1.0868481584650225e-001 	-2.9189890916467938e-004 	1.0839291693733752e-001
9.8400000000000006e+001 	1.0551263737150303e-001 	-3.0894500689935400e-004 	1.0520369236460367e-001
1.0480000000000001e+002 	1.0242140184310640e-001 	-3.1690197779952307e-004 	1.0210449986530686e-001
1.1119999999999999e+002 	9.9418700739931878e-002 	-3.1750876235068040e-004 	9.9101191977581202e-002
1.1759999999999999e+002 	9.6509090234611489e-002 	-3.1226985960305248e-004 	9.6196820375008429e-002
1.2400000000000000e+002 	9.3694880993625468e-002 	-3.0245184045720255e-004 	9.3392429153168241e-002
1.3039999999999998e+002 	9.0976741668960581e-002 	-2.8910409337262391e-004 	9.0687637575587954e-002
1.3680000000000001e+002 	8.8354149947199548e-002 	-2.7308745886476404e-004 	8.8081062488334805e-002
1.4319999999999999e+002 	8.5825727205992977e-002 	-2.5474134321677358e-004 	8.5570985862776214e-002
1.5600000000000000e+002 	8.1092225655221367e-002 	-2.1488893744305278e-004 	8.0877336717778345e-002
1.6880000000000001e+002 	7.6599555425316976e-002 	-1.7368092438534667e-004 	7.6425874500931593e-002
1.8160000000000002e+002 	7.2483849905264838e-002 	-1.3205708911362651e-004 	7.2351792816151214e-002
1.9439999999999998e+002 	6.8669154033014629e-002 	-9.1281894993418917e-005 	6.8577872138021231e-002
2.0719999999999999e+002 	6.5132219354353565e-002 	-5.2237357612296629e-005 	6.5079981996741268e-002
2.2000000000000000e+002 	6.1850617973350522e-002 	-1.5469671529968961e-005 	6.1835148301820554e-002
2.3280000000000001e+002 	5.8803199214492972e-002 	1.8726949887725466e-005 	5.8821926164380700e-002
2.4560000000000002e+002 	5.5970309549493696e-002 	5.0232942664371667e-005 	5.6020542492158071e-002
2.5840000000000003e+002 	5.3333861850906168e-002 	7.9044077619963988e-005 	5.3412905928526162e-002
2.7119999999999999e+002 	5.0877313896035621e-002 	1.0522943783244534e-004 	5.0982543333868077e-002
2.8400000000000000e+002 	4.8585595741155174e-002 	1.2890270610288430e-004 	4.8714498447258073e-002
2.9680000000000001e+002 	4.6445011110518318e-002 	1.5020288478232157e-004 	4.6595213995300637e-002
3.0959999999999997e+002 	4.4443128215190253e-002 	1.6854152624562964e-004 	4.4611669741435857e-002
3.3519999999999999e+002 	4.0853070909403100e-002 	1.9925877337810942e-004 	4.1052329682781198e-002
3.6080000000000001e+002 	3.7587271489550482e-002 	2.2457208004104777e-004 	3.7811843569591518e-002
3.8640000000000003e+002 	3.4746586483207165e-002 	2.4412386675355766e-004 	3.4990710349960708e-002
4.1200000000000000e+002 	3.2223786630279617e-002 	2.5869363938632643e-004 	3.2482480269665950e-002
4.3759999999999997e+002 	2.9973920481111752e-002 	2.6906558733902580e-004 	3.0242986068450772e-002
4.6319999999999999e+002 	2.7959269213974753e-002 	2.7595098194682882e-004 	2.8235220195921586e-002
4.8880000000000001e+002 	2.6148196935753806e-002 	2.7996553125698157e-004 	2.6428162467010789e-002
5.1439999999999998e+002 	2.4514099725046475e-002 	2.8163033018261383e-004 	2.4795730055229084e-002
5.4000000000000000e+002 	2.3034517377018168e-002 	2.8138218762045509e-004 	2.3315899564638629e-002
5.6560000000000002e+002 	2.1690404424682144e-002 	2.7958603773799758e-004 	2.1969990462420142e-002
5.9119999999999993e+002 	2.0465538087082083e-002 	2.7654640773669994e-004 	2.0742084494818791e-002
6.1680000000000007e+002 	1.9346038448571076e-002 	2.7228554442396564e-004 	1.9618323992995040e-002
6.6800000000000000e+002 	1.7400875817396744e-002 	2.6181545011007821e-004 	1.7662691267506820e-002
7.1919999999999993e+002 	1.5683557097532934e-002 	2.5008060718102705e-004 	1.5933637704713965e-002
7.7039999999999998e+002 	1.4245775867943207e-002 	2.3734182095205776e-004 	1.4483117688895269e-002
8.2160000000000002e+002 	1.3006486784246003e-002 	2.2415497214414267e-004 	1.3230641756390145e-002
8.7280000000000007e+002 	1.1929896440181015e-002 	2.1095787328338731e-004 	1.2140854313464408e-002
9.2400000000000000e+002 	1.0987802691728230e-002 	1.9806184237442428e-004 	1.1185864534102653e-002
9.7519999999999993e+002 	1.0157889486133812e-002 	1.8567195603005188e-004 	1.0343561442163860e-002
1.0264000000000001e+003 	9.4223574212592420e-003 	1.7391449858057930e-004 	9.5962719198398258e-003
1.0775999999999999e+003 	8.7668783517866333e-003 	1.6286065128200591e-004 	8.9297390030686416e-003
1.1288000000000000e+003 	8.1798105272401552e-003 	1.5254371179213746e-004 	8.3323542390322906e-003
1.1800000000000000e+003 	7.6516101549757576e-003 	1.4325159144774224e-004 	7.7948617464234995e-003
1.2824000000000001e+003 	6.7518608918599003e-003 	1.2686433452093027e-004 	6.8787252263808321e-003
1.3848000000000000e+003 	5.9743727350054293e-003 	1.1256480211728880e-004 	6.0869375371227167e-003
1.4872000000000000e+003 	5.3391147352929410e-003 	1.0055237992619807e-004 	5.4396671152191428e-003
1.5895999999999999e+003 	4.8023209213489126e-003 	9.0598022245271084e-005 	4.8929189435941850e-003
1.6920000000000000e+003 	4.3442513429289694e-003 	8.2437635003167911e-005 	4.4266889779321361e-003
1.7944000000000001e+003 	3.9499141980463707e-003 	7.5799391557416601e-005 	4.0257135896037853e-003
1.8968000000000000e+003 	3.6078161955337426e-003 	7.0425294907491335e-005 	3.6782414904412341e-003
1.9992000000000000e+003 	3.3090268518434097e-003 	6.6085042974531718e-005 	3.3751118948179416e-003
2.1015999999999999e+003 	3.0465066534691252e-003 	6.2580982179377570e-005 	3.1090876356485025e-003
2.2040000000000000e+003 	2.8146298675618738e-003 	5.9747287117934424e-005 	2.8743771546798076e-003
2.3064000000000001e+003 	2.6088440739642691e-003 	5.7584116341948157e-005 	2.6664281903062180e-003
2.5112000000000003e+003 	2.2647636189794622e-003 	5.4333678956585232e-005 	2.3190972979360478e-003
2.7160000000000000e+003 	1.9747703583887608e-003 	5.1783434045043290e-005 	2.0265537924338039e-003
2.9207999999999997e+003 	1.7443359469405866e-003 	4.9849736028284466e-005 	1.7941856829688709e-003
3.1255999999999999e+003 	1.5546060689538451e-003 	4.8313197343445204e-005 	1.6029192662972902e-003
3.3304000000000001e+003 	1.3966460683100094e-003 	4.7008468752106414e-005 	1.4436545370621161e-003
3.5352000000000003e+003 	1.2637556791039964e-003 	4.5820079415448642e-005 	1.3095757585194446e-003
3.7400000000000000e+003 	1.1508735502665877e-003 	4.4676949135665689e-005 	1.1955504994022536e-003
3.9447999999999997e+003 	1.0541338683890372e-003 	4.3541557388734569e-005 	1.0976754257777713e-003
4.1496000000000004e+003 	9.7054859961553616e-004 	4.2398005539292694e-005 	1.0129466051548288e-003
4.3543999999999996e+003 	8.9778161729109742e-004 	4.1242729569513326e-005 	9.3902434686061033e-004
4.5591999999999998e+003 	8.3398719918562829e-004 	4.0078515810178937e-005 	8.7406571499580685e-004
4.7640000000000000e+003 	7.7769315324561356e-004 	3.8910998802200972e-005 	8.1660415204781419e-004
4.9688000000000002e+003 	7.2771505311278477e-004 	3.7757886610335433e-005 	7.6547293972312061e-004
5.3783999999999996e+003 	6.4395106946161748e-004 	3.5494262241100108e-005 	6.7944533170271725e-004
5.7880000000000000e+003 	5.7262955676057781e-004 	3.3284634997862806e-005 	6.0591419175844066e-004
6.1976000000000004e+003 	5.1531269782641327e-004 	3.1174012771697040e-005 	5.4648671059811019e-004
6.6071999999999998e+003 	4.6734150444276910e-004 	2.9186813348597882e-005 	4.9652831779136699e-004
7.0168000000000002e+003 	4.2661815627021831e-004 	2.7328504559680532e-005 	4.5394666082989883e-004
7.4264000000000005e+003 	3.9161096098095619e-004 	2.5596278677517396e-005 	4.1720723965847341e-004
7.8360000000000000e+003 	3.6119038737260708e-004 	2.3984979141982496e-005 	3.8517536651458959e-004
8.2456000000000004e+003 	3.3451019986148174e-004 	2.2488267418206688e-005 	3.5699846727968839e-004
8.6552000000000007e+003 	3.1092491786460200e-004 	2.1098817750037912e-005 	3.3202373561463998e-004
9.0647999999999993e+003 	2.8993326012977994e-004 	1.9808715248254488e-005 	3.0974197537803440e-004
9.4743999999999996e+003 	2.7113930313607624e-004 	1.8642194352717153e-005 	2.8978149748879346e-004
1.0293600000000000e+004 	2.3945078981251578e-004 	1.6544520135202903e-005 	2.5599530994771866e-004
1.1112799999999999e+004 	2.1188593256379264e-004 	1.4652262885077884e-005 	2.2653819544887050e-004
1.1932000000000000e+004 	1.8960131586292662e-004 	1.2991923170470313e-005 	2.0259323903339691e-004
1.2751200000000001e+004 	1.7082042441622585e-004 	1.1534802410934508e-005 	1.8235522682716042e-004
1.3570400000000000e+004 	1.5481912162008650e-004 	1.0249793243047592e-005 	1.6506891486313410e-004
1.4389600000000000e+004 	1.4105411146492057e-004 	9.1115788252364627e-006 	1.5016569029015697e-004
1.5208799999999999e+004 	1.2911263174671792e-004 	8.1003697541377087e-006 	1.3721300150085558e-004
1.6027999999999998e+004 	1.1867614755764744e-004 	7.2001115022320670e-006 	1.2587625905987953e-004
1.6847200000000001e+004 	1.0949498668116537e-004 	6.3973704901295658e-006 	1.1589235717129499e-004
1.7666399999999998e+004 	1.0137065992644495e-004 	5.6807296646732808e-006 	1.0705138959111821e-004
1.8485600000000002e+004 	9.4143387865108612e-005 	5.0646361257256483e-006 	9.9208023990834238e-005
2.0124000000000000e+004 	8.2102395621867427e-005 	4.0205763743582028e-006 	8.6122971996225654e-005
2.1762399999999998e+004 	7.1708703184936208e-005 	3.1378714753819183e-006 	7.4846574660318119e-005
2.3400799999999999e+004 	6.3453497982481752e-005 	2.4271534710038698e-006 	6.5880651453485624e-005
2.5039200000000001e+004 	5.6592083172112565e-005 	1.8582201847193368e-006 	5.8450303356831887e-005
2.6677600000000002e+004 	5.0822740727685009e-005 	1.4035519402867750e-006 	5.2226292667971785e-005
2.8316000000000000e+004 	4.5920608784451399e-005 	9.9986743128087344e-007 	4.6920476215732285e-005
-850 0
-8.5000000000000000e+002 0.0000000000000000e+000 0.0000000000000000e+000
1
1 1 1 1
1
         t, ms                         dVp, mV                         dVs, mV                         dV, mV
5.0000000000000000e-001 	1.1037266996808018e-001 	3.0690622370964257e-004 	1.1067957619178977e-001
5.9999999999999998e-001 	1.1051154623540030e-001 	3.1904170424170846e-004 	1.1083058793964205e-001
6.9999999999999996e-001 	1.1060283511024252e-001 	3.3015867860088387e-004 	1.1093299378884344e-001
8.0000000000000004e-001 	1.1067472187516438e-001 	3.3945981114591451e-004 	1.1101418168631032e-001
9.0000000000000002e-001 	1.1073553579458137e-001 	3.4733853343299096e-004 	1.1108287432801436e-001
1.0000000000000000e+000 	1.1078847569294348e-001 	3.5409482148208873e-004 	1.1114257051442554e-001
1.1000000000000001e+000 	1.1083524128376063e-001 	3.5995037125060154e-004 	1.1119519165501124e-001
1.2000000000000000e+000 	1.1087696580894288e-001 	3.6506924254687319e-004 	1.1124203505148977e-001
1.3000000000000000e+000 	1.1091449040953193e-001 	3.6957499709081834e-004 	1.1128406540662274e-001
1.3999999999999999e+000 	1.1094846873920249e-001 	3.7341542486297183e-004 	1.1132188416406544e-001
1.6000000000000001e+000 	1.1207774191616358e-001 	3.7988414509865009e-004 	1.1245762606126229e-001
1.8000000000000000e+000 	1.1105877904261305e-001 	3.8535898105505700e-004 	1.1144413802366808e-001
2.0000000000000000e+000 	1.1110212601817543e-001 	3.8983285513204076e-004 	1.1149195887330747e-001
2.2000000000000002e+000 	1.1113981666753424e-001 	3.9350410115039696e-004 	1.1153332076868461e-001
2.3999999999999999e+000 	1.1117298937625868e-001 	3.9654219133076980e-004 	1.1156953156758942e-001
2.6000000000000001e+000 	1.1120249063089162e-001 	3.9908166131668232e-004 	1.1160157229220836e-001
2.7999999999999998e+000 	1.1122895942174794e-001 	4.0122639233029490e-004 	1.1163018581407827e-001
3.0000000000000000e+000 	1.1125288723596004e-001 	4.0305583700069926e-004 	1.1165594307296076e-001
3.2000000000000002e+000 	1.1127465921233599e-001 	4.0463067112341650e-004 	1.1167928988345939e-001
3.3999999999999999e+000 	1.1129458226507441e-001 	4.0599733132872434e-004 	1.1170057959640313e-001
3.6000000000000001e+000 	1.1131290457555075e-001 	4.0714348856767492e-004 	1.1172004806411839e-001
4.0000000000000000e+000 	1.1173716804413146e-001 	4.0903957556904819e-004 	1.1214620761970050e-001
4.4000000000000004e+000 	1.1137413514129503e-001 	4.1061142028584992e-004 	1.1178474656158090e-001
4.7999999999999998e+000 	1.1139903566461916e-001 	4.1185191662382434e-004 	1.1181088758124300e-001
5.2000000000000002e+000 	1.1142114291469100e-001 	4.1281814224459340e-004 	1.1183396105693560e-001
5.5999999999999996e+000 	1.1144105059387784e-001 	4.1355757185625923e-004 	1.1185460816573413e-001
6.0000000000000000e+000 	1.1145925538194101e-001 	4.1410790568474051e-004 	1.1187336328762576e-001
6.4000000000000004e+000 	1.1147617468717973e-001 	4.1449916585718582e-004 	1.1189067385303686e-001
6.7999999999999998e+000 	1.1149215305378227e-001 	4.1475561951007583e-004 	1.1190690867329230e-001
7.2000000000000002e+000 	1.1150746288974020e-001 	4.1489706712759706e-004 	1.1192235995686776e-001
7.5999999999999996e+000 	1.1152230445444043e-001 	4.1493963186444945e-004 	1.1193724408630490e-001
8.0000000000000000e+000 	1.1153680799587719e-001 	4.1486983007492698e-004 	1.1195167782595214e-001
8.8000000000000007e+000 	1.1177871814785044e-001 	4.1451364005981031e-004 	1.1219323178791026e-001
9.5999999999999996e+000 	1.1159169724073809e-001 	4.1396036772720085e-004 	1.1200565760846524e-001
1.0400000000000000e+001 	1.1161638152126946e-001 	4.1318526781613824e-004 	1.1202956678908560e-001
1.1199999999999999e+001 	1.1163810940865128e-001 	4.1219537986508141e-004 	1.1205030478851639e-001
1.2000000000000000e+001 	1.1165585416208927e-001 	4.1098973817356666e-004 	1.1206684390026284e-001
1.2800000000000001e+001 	1.1166858932841879e-001 	4.0955856034939094e-004 	1.1207814788876813e-001
1.3600000000000000e+001 	1.1167536662117479e-001 	4.0788354600107486e-004 	1.1208325016717585e-001
1.4400000000000000e+001 	1.1167535497899747e-001 	4.0593841383271788e-004 	1.1208129339283018e-001
1.5199999999999999e+001 	1.1166785166908189e-001 	4.0368967134229229e-004 	1.1207154134042417e-001
1.6000000000000000e+001 	1.1165227634815254e-001 	4.0109769991914011e-004 	1.1205337404807168e-001
1.6800000000000001e+001 	1.1162815665835402e-001 	3.9811817751045538e-004 	1.1202627483586448e-001
1.7600000000000001e+001 	1.1159511113972689e-001 	3.9470378411954294e-004 	1.1198981492384645e-001
1.8399999999999999e+001 	1.1155283285066273e-001 	3.9058121311953979e-004 	1.1194341406378228e-001
2.0000000000000000e+001 	1.1155576924606293e-001 	3.8055870425136878e-004 	1.1193632795031430e-001
2.1600000000000001e+001 	1.1128683229315442e-001 	3.6846651424285844e-004 	1.1165529880739725e-001
2.3199999999999999e+001 	1.1109425535525257e-001 	3.5376589345627947e-004 	1.1144802124870887e-001
2.4800000000000001e+001 	1.1086131208153852e-001 	3.3630054444751945e-004 	1.1119761262598606e-001
2.6399999999999999e+001 	1.1058800344869475e-001 	3.1603151163037206e-004 	1.1090403496032511e-001
2.8000000000000000e+001 	1.1027469537397185e-001 	2.9302418506069064e-004 	1.1056771955903257e-001
2.9600000000000001e+001 	1.0992209079300616e-001 	2.6743445714121045e-004 	1.1018952525014739e-001
3.1199999999999999e+001 	1.0953119800344009e-001 	2.3949202009262513e-004 	1.0977069002353276e-001
3.2800000000000004e+001 	1.0910329466062660e-001 	2.0948193141454697e-004 	1.0931277659204114e-001
3.4399999999999999e+001 	1.0863988794101781e-001 	1.7772618536448183e-004 	1.0881761412638231e-001
3.6000000000000000e+001 	1.0814267242484792e-001 	1.4456672870548682e-004 	1.0828723915355343e-001
3.7600000000000001e+001 	1.0761348765763171e-001 	1.1020754054106122e-004 	1.0772369519817275e-001
4.0800000000000004e+001 	1.0651538055543490e-001 	4.0206031764321216e-005 	1.0655558658719923e-001
4.4000000000000000e+001 	1.0522293939997353e-001 	-2.9511201329201597e-005 	1.0519342819864430e-001
4.7199999999999996e+001 	1.0388841774441815e-001 	-9.7641494084333921e-005 	1.0379077625033385e-001
5.0399999999999999e+001 	1.0248128716040340e-001 	-1.6274296207726359e-004 	1.0231854419832613e-001
5.3600000000000001e+001 	1.0101579913965084e-001 	-2.2369135507188309e-004 	1.0079210778457894e-001
5.6800000000000004e+001 	9.9505001150503744e-002 	-2.7970895700687380e-004 	9.9225292193496906e-002
6.0000000000000000e+001 	9.7960578831313636e-002 	-3.3033483092094940e-004 	9.7630244000392663e-002
6.3200000000000003e+001 	9.6392819325356316e-002 	-3.7537236281439366e-004 	9.6017446962541914e-002
6.6400000000000006e+001 	9.4810653303762205e-002 	-4.1483169721945209e-004 	9.4395821606542751e-002
6.9599999999999994e+001 	9.3221744750660349e-002 	-4.4887567905107123e-004 	9.2772869071609282e-002
7.2799999999999997e+001 	9.1632606104816133e-002 	-4.7606760530498733e-004 	9.1156538499511150e-002
7.9200000000000003e+001 	8.8505429570240268e-002 	-5.1669782294828438e-004 	8.7988731747292007e-002
8.5599999999999994e+001 	8.5379469734406660e-002 	-5.4509821112391722e-004 	8.4834371523282701e-002
9.2000000000000000e+001 	8.2353343138294163e-002 	-5.6083098441006812e-004 	8.1792512153884112e-002
9.8400000000000006e+001 	7.9416763921893077e-002 	-5.6613623444082912e-004 	7.8850627687452213e-002
1.0480000000000001e+002 	7.6579583434208426e-002 	-5.6321226426694990e-004 	7.6016371169941449e-002
1.1119999999999999e+002 	7.3847401115506403e-002 	-5.5399604314526184e-004 	7.3293405072361151e-002
1.1759999999999999e+002 	7.1222689186108384e-002 	-5.4010603521338152e-004 	7.0682583150895012e-002
1.2400000000000000e+002 	6.8705688517758282e-002 	-5.2285265155076947e-004 	6.8182835866207547e-002
1.3039999999999998e+002 	6.6295083214959583e-002 	-5.0327481606830078e-004 	6.5791808398891316e-002
1.3680000000000001e+002 	6.3988494862798298e-002 	-4.8218355413649045e-004 	6.3506311308661800e-002
1.4319999999999999e+002 	6.1782839806483185e-002 	-4.6018180820122008e-004 	6.1322657998281960e-002
1.5600000000000000e+002 	5.7700330591786475e-002 	-4.1576922171531226e-004 	5.7284561370071187e-002
1.6880000000000001e+002 	5.3883634154820302e-002 	-3.7231485274916132e-004 	5.3511319302071168e-002
1.8160000000000002e+002 	5.0439581027142674e-002 	-3.3071533630437897e-004 	5.0108865690838278e-002
1.9439999999999998e+002 	4.7293026844975897e-002 	-2.9166364915718352e-004 	4.7001363195818734e-002
2.0719999999999999e+002 	4.4415771394686207e-002 	-2.5550709389686856e-004 	4.4160264300789349e-002
2.2000000000000000e+002 	4.1781646065934729e-002 	-2.2234031313367577e-004 	4.1559305752801055e-002
2.3280000000000001e+002 	3.9366750158910960e-002 	-1.9209803506579034e-004 	3.9174652123845181e-002
2.4560000000000002e+002 	3.7149470724846916e-002 	-1.6462565938746851e-004 	3.6984845065459453e-002
2.5840000000000003e+002 	3.5110384121203549e-002 	-1.3972609782164459e-004 	3.4970658023381909e-002
2.7119999999999999e+002 	3.3232098856613122e-002 	-1.1718823367890327e-004 	3.3114910622934216e-002
2.8400000000000000e+002 	3.1499074966715064e-002 	-9.6803059078046113e-005 	3.1402271907637024e-002
2.9680000000000001e+002 	2.9897439965791861e-002 	-7.8372159617384862e-005 	2.9819067806174465e-002
3.0959999999999997e+002 	2.8414812165686684e-002 	-6.2273787116365974e-005 	2.8352538378570318e-002
3.3519999999999999e+002 	2.5794564911093030e-002 	-3.4628625183299953e-005 	2.5759936285909734e-002
3.6080000000000001e+002 	2.3446904653752910e-002 	-1.0993921310223746e-005 	2.3435910732442687e-002
3.8640000000000003e+002 	2.1443115768439484e-002 	8.4185667087058513e-006 	2.1451534335148202e-002
4.1200000000000000e+002 	1.9691838784617804e-002 	2.4229205548586792e-005 	1.9716067990166387e-002
4.3759999999999997e+002 	1.8153012806261238e-002 	3.7026419896876256e-005 	1.8190039226158115e-002
4.6319999999999999e+002 	1.6793801730456880e-002 	4.7320496276872456e-005 	1.6841122226733757e-002
4.8880000000000001e+002 	1.5587283771229692e-002 	5.5537290594469637e-005 	1.5642821061824158e-002
5.1439999999999998e+002 	1.4511304611554296e-002 	6.2027144327011992e-005 	1.4573331755881309e-002
5.4000000000000000e+002 	1.3547539398757665e-002 	6.7078098939137289e-005 	1.3614617497696801e-002
5.6560000000000002e+002 	1.2680744974623563e-002 	7.0928246672327146e-005 	1.2751673221295893e-002
5.9119999999999993e+002 	1.1898168790941344e-002 	7.3775619928879516e-005 	1.1971944410870227e-002
6.1680000000000007e+002 	1.1189081993685008e-002 	7.5562924166131079e-005 	1.1264644917851134e-002
6.6800000000000000e+002 	9.9713515860096816e-003 	7.7285898795803235e-005 	1.0048637484805481e-002
7.1919999999999993e+002 	8.9086488633245073e-003 	7.7590787871214769e-005 	8.9862396511957206e-003
7.7039999999999998e+002 	8.0318505317007165e-003 	7.6555440314337130e-005 	8.1084059720150543e-003
8.2160000000000002e+002 	7.2848332855578405e-003 	7.4573593601154564e-005 	7.3594068791589962e-003
8.7280000000000007e+002 	6.6425447908974745e-003 	7.1977572931640084e-005 	6.7145223638291123e-003
9.2400000000000000e+002 	6.0856213017167924e-003 	6.9019946733853379e-005 	6.1546412484506452e-003
9.7519999999999993e+002 	5.5990107751088891e-003 	6.5882303280905398e-005 	5.6648930783897928e-003
1.0264000000000001e+003 	5.1708995041056301e-003 	6.2692466548155160e-005 	5.2335919706537849e-003
1.0775999999999999e+003 	4.7919136830785443e-003 	5.9539844252003119e-005 	4.8514535273305476e-003
1.1288000000000000e+003 	4.4545340384428431e-003 	5.6486342884717229e-005 	4.5110203813275617e-003
1.1800000000000000e+003 	4.1526664351002355e-003 	5.3651303211856317e-005 	4.2063177383120914e-003
1.2824000000000001e+003 	3.6420669124708899e-003 	4.8536803889141375e-005 	3.6906037163600318e-003
1.3848000000000000e+003 	3.2042519222336618e-003 	4.4004849403522786e-005 	3.2482567716371831e-003
1.4872000000000000e+003 	2.8496875401359230e-003 	4.0151697673599823e-005 	2.8898392378095229e-003
1.5895999999999999e+003 	2.5522188171154389e-003 	3.6959043929637939e-005 	2.5891778610450771e-003
1.6920000000000000e+003 	2.2999698043405349e-003 	3.4373870154577724e-005 	2.3343436744951121e-003
1.7944000000000001e+003 	2.0840212706845686e-003 	3.2317464080424428e-005 	2.1163387347649934e-003
1.8968000000000000e+003 	1.8976054314446325e-003 	3.0702533193151488e-005 	1.9283079646377848e-003
1.9992000000000000e+003 	1.7355120917942359e-003 	2.9446007682373820e-005 	1.7649580994766095e-003
2.1015999999999999e+003 	1.5936679977776780e-003 	2.8474671064338211e-005 	1.6221426688420157e-003
2.2040000000000000e+003 	1.4688417362916579e-003 	2.7726350636658667e-005 	1.4965680869283172e-003
2.3064000000000001e+003 	1.3584355259741953e-003 	2.7194701649945597e-005 	1.3856302276241412e-003
2.5112000000000003e+003 	1.1745959449070546e-003 	2.6447711277340983e-005 	1.2010436561843950e-003
2.7160000000000000e+003 	1.0204332485427054e-003 	2.5859240679545834e-005 	1.0462924892222511e-003
2.9207999999999997e+003 	8.9859139318148316e-004 	2.5396495345638546e-005 	9.2398788852712192e-004
3.1255999999999999e+003 	7.9872275036207399e-004 	2.4995450180596743e-005 	8.2371820054267066e-004
3.3304000000000001e+003 	7.1590659899113738e-004 	2.4606758675318828e-005 	7.4051335766645617e-004
3.5352000000000003e+003 	6.4647800019183887e-004 	2.4196671367635537e-005 	6.7067467155947438e-004
3.7400000000000000e+003 	5.8768596091464051e-004 	2.3748380052155830e-005 	6.1143434096679636e-004
3.9447999999999997e+003 	5.3744122293923223e-004 	2.3258076928193714e-005 	5.6069929986742593e-004
4.1496000000000004e+003 	4.9413702980330280e-004 	2.2729491447428331e-005 	5.1686652125073121e-004
4.3543999999999996e+003 	4.5652273577676612e-004 	2.2169757861295361e-005 	4.7869249363806143e-004
4.5591999999999998e+003 	4.2361410190970577e-004 	2.1587000430614811e-005 	4.4520110234032051e-004
4.7640000000000000e+003 	3.9462881569794669e-004 	2.0989103696016134e-005 	4.1561791939396283e-004
4.9688000000000002e+003 	3.6893945735720098e-004 	2.0388477171402626e-005 	3.8932793452860356e-004
5.3783999999999996e+003 	3.2597710881175336e-004 	1.9191874222213948e-005 	3.4516898303396735e-004
5.7880000000000000e+003 	2.8947731952918773e-004 	1.8009630844319592e-005 	3.0748695037350742e-004
6.1976000000000004e+003 	2.6022336994347268e-004 	1.6872353168468073e-005 	2.7709572311194076e-004
6.6071999999999998e+003 	2.3578927601894094e-004 	1.5798270283491111e-005 	2.5158754630243206e-004
7.0168000000000002e+003 	2.1508245349695799e-004 	1.4792103063795943e-005 	2.2987455656075403e-004
7.4264000000000005e+003 	1.9730781815071764e-004 	1.3853310746600954e-005 	2.1116112889731859e-004
7.8360000000000000e+003 	1.8188085205739473e-004 	1.2979853303878292e-005 	1.9486070536127293e-004
8.2456000000000004e+003 	1.6836485030769690e-004 	1.2168766470326440e-005 	1.8053361677802327e-004
8.6552000000000007e+003 	1.5642751599571550e-004 	1.1416298227896736e-005 	1.6784381422361227e-004
9.0647999999999993e+003 	1.4581132907086775e-004 	1.0718220665804658e-005 	1.5652954973667234e-004
9.4743999999999996e+003 	1.3631326483894694e-004 	1.0088498349009483e-005 	1.4640176318795640e-004
1.0293600000000000e+004 	1.2031379264157572e-004 	8.9572777350105041e-006 	1.2927107037658623e-004
1.1112799999999999e+004 	1.0640579000843650e-004 	7.9365823556805986e-006 	1.1434237236411709e-004
1.1932000000000000e+004 	9.5174673822846228e-005 	7.0430877906335251e-006 	1.0221776161347976e-004
1.2751200000000001e+004 	8.5716695981327505e-005 	6.2607624720334490e-006 	9.1977458453360931e-005
1.3570400000000000e+004 	7.7663749362256714e-005 	5.5719940946749524e-006 	8.3235743456931650e-005
1.4389600000000000e+004 	7.0740077901140593e-005 	4.9627235133407495e-006 	7.5702801414481315e-005
1.5208799999999999e+004 	6.4736465426728677e-005 	4.4220623518354446e-006 	6.9158527778564156e-005
1.6027999999999998e+004 	5.9491647308694395e-005 	3.9411866812967020e-006 	6.3432833989991120e-005
1.6847200000000001e+004 	5.4879349512358414e-005 	3.5127191992320546e-006 	5.8392068711590473e-005
1.7666399999999998e+004 	5.0799270835615083e-005 	3.1304055377610352e-006 	5.3929676373376108e-005
1.8485600000000002e+004 	4.7170731080245439e-005 	2.8021032299390914e-006 	4.9972834310184539e-005
2.0124000000000000e+004 	4.1127779517574114e-005 	2.2454357884428521e-006 	4.3373215306016979e-005
2.1762399999999998e+004 	3.5912919054211835e-005 	1.7738285510836765e-006 	3.7686747605295505e-005
2.3400799999999999e+004 	3.1772972738471945e-005 	1.3938302987042606e-006 	3.3166803037176192e-005
2.5039200000000001e+004 	2.8333098853265635e-005 	1.0890693609882944e-006 	2.9422168214253935e-005
2.6677600000000002e+004 	2.5441489336235272e-005 	8.4475843014367502e-007 	2.6286247766378945e-005
2.8316000000000000e+004 	2.2985076773186317e-005 	6.2739989250962484e-007 	2.3612476665695949e-005
-250 0
-2.5000000000000000e+002 0.0000000000000000e+000 0.0000000000000000e+000
1
1 1 1 1
1
         t, ms                         dVp, mV                         dVs, mV                         dV, mV
5.0000000000000000e-001 	2.9778777829839956e-002 	2.1603073615417018e-004 	2.9994808565994124e-002
5.9999999999999998e-001 	2.9822024013080709e-002 	2.2783958206791408e-004 	3.0049863595148614e-002
6.9999999999999996e-001 	2.9850451038757844e-002 	2.3868533121542513e-004 	3.0089136369973266e-002
8.0000000000000004e-001 	2.9872836331792642e-002 	2.4781330919975341e-004 	3.0120649640992397e-002
9.0000000000000002e-001 	2.9891773685083872e-002 	2.5559604764567552e-004 	3.0147369732729551e-002
1.0000000000000000e+000 	2.9908259183738937e-002 	2.6232044435339910e-004 	3.0170579628092328e-002
1.1000000000000001e+000 	2.9922822084649494e-002 	2.6820024022873850e-004 	3.0191022324878230e-002
1.2000000000000000e+000 	2.9935815253984033e-002 	2.7339438941874838e-004 	3.0209209643402797e-002
1.3000000000000000e+000 	2.9947500604929969e-002 	2.7802267427796284e-004 	3.0225523279207928e-002
1.3999999999999999e+000 	2.9958081673427936e-002 	2.8204379637197720e-004 	3.0240125469799917e-002
1.6000000000000001e+000 	3.0309774361311350e-002 	2.8898875790111665e-004 	3.0598763119212467e-002
1.8000000000000000e+000 	2.9992433283009330e-002 	2.9503930870883197e-004 	3.0287472591718160e-002
2.0000000000000000e+000 	3.0005932052126330e-002 	3.0018851528982904e-004 	3.0306120567416162e-002
2.2000000000000002e+000 	3.0017669441422982e-002 	3.0461166356202140e-004 	3.0322281104985010e-002
2.3999999999999999e+000 	3.0027999937125741e-002 	3.0845553884449253e-004 	3.0336455475970234e-002
2.6000000000000001e+000 	3.0037187131311805e-002 	3.1183477324786676e-004 	3.0349021904559681e-002
2.7999999999999998e+000 	3.0045430003946001e-002 	3.1483697569009033e-004 	3.0360266979636091e-002
3.0000000000000000e+000 	3.0052881603923037e-002 	3.1752901597241804e-004 	3.0370410619895458e-002
3.2000000000000002e+000 	3.0059661863135925e-002 	3.1996234513309753e-004 	3.0379624208269024e-002
3.3999999999999999e+000 	3.0065866354842416e-002 	3.2217703817828469e-004 	3.0388043393020699e-002
3.6000000000000001e+000 	3.0071572362609666e-002 	3.2415006770402884e-004 	3.0395722430313691e-002
4.0000000000000000e+000 	3.0203702218723320e-002 	3.2764802401606923e-004 	3.0531350242739390e-002
4.4000000000000004e+000 	3.0090641191498877e-002 	3.3076876007336292e-004 	3.0421409951572238e-002
4.7999999999999998e+000 	3.0098396018538229e-002 	3.3350059880905277e-004 	3.0431896617347295e-002
5.2000000000000002e+000 	3.0105281246515955e-002 	3.3590838159454833e-004 	3.0441189628110491e-002
5.5999999999999996e+000 	3.0111482264844606e-002 	3.3804827999821615e-004 	3.0449530544842833e-002
6.0000000000000000e+000 	3.0117154741605621e-002 	3.3996567284055298e-004 	3.0457120414446166e-002
6.4000000000000004e+000 	3.0122430372019331e-002 	3.4169650438083821e-004 	3.0464126876400176e-002
6.7999999999999998e+000 	3.0127419098035742e-002 	3.4326919403859476e-004 	3.0470688292074336e-002
7.2000000000000002e+000 	3.0132209531282671e-002 	3.4470629395625069e-004 	3.0476915825238923e-002
7.5999999999999996e+000 	3.0136869098731176e-002 	3.4602577445648171e-004 	3.0482894873187668e-002
8.0000000000000000e+000 	3.0141444793714715e-002 	3.4720994163286230e-004 	3.0488654735347582e-002
8.8000000000000007e+000 	3.0217026328952054e-002 	3.4931679240600471e-004 	3.0566343121358065e-002
9.5999999999999996e+000 	3.0159201039702967e-002 	3.5118961431042779e-004 	3.0510390654013401e-002
1.0400000000000000e+001 	3.0167619312118973e-002 	3.5280792671633872e-004 	3.0520427238835333e-002
1.1199999999999999e+001 	3.0175517733714050e-002 	3.5419582809702413e-004 	3.0529713561811084e-002
1.2000000000000000e+001 	3.0182687982868165e-002 	3.5537424974800151e-004 	3.0538062232616160e-002
1.2800000000000001e+001 	3.0188925811828443e-002 	3.5636013418589027e-004 	3.0545285946014345e-002
1.3600000000000000e+001 	3.0194052699057249e-002 	3.5716735608412625e-004 	3.0551220055141385e-002
1.4400000000000000e+001 	3.0197926391376757e-002 	3.5780778962459555e-004 	3.0555734181001357e-002
1.5199999999999999e+001 	3.0200443506712405e-002 	3.5829210982742793e-004 	3.0558735616539844e-002
1.6000000000000000e+001 	3.0201537309415511e-002 	3.5863030038386196e-004 	3.0560167609799384e-002
1.6800000000000001e+001 	3.0201173056686476e-002 	3.5883194101933374e-004 	3.0560004997705809e-002
1.7600000000000001e+001 	3.0199342509361050e-002 	3.5890635301040225e-004 	3.0558248862371452e-002
1.8399999999999999e+001 	3.0196058535652950e-002 	3.5882396029604540e-004 	3.0554882495948978e-002
2.0000000000000000e+001 	3.0222014075294505e-002 	3.5834658174072347e-004 	3.0580360657035229e-002
2.1600000000000001e+001 	3.0169308809643084e-002 	3.5759014254688122e-004 	3.0526898952189963e-002
2.3199999999999999e+001 	3.0148447587019175e-002 	3.5654227682929940e-004 	3.0504989863848479e-002
2.4800000000000001e+001 	3.0123215919040245e-002 	3.5525197486327599e-004 	3.0478467893903523e-002
2.6399999999999999e+001 	3.0094099247006061e-002 	3.5376865523228918e-004 	3.0447867902238343e-002
2.8000000000000000e+001 	3.0061567695707021e-002 	3.5213713052027230e-004 	3.0413704826227305e-002
2.9600000000000001e+001 	3.0026060454907265e-002 	3.5039563684388989e-004 	3.0376456091751165e-002
3.1199999999999999e+001 	2.9987976687654315e-002 	3.4857515106008241e-004 	3.0336551838714389e-002
3.2800000000000004e+001 	2.9947671036089484e-002 	3.4669936671939737e-004 	3.0294370402808891e-002
3.4399999999999999e+001 	2.9905452271103562e-002 	3.4478508636963737e-004 	3.0250237357473203e-002
3.6000000000000000e+001 	2.9861584058551775e-002 	3.4284290241407955e-004 	3.0204426960965848e-002
3.7600000000000001e+001 	2.9816287129563773e-002 	3.4086806487738377e-004 	3.0157155194441145e-002
4.0800000000000004e+001 	2.9737261903638477e-002 	3.3683660882176413e-004 	3.0074098512460241e-002
4.4000000000000000e+001 	2.9624133857241237e-002 	3.3269106757250361e-004 	2.9956824924813746e-002
4.7199999999999996e+001 	2.9522502478383655e-002 	3.2837396336463857e-004 	2.9850876441748286e-002
5.0399999999999999e+001 	2.9417635088026823e-002 	3.2383876704429674e-004 	2.9741473855071126e-002
5.3600000000000001e+001 	2.9309601936800909e-002 	3.1904757568909772e-004 	2.9628649512490002e-002
5.6800000000000004e+001 	2.9198328807010922e-002 	3.1397728968024096e-004 	2.9512306096691168e-002
6.0000000000000000e+001 	2.9083659470270584e-002 	3.0862265243241700e-004 	2.9392282122703006e-002
6.3200000000000003e+001 	2.8965405399702257e-002 	3.0299637200765204e-004 	2.9268401771709911e-002
6.6400000000000006e+001 	2.8843381911859593e-002 	2.9712711990309305e-004 	2.9140509031762685e-002
6.9599999999999994e+001 	2.8717432210350419e-002 	2.9105628339284254e-004 	2.9008488493743271e-002
7.2799999999999997e+001 	2.8587441592645126e-002 	2.8482154064400460e-004 	2.8872263133289128e-002
7.9200000000000003e+001 	2.8321733218819475e-002 	2.7222960673374921e-004 	2.8593962825553227e-002
8.5599999999999994e+001 	2.8026781192920309e-002 	2.5981543381445332e-004 	2.8286596626734755e-002
9.2000000000000000e+001 	2.7723011709828122e-002 	2.4786159698665324e-004 	2.7970873306814775e-002
9.8400000000000006e+001 	2.7405020525746709e-002 	2.3665838409437048e-004 	2.7641678909841066e-002
1.0480000000000001e+002 	2.7074282422929776e-002 	2.2643058250682594e-004 	2.7300713005436610e-002
1.1119999999999999e+002 	2.6732453923227695e-002 	2.1732809852703644e-004 	2.6949782021754725e-002
1.1759999999999999e+002 	2.6381261389163975e-002 	2.0943031909928663e-004 	2.6590691708263253e-002
1.2400000000000000e+002 	2.6022415839952490e-002 	2.0275696637834162e-004 	2.6225172806330833e-002
1.3039999999999998e+002 	2.5657554144732798e-002 	1.9728115131951009e-004 	2.5854835296052307e-002
1.3680000000000001e+002 	2.5288202494702358e-002 	1.9294216229709076e-004 	2.5481144656999456e-002
1.4319999999999999e+002 	2.4915756970372849e-002 	1.8998414584796771e-004 	2.5105741116220812e-002
1.5600000000000000e+002 	2.4176260918037051e-002 	1.8672282043511693e-004 	2.4362983738472163e-002
1.6880000000000001e+002 	2.3420709003781775e-002 	1.8567082663243281e-004 	2.3606379830414206e-002
1.8160000000000002e+002 	2.2680645928143620e-002 	1.8676813534441078e-004 	2.2867414063488030e-002
1.9439999999999998e+002 	2.1952540075368381e-002 	1.8944847423381830e-004 	2.2141988549602198e-002
2.0719999999999999e+002 	2.1240122271335937e-002 	1.9318676622332698e-004 	2.1433309037559252e-002
2.2000000000000000e+002 	2.0546102383849730e-002 	1.9754286879747644e-004 	2.0743645252647203e-002
2.3280000000000001e+002 	1.9872362959576104e-002 	2.0216882977932670e-004 	2.0074531789355435e-002
2.4560000000000002e+002 	1.9220133208027030e-002 	2.0680126107219495e-004 	1.9426934469099228e-002
2.5840000000000003e+002 	1.8590133691764946e-002 	2.1124849911659355e-004 	1.8801382190881542e-002
2.7119999999999999e+002 	1.7982692543262721e-002 	2.1537695796104117e-004 	1.8198069501223768e-002
2.8400000000000000e+002 	1.7397837345585802e-002 	2.1909860399150097e-004 	1.7616935949577302e-002
2.9680000000000001e+002 	1.6835367320350719e-002 	2.2236026783522238e-004 	1.7057727588185946e-002
3.0959999999999997e+002 	1.6294909967920691e-002 	2.2494637724938007e-004 	1.6519856345170069e-002
3.3519999999999999e+002 	1.5289048219676596e-002 	2.2862318930745926e-004 	1.5517671408984062e-002
3.6080000000000001e+002 	1.4339818448370904e-002 	2.3083333376066521e-004 	1.4570651782131573e-002
3.8640000000000003e+002 	1.3477743376115263e-002 	2.3142878143927575e-004 	1.3709172157554534e-002
4.1200000000000000e+002 	1.2685174941549474e-002 	2.3058159007055120e-004 	1.2915756531620026e-002
4.3759999999999997e+002 	1.1956411021463290e-002 	2.2849897336779326e-004 	1.2184909994831083e-002
4.6319999999999999e+002 	1.1285935782369066e-002 	2.2539116148248629e-004 	1.1511326943851556e-002
4.8880000000000001e+002 	1.0668539918719822e-002 	2.2145517780047526e-004 	1.0889995096520303e-002
5.1439999999999998e+002 	1.0099383972097892e-002 	2.1686731286333467e-004 	1.0316251284961222e-002
5.4000000000000000e+002 	9.5740232144756205e-003 	2.1178067307396842e-004 	9.7858038875495885e-003
5.6560000000000002e+002 	9.0884077867332807e-003 	2.0632556754681891e-004 	9.2947333542800978e-003
5.9119999999999993e+002 	8.6388677757567017e-003 	2.0061131004073609e-004 	8.8394790857974376e-003
6.1680000000000007e+002 	8.2220898219666824e-003 	1.9471500805223800e-004 	8.4168048300189199e-003
6.6800000000000000e+002 	7.4842020319795741e-003 	1.8278623727892865e-004 	7.6669882692585048e-003
7.1919999999999993e+002 	6.8208753111806599e-003 	1.7097664215967855e-004 	6.9918519533403419e-003
7.7039999999999998e+002 	6.2531424054237420e-003 	1.5946770328748537e-004 	6.4126101087112258e-003
8.2160000000000002e+002 	5.7554184499248760e-003 	1.4842756001817110e-004 	5.9038460099430472e-003
8.7280000000000007e+002 	5.3166590631743994e-003 	1.3796718130980562e-004 	5.4546262444842026e-003
9.2400000000000000e+002 	4.9278028125331330e-003 	1.2814970297235308e-004 	5.0559525155054845e-003
9.7519999999999993e+002 	4.5814206008613070e-003 	1.1900202530952265e-004 	4.7004226261708297e-003
1.0264000000000001e+003 	4.2714031019197071e-003 	1.1052531550791139e-004 	4.3819284174276179e-003
1.0775999999999999e+003 	3.9927021308991152e-003 	1.0270354470285835e-004 	4.0954056756019727e-003
1.1288000000000000e+003 	3.7411229990985235e-003 	9.5509909080309155e-005 	3.8366329081788303e-003
1.1800000000000000e+003 	3.5131597630969789e-003 	8.9112397403160547e-005 	3.6022721605001393e-003
1.2824000000000001e+003 	3.1213848944670244e-003 	7.7940051122089745e-005 	3.1993249455891139e-003
1.3848000000000000e+003 	2.7795876078739157e-003 	6.8256914699308882e-005 	2.8478445225732247e-003
1.4872000000000000e+003 	2.4972921589070845e-003 	6.0166291266078577e-005 	2.5574584501731629e-003
1.5895999999999999e+003 	2.2567044024233334e-003 	5.3461044739387856e-005 	2.3101654471627221e-003
1.6920000000000000e+003 	2.0498742533723068e-003 	4.7932874092524979e-005 	2.0978071274648314e-003
1.7944000000000001e+003 	1.8706679495889185e-003 	4.3390558723929044e-005 	1.9140585083128477e-003
1.8968000000000000e+003 	1.7143160069985964e-003 	3.9664741069541288e-005 	1.7539807480681385e-003
1.9992000000000000e+003 	1.5770660013007384e-003 	3.6609221952657399e-005 	1.6136752232533960e-003
2.1015999999999999e+003 	1.4559277607695301e-003 	3.4100389366074954e-005 	1.4900281501356047e-003
2.2040000000000000e+003 	1.3484888593663642e-003 	3.2035258168739602e-005 	1.3805241175351042e-003
2.3064000000000001e+003 	1.2527807303554172e-003 	3.0420193528154697e-005 	1.2832009238835716e-003
2.5112000000000003e+003 	1.0920234345367479e-003 	2.7942405973252057e-005 	1.1199658405099998e-003
2.7160000000000000e+003 	9.5579131588556900e-004 	2.5999784163687536e-005 	9.8179110004925694e-004
2.9207999999999997e+003 	8.4690817924901662e-004 	2.4541988984972636e-005 	8.7145016823398931e-004
3.1255999999999999e+003 	7.5682724561213595e-004 	2.3415272499176786e-005 	7.8024251811131308e-004
3.3304000000000001e+003 	6.8151481445809291e-004 	2.2504723680910204e-005 	7.0401953813900282e-004
3.5352000000000003e+003 	6.1792181644978658e-004 	2.1729393003200964e-005 	6.3965120945298781e-004
3.7400000000000000e+003 	5.6372826375634998e-004 	2.1035626446968983e-005 	5.8476389020331880e-004
3.9447999999999997e+003 	5.1715075937014822e-004 	2.0390214318503296e-005 	5.3754097368865150e-004
4.1496000000000004e+003 	4.7680308748015347e-004 	1.9773923557400456e-005 	4.9657701103755390e-004
4.3543999999999996e+003 	4.4159614652999245e-004 	1.9176356301831095e-005 	4.6077250283182351e-004
4.5591999999999998e+003 	4.1066576019280974e-004 	1.8592399180224741e-005 	4.2925815937303464e-004
4.7640000000000000e+003 	3.8332001972493185e-004 	1.8019968783517663e-005 	4.0133998850844975e-004
4.9688000000000002e+003 	3.5900037182956036e-004 	1.7464555812370718e-005 	3.7646492764193095e-004
5.3783999999999996e+003 	3.1815103608114471e-004 	1.6391491940932126e-005 	3.3454252802207692e-004
5.7880000000000000e+003 	2.8329225006783356e-004 	1.5357926064663571e-005 	2.9865017613249706e-004
6.1976000000000004e+003 	2.5520301721066119e-004 	1.4378660945556849e-005 	2.6958167815621789e-004
6.6071999999999998e+003 	2.3164608298946481e-004 	1.3460060095381738e-005 	2.4510614308484658e-004
7.0168000000000002e+003 	2.1161428655816299e-004 	1.2602877155767390e-005 	2.2421716371393038e-004
7.4264000000000005e+003 	1.9436973041609407e-004 	1.1804823919398006e-005 	2.0617455433549208e-004
7.8360000000000000e+003 	1.7936652966172017e-004 	1.1062763311384947e-005 	1.9042929297310513e-004
8.2456000000000004e+003 	1.6619455371514423e-004 	1.0373296199097414e-005 	1.7656784991424161e-004
8.6552000000000007e+003 	1.5454019674261210e-004 	9.7328187371731961e-006 	1.6427301547978528e-004
9.0647999999999993e+003 	1.4415939352094704e-004 	9.1376115905574547e-006 	1.5329700511150447e-004
9.4743999999999996e+003 	1.3485902139783742e-004 	8.5980418569259941e-006 	1.4345706325476337e-004
1.0293600000000000e+004 	1.1916310062999385e-004 	7.6267154578284395e-006 	1.2678981608782230e-004
1.1112799999999999e+004 	1.0550067929956883e-004 	6.7507829270038432e-006 	1.1225146222657267e-004
1.1932000000000000e+004 	9.4443240622251118e-005 	5.9802428957900380e-006 	1.0042348351804118e-004
1.2751200000000001e+004 	8.5117331666060845e-005 	5.3023188642474987e-006 	9.0419650530308349e-005
1.3570400000000000e+004 	7.7166655536651057e-005 	4.7033949961333423e-006 	8.1870050532784378e-005
1.4389600000000000e+004 	7.0323490314941071e-005 	4.1721292946847897e-006 	7.4495619609625852e-005
1.5208799999999999e+004 	6.4384164345249688e-005 	3.6995596184937333e-006 	6.8083723963743425e-005
1.6027999999999998e+004 	5.9191318830696053e-005 	3.2784068744987597e-006 	6.2469725705194818e-005
1.6847200000000001e+004 	5.4621491842699555e-005 	2.9025752459448706e-006 	5.7524067088644448e-005
1.7666399999999998e+004 	5.0576448541656289e-005 	2.5668697534556794e-006 	5.3143318295111963e-005
1.8485600000000002e+004 	4.6977054640971863e-005 	2.2779142954418752e-006 	4.9254968936413722e-005
2.0124000000000000e+004 	4.0978017035875687e-005 	1.7885348333391286e-006 	4.2766551869214800e-005
2.1762399999999998e+004 	3.5798385260861630e-005 	1.3757062535895908e-006 	3.7174091514451230e-005
2.3400799999999999e+004 	3.1682578259017451e-005 	1.0435751362088252e-006 	3.2726153395226281e-005
2.5039200000000001e+004 	2.8260630266538131e-005 	7.7823995605326409e-007 	2.9038870222591404e-005
2.6677600000000002e+004 	2.5382589199972769e-005 	5.6691078486095200e-007 	2.5949499984833712e-005
2.8316000000000000e+004 	2.2936632357120154e-005 	3.7969706436742413e-007 	2.3316329421487571e-005
