-2550 0
-2.5500000000000000e+003 0.0000000000000000e+000 0.0000000000000000e+000
1
1 1 1 1
1
         t, ms                         dVp, mV                         dVs, mV                         dV, mV
5.0000000000000000e-001 	1.3769920912665240e-001 	-1.3611281178888171e-002 	1.2408792794776426e-001
5.9999999999999998e-001 	1.3787825850263791e-001 	-1.3610189619256806e-002 	1.2426806888338111e-001
6.9999999999999996e-001 	1.3799595432703218e-001 	-1.3608839889285818e-002 	1.2438711443774633e-001
8.0000000000000004e-001 	1.3808863565261748e-001 	-1.3607110600069708e-002 	1.2448152505254777e-001
9.0000000000000002e-001 	1.3816704122719167e-001 	-1.3605238246277579e-002 	1.2456180298091411e-001
1.0000000000000000e+000 	1.3823529517353592e-001 	-1.3603387188152462e-002 	1.2463190798538344e-001
1.1000000000000001e+000 	1.3829558884786372e-001 	-1.3601659331664523e-002 	1.2469392951619916e-001
1.2000000000000000e+000 	1.3834938327942908e-001 	-1.3600109600926745e-002 	1.2474927367850233e-001
1.3000000000000000e+000 	1.3839776290725667e-001 	-1.3598760078484408e-002 	1.2479900282877229e-001
1.3999999999999999e+000 	1.3844157045689043e-001 	-1.3597674302385633e-002 	1.2484389615450472e-001
1.6000000000000001e+000 	1.3989755019814798e-001 	-1.3596011687787752e-002 	1.2630153851036022e-001
1.8000000000000000e+000 	1.3858379153177861e-001 	-1.3594747752384100e-002 	1.2498904377939446e-001
2.0000000000000000e+000 	1.3863967815282677e-001 	-1.3593832861193041e-002 	1.2504584529163379e-001
2.2000000000000002e+000 	1.3868827223122843e-001 	-1.3593117020003119e-002 	1.2509515521122536e-001
2.3999999999999999e+000 	1.3873104144821879e-001 	-1.3592464288122974e-002 	1.2513857716009585e-001
2.6000000000000001e+000 	1.3876907715086376e-001 	-1.3591764444065926e-002 	1.2517731270679786e-001
2.7999999999999998e+000 	1.3880320316914679e-001 	-1.3590934477129115e-002 	1.2521226869201763e-001
3.0000000000000000e+000 	1.3883405316381187e-001 	-1.3589915788190934e-002 	1.2524413737562090e-001
3.2000000000000002e+000 	1.3886212368304227e-001 	-1.3588670057886920e-002 	1.2527345362515535e-001
3.3999999999999999e+000 	1.3888781042260653e-001 	-1.3587175145328836e-002 	1.2530063527727764e-001
3.6000000000000001e+000 	1.3891143335601461e-001 	-1.3585324390678694e-002 	1.2532610896533589e-001
4.0000000000000000e+000 	1.3945843954765444e-001 	-1.3580867677721577e-002 	1.2587757186993290e-001
4.4000000000000004e+000 	1.3899037803170297e-001 	-1.3575686514741683e-002 	1.2541469151696133e-001
4.7999999999999998e+000 	1.3902248247572094e-001 	-1.3569731767106498e-002 	1.2545275070861450e-001
5.2000000000000002e+000 	1.3905098587265863e-001 	-1.3563159199705913e-002 	1.2548782667295269e-001
5.5999999999999996e+000 	1.3907665421688092e-001 	-1.3556124592663981e-002 	1.2552052962421689e-001
6.0000000000000000e+000 	1.3910012894304979e-001 	-1.3548773023529716e-002 	1.2555135591952007e-001
6.4000000000000004e+000 	1.3912195005228750e-001 	-1.3541238793244897e-002 	1.2558071125904263e-001
6.7999999999999998e+000 	1.3914256461398261e-001 	-1.3533641632968031e-002 	1.2560892298101453e-001
7.2000000000000002e+000 	1.3916232791831301e-001 	-1.3526082711207019e-002 	1.2563624520710601e-001
7.5999999999999996e+000 	1.3918150362326134e-001 	-1.3518642966444196e-002 	1.2566286065681717e-001
8.0000000000000000e+000 	1.3920026660612037e-001 	-1.3511480267319975e-002 	1.2568878633880032e-001
8.8000000000000007e+000 	1.3951242522535451e-001 	-1.3497903012049879e-002 	1.2601452221330464e-001
9.5999999999999996e+000 	1.3927175123626540e-001 	-1.3485173669304388e-002 	1.2578657756696107e-001
1.0400000000000000e+001 	1.3930436861619760e-001 	-1.3473423320467233e-002 	1.2583094529573036e-001
1.1199999999999999e+001 	1.3933361134115849e-001 	-1.3462567666446403e-002 	1.2587104367471211e-001
1.2000000000000000e+001 	1.3935827953751204e-001 	-1.3452439421949120e-002 	1.2590584011556288e-001
1.2800000000000001e+001 	1.3937717955790899e-001 	-1.3442805329124386e-002 	1.2593437422878456e-001
1.3600000000000000e+001 	1.3938922167354750e-001 	-1.3433384599364275e-002 	1.2595583707418329e-001
1.4400000000000000e+001 	1.3939346860464524e-001 	-1.3423863574152263e-002 	1.2596960503049298e-001
1.5199999999999999e+001 	1.3938914866910340e-001 	-1.3413906759182272e-002 	1.2597524190992113e-001
1.6000000000000000e+001 	1.3937564733371016e-001 	-1.3403166293541794e-002 	1.2597248104016834e-001
1.6800000000000001e+001 	1.3935248797731614e-001 	-1.3391290875167485e-002 	1.2596119710214868e-001
1.7600000000000001e+001 	1.3931930914760596e-001 	-1.3377934220419671e-002 	1.2594137492718632e-001
1.8399999999999999e+001 	1.3927584259768358e-001 	-1.3361813051357916e-002 	1.2591402954632563e-001
2.0000000000000000e+001 	1.3930770253776190e-001 	-1.3322151112740301e-002 	1.2598555142502160e-001
2.1600000000000001e+001 	1.3899591727027946e-001 	-1.3273385975271597e-002 	1.2572253129500785e-001
2.3199999999999999e+001 	1.3879172014178279e-001 	-1.3212786861240205e-002 	1.2557893328054257e-001
2.4800000000000001e+001 	1.3854474858380228e-001 	-1.3139224342014599e-002 	1.2540552424178769e-001
2.6399999999999999e+001 	1.3825549109376464e-001 	-1.3052112751497719e-002 	1.2520337834226689e-001
2.8000000000000000e+001 	1.3792474410356709e-001 	-1.2951346688285049e-002 	1.2497339741528203e-001
2.9600000000000001e+001 	1.3755357419332870e-001 	-1.2837250760819895e-002 	1.2471632343250874e-001
3.1199999999999999e+001 	1.3714328437144269e-001 	-1.2710496794669296e-002 	1.2443278757677344e-001
3.2800000000000004e+001 	1.3669538091794076e-001 	-1.2572013825512238e-002 	1.2412336709242855e-001
3.4399999999999999e+001 	1.3621153919858175e-001 	-1.2422908764876129e-002 	1.2378863043370557e-001
3.6000000000000000e+001 	1.3569356856395051e-001 	-1.2264399358901253e-002 	1.2342916920504933e-001
3.7600000000000001e+001 	1.3514337736831944e-001 	-1.2095619275421000e-002 	1.2304775809289846e-001
4.0800000000000004e+001 	1.3401661336660944e-001 	-1.1740477936401353e-002 	1.2227613543020802e-001
4.4000000000000000e+001 	1.3266629565612884e-001 	-1.1373430206055800e-002 	1.2129286545007303e-001
4.7199999999999996e+001 	1.3128644287744340e-001 	-1.0997362231243349e-002 	1.2028908064620007e-001
5.0399999999999999e+001 	1.2983192452155023e-001 	-1.0618320064679040e-002 	1.1921360445687121e-001
5.3600000000000001e+001 	1.2831636417848410e-001 	-1.0241538920269615e-002 	1.1807482525821453e-001
5.6800000000000004e+001 	1.2675217096223090e-001 	-9.8711465274914957e-003 	1.1688102443473943e-001
6.0000000000000000e+001 	1.2515043174206239e-001 	-9.5101700706701191e-003 	1.1564026167139232e-001
6.3200000000000003e+001 	1.2352090723049512e-001 	-9.1606709233440393e-003 	1.1436023630715106e-001
6.6400000000000006e+001 	1.2187209240624543e-001 	-8.8239233231068460e-003 	1.1304816908313854e-001
6.9599999999999994e+001 	1.2021131377944658e-001 	-8.5005913482680412e-003 	1.1171072243117845e-001
7.2799999999999997e+001 	1.1854484424355048e-001 	-8.1959736397621240e-003 	1.1034887060378838e-001
7.9200000000000003e+001 	1.1525185570749155e-001 	-7.6273772433257288e-003 	1.0762447846416580e-001
8.5599999999999994e+001 	1.1192633069260415e-001 	-7.0985645069578289e-003 	1.0482776618564629e-001
9.2000000000000000e+001 	1.0868481584650418e-001 	-6.6141591106008094e-003 	1.0207065673590342e-001
9.8400000000000006e+001 	1.0551263737150238e-001 	-6.1706555952499237e-003 	9.9341981776252475e-002
1.0480000000000001e+002 	1.0242140184310830e-001 	-5.7640400332139956e-003 	9.6657361809894329e-002
1.1119999999999999e+002 	9.9418700739927535e-002 	-5.3904453852603078e-003 	9.4028255354667231e-002
1.1759999999999999e+002 	9.6509090234607173e-002 	-5.0463827741409921e-003 	9.1462707460466156e-002
1.2400000000000000e+002 	9.3694880993623622e-002 	-4.7287928856248876e-003 	8.8966088107998692e-002
1.3039999999999998e+002 	9.0976741668960623e-002 	-4.4350241662507121e-003 	8.6541717502709919e-002
1.3680000000000001e+002 	8.8354149947198923e-002 	-4.1627848080250714e-003 	8.4191365139173857e-002
1.4319999999999999e+002 	8.5825727205991340e-002 	-3.9164239962782071e-003 	8.1909303209713111e-002
1.5600000000000000e+002 	8.1092225655219882e-002 	-3.4749242389181720e-003 	7.7617301416301743e-002
1.6880000000000001e+002 	7.6599555425315838e-002 	-3.0795974849960311e-003 	7.3519957940319805e-002
1.8160000000000002e+002 	7.2483849905262687e-002 	-2.7337798636756830e-003 	6.9750070041587037e-002
1.9439999999999998e+002 	6.8669154033014310e-002 	-2.4314744538365407e-003 	6.6237679579177769e-002
2.0719999999999999e+002 	6.5132219354350290e-002 	-2.1669462715485136e-003 	6.2965273082801809e-002
2.2000000000000000e+002 	6.1850617973351771e-002 	-1.9351284465826211e-003 	5.9915489526769151e-002
2.3280000000000001e+002 	5.8803199214488844e-002 	-1.7316422441812553e-003 	5.7071556970307601e-002
2.4560000000000002e+002 	5.5970309549494987e-002 	-1.5527299751555239e-003 	5.4417579574339459e-002
2.5840000000000003e+002 	5.3333861850904107e-002 	-1.3951729901245222e-003 	5.1938688860779562e-002
2.7119999999999999e+002 	5.0877313896034948e-002 	-1.2562124349161771e-003 	4.9621101461118769e-002
2.8400000000000000e+002 	4.8585595741154931e-002 	-1.1334787414139815e-003 	4.7452116999740945e-002
2.9680000000000001e+002 	4.6445011110515327e-002 	-1.0249315392189078e-003 	4.5420079571296394e-002
3.0959999999999997e+002 	4.4443128215189913e-002 	-9.3246632237277774e-004 	4.3510661892817132e-002
3.3519999999999999e+002 	4.0853070909402073e-002 	-7.7779928298831130e-004 	4.0075271626413764e-002
3.6080000000000001e+002 	3.7587271489549455e-002 	-6.4873525909239207e-004 	3.6938536230457064e-002
3.8640000000000003e+002 	3.4746586483205534e-002 	-5.4561179091383604e-004 	3.4200974692291698e-002
4.1200000000000000e+002 	3.2223786630278757e-002 	-4.6349460927132692e-004 	3.1760292021007427e-002
4.3759999999999997e+002 	2.9973920481111086e-002 	-3.9810133602978992e-004 	2.9575819145081287e-002
4.6319999999999999e+002 	2.7959269213973834e-002 	-3.4596033970665021e-004 	2.7613308874267186e-002
4.8880000000000001e+002 	2.6148196935753498e-002 	-3.0431536357196197e-004 	2.5843881572181527e-002
5.1439999999999998e+002 	2.4514099725045205e-002 	-2.7099412857122462e-004 	2.4243105596473982e-002
5.4000000000000000e+002 	2.3034517377017560e-002 	-2.4428788945945204e-004 	2.2790229487558104e-002
5.6560000000000002e+002 	2.1690404424681769e-002 	-2.2285143552392396e-004 	2.1467552989157843e-002
5.9119999999999993e+002 	2.0465538087081177e-002 	-2.0562322738205120e-004 	2.0259914859699125e-002
6.1680000000000007e+002 	1.9346038448570455e-002 	-1.9243500702045629e-004 	1.9153603441550003e-002
6.6800000000000000e+002 	1.7400875817396043e-002 	-1.7306415317677398e-004 	1.7227811664219269e-002
7.1919999999999993e+002 	1.5683557097532733e-002 	-1.5924046045479029e-004 	1.5524316637077949e-002
7.7039999999999998e+002 	1.4245775867942586e-002 	-1.5018531609117754e-004 	1.4095590551851406e-002
8.2160000000000002e+002 	1.3006486784245645e-002 	-1.4421211306029865e-004 	1.2862274671185345e-002
8.7280000000000007e+002 	1.1929896440180724e-002 	-1.4018350485100000e-004 	1.1789712935329722e-002
9.2400000000000000e+002 	1.0987802691727982e-002 	-1.3735690336728152e-004 	1.0850445788360698e-002
9.7519999999999993e+002 	1.0157889486133272e-002 	-1.3523456952371112e-004 	1.0022654916609567e-002
1.0264000000000001e+003 	9.4223574212591050e-003 	-1.3347976814849101e-004 	9.2888776531106151e-003
1.0775999999999999e+003 	8.7668783517862812e-003 	-1.3186828340471424e-004 	8.6350100683815698e-003
1.1288000000000000e+003 	8.1798105272398898e-003 	-1.3025545333532343e-004 	8.0495550739045647e-003
1.1800000000000000e+003 	7.6516101549753837e-003 	-1.2827392572209960e-004 	7.5233362292532815e-003
1.2824000000000001e+003 	6.7518608918598734e-003 	-1.2386457511779915e-004 	6.6279963167420776e-003
1.3848000000000000e+003 	5.9743727350051413e-003 	-1.1952671942925224e-004 	5.8548460155758899e-003
1.4872000000000000e+003 	5.3391147352927640e-003 	-1.1469685911758983e-004 	5.2244178761751744e-003
1.5895999999999999e+003 	4.8023209213487669e-003 	-1.0924970705037792e-004 	4.6930712142983881e-003
1.6920000000000000e+003 	4.3442513429287899e-003 	-1.0333180621812010e-004 	4.2409195367106699e-003
1.7944000000000001e+003 	3.9499141980461755e-003 	-9.7141293181453396e-005 	3.8527729048647226e-003
1.8968000000000000e+003 	3.6078161955337921e-003 	-9.0843298844141745e-005 	3.5169728966896506e-003
1.9992000000000000e+003 	3.3090268518431668e-003 	-8.4563357842125408e-005 	3.2244634940010401e-003
2.1015999999999999e+003 	3.0465066534691061e-003 	-7.8396558100126117e-005 	2.9681100953689787e-003
2.2040000000000000e+003 	2.8146298675617220e-003 	-7.2414601821111204e-005 	2.7422152657406110e-003
2.3064000000000001e+003 	2.6088440739642491e-003 	-6.6628061098489400e-005 	2.5422160128657596e-003
2.5112000000000003e+003 	2.2647636189793456e-003 	-5.6016141928995351e-005 	2.2087474770503502e-003
2.7160000000000000e+003 	1.9747703583886610e-003 	-4.6831366911299648e-005 	1.9279389914773622e-003
2.9207999999999997e+003 	1.7443359469405018e-003 	-3.8809275322783398e-005 	1.7055266716177184e-003
3.1255999999999999e+003 	1.5546060689537980e-003 	-3.1812108806651270e-005 	1.5227939601471471e-003
3.3304000000000001e+003 	1.3966460683100001e-003 	-2.5800196026082597e-005 	1.3708458722839173e-003
3.5352000000000003e+003 	1.2637556791039036e-003 	-2.0706857926318513e-005 	1.2430488211775854e-003
3.7400000000000000e+003 	1.1508735502665532e-003 	-1.6431856807921825e-005 	1.1344416934586314e-003
3.9447999999999997e+003 	1.0541338683889888e-003 	-1.2864299543615802e-005 	1.0412695688453730e-003
4.1496000000000004e+003 	9.7054859961548108e-004 	-9.8979813425019672e-006 	9.6065061827297867e-004
4.3543999999999996e+003 	8.9778161729105351e-004 	-7.4376614328071256e-006 	8.9034395585824632e-004
4.5591999999999998e+003 	8.3398719918556931e-004 	-5.4006240881018216e-006 	8.2858657509746734e-004
4.7640000000000000e+003 	7.7769315324562158e-004 	-3.7162828264006450e-006 	7.7397687041922065e-004
4.9688000000000002e+003 	7.2771505311272026e-004 	-2.3440257070652115e-006 	7.2537102740565537e-004
5.3783999999999996e+003 	6.4395106946160306e-004 	-2.8724135015527739e-007 	6.4366382811144784e-004
5.7880000000000000e+003 	5.7262955676054984e-004 	1.1183748861180435e-006 	5.7374793164666779e-004
6.1976000000000004e+003 	5.1531269782639202e-004 	2.0873986915211465e-006 	5.1740009651791324e-004
6.6071999999999998e+003 	4.6734150444275175e-004 	2.7602497994320395e-006 	4.7010175424218374e-004
7.0168000000000002e+003 	4.2661815627019245e-004 	3.2121215949586591e-006 	4.2983027786515105e-004
7.4264000000000005e+003 	3.9161096098093353e-004 	3.5035023003128227e-006 	3.9511446328124639e-004
7.8360000000000000e+003 	3.6119038737259955e-004 	3.6832472792481263e-006 	3.6487363465184756e-004
8.2456000000000004e+003 	3.3451019986144721e-004 	3.7874541378115068e-006 	3.3829765399925860e-004
8.6552000000000007e+003 	3.1092491786460536e-004 	3.8413832496310640e-006 	3.1476630111423642e-004
9.0647999999999993e+003 	2.8993326012975831e-004 	3.8623268822529725e-006 	2.9379558701201133e-004
9.4743999999999996e+003 	2.7113930313606355e-004 	3.8892171756224990e-006 	2.7502852031168607e-004
1.0293600000000000e+004 	2.3945078981250581e-004 	3.8852623752347563e-006 	2.4333605218774057e-004
1.1112799999999999e+004 	2.1188593256378375e-004 	3.7931048410600087e-006 	2.1567903740484385e-004
1.1932000000000000e+004 	1.8960131586291871e-004 	3.7231377444618270e-006 	1.9332445360738048e-004
1.2751200000000001e+004 	1.7082042441621367e-004 	3.6746557101612003e-006 	1.7449508012637492e-004
1.3570400000000000e+004 	1.5481912162007851e-004 	3.6366585278210789e-006 	1.5845578014789954e-004
1.4389600000000000e+004 	1.4105411146491344e-004 	3.6056246705199162e-006 	1.4465973613543332e-004
1.5208799999999999e+004 	1.2911263174671117e-004 	3.5804723019549268e-006 	1.3269310404866608e-004
1.6027999999999998e+004 	1.1867614755764225e-004 	3.5600190674120646e-006 	1.2223616662505432e-004
1.6847200000000001e+004 	1.0949498668115981e-004 	3.5427765519422148e-006 	1.1303776323310201e-004
1.7666399999999998e+004 	1.0137065992644094e-004 	3.5272235677216750e-006 	1.0489788349416262e-004
1.8485600000000002e+004 	9.4143387865103082e-005 	3.5239440770029032e-006 	9.7667331942105976e-005
2.0124000000000000e+004 	8.2102395621863836e-005 	3.4989706008569169e-006 	8.5601366222720697e-005
2.1762399999999998e+004 	7.1708703184933782e-005 	3.4360787649794764e-006 	7.5144781949913265e-005
2.3400799999999999e+004 	6.3453497982478662e-005 	3.3765752444333031e-006 	6.6830073226911956e-005
2.5039200000000001e+004 	5.6592083172110261e-005 	3.3114608219708527e-006 	5.9903543994081110e-005
2.6677600000000002e+004 	5.0822740727682874e-005 	3.2362706037684753e-006 	5.4059011331451360e-005
2.8316000000000000e+004 	4.5920608784448756e-005 	3.1559147408705655e-006 	4.9076523525319344e-005
-2850 0
-2.8500000000000000e+003 0.0000000000000000e+000 0.0000000000000000e+000
1
1 1 1 1
1
         t, ms                         dVp, mV                         dVs, mV                         dV, mV
5.0000000000000000e-001 	1.1037266996818915e-001 	-1.4698861560725895e-002 	9.5673808407463243e-002
5.9999999999999998e-001 	1.1051154623524258e-001 	-1.4681440977318851e-002 	9.5830105257923764e-002
6.9999999999999996e-001 	1.1060283511033457e-001 	-1.4665015843413568e-002 	9.5937819266920965e-002
8.0000000000000004e-001 	1.1067472187517781e-001 	-1.4650458980577917e-002 	9.6024262894599907e-002
9.0000000000000002e-001 	1.1073553579455669e-001 	-1.4637545415088080e-002 	9.6097990379468590e-002
1.0000000000000000e+000 	1.1078847569303714e-001 	-1.4626086776401403e-002 	9.6162388916635769e-002
1.1000000000000001e+000 	1.1083524128373469e-001 	-1.4615922024583398e-002 	9.6219319259151323e-002
1.2000000000000000e+000 	1.1087696580882894e-001 	-1.4606908441720126e-002 	9.6270057367108808e-002
1.3000000000000000e+000 	1.1091449040949680e-001 	-1.4598915938162857e-002 	9.6315574471333987e-002
1.3999999999999999e+000 	1.1094846873940711e-001 	-1.4592088632694589e-002 	9.6356380106712478e-002
1.6000000000000001e+000 	1.1207774191600255e-001 	-1.4580593294884276e-002 	9.7497148621118246e-002
1.8000000000000000e+000 	1.1105877904254498e-001 	-1.4570847627211361e-002 	9.6487931415333669e-002
2.0000000000000000e+000 	1.1110212601825853e-001 	-1.4562801137315201e-002 	9.6539324880943300e-002
2.2000000000000002e+000 	1.1113981666751571e-001 	-1.4556020088380563e-002 	9.6583796579135128e-002
2.3999999999999999e+000 	1.1117298937621398e-001 	-1.4550124172439947e-002 	9.6622865203774042e-002
2.6000000000000001e+000 	1.1120249063095260e-001 	-1.4544808986505309e-002 	9.6657681644447269e-002
2.7999999999999998e+000 	1.1122895942174195e-001 	-1.4539842926789026e-002 	9.6689116494952917e-002
3.0000000000000000e+000 	1.1125288723594440e-001 	-1.4535056109181687e-002 	9.6717831126762646e-002
3.2000000000000002e+000 	1.1127465921242756e-001 	-1.4530328060961373e-002 	9.6744331151466231e-002
3.3999999999999999e+000 	1.1129458226502256e-001 	-1.4525576611866800e-002 	9.6769005653155785e-002
3.6000000000000001e+000 	1.1131290457559886e-001 	-1.4520702125752903e-002 	9.6792202449845988e-002
4.0000000000000000e+000 	1.1173716804411951e-001 	-1.4510605849388991e-002 	9.7226562194730498e-002
4.4000000000000004e+000 	1.1137413514131411e-001 	-1.4500131422517840e-002 	9.6874003718796314e-002
4.7999999999999998e+000 	1.1139903566469082e-001 	-1.4489257275773774e-002 	9.6909778388917081e-002
5.2000000000000002e+000 	1.1142114291461107e-001 	-1.4478084541394863e-002 	9.6943058373216220e-002
5.5999999999999996e+000 	1.1144105059383107e-001 	-1.4466736641685927e-002 	9.6974313952145189e-002
6.0000000000000000e+000 	1.1145925538200842e-001 	-1.4455341894540917e-002 	9.7003913487467508e-002
6.4000000000000004e+000 	1.1147617468715942e-001 	-1.4444024714220693e-002 	9.7032149972938742e-002
6.7999999999999998e+000 	1.1149215305380576e-001 	-1.4432897664750692e-002 	9.7059255389055091e-002
7.2000000000000002e+000 	1.1150746288971987e-001 	-1.4422055993957329e-002 	9.7085406895762505e-002
7.5999999999999996e+000 	1.1152230445443165e-001 	-1.4411575285088454e-002 	9.7110729169343213e-002
8.0000000000000000e+000 	1.1153680799590411e-001 	-1.4401694421531889e-002 	9.7135113574372170e-002
8.8000000000000007e+000 	1.1177871814781802e-001 	-1.4383370527712292e-002 	9.7395347620105752e-002
9.5999999999999996e+000 	1.1159169724075174e-001 	-1.4366559758941798e-002 	9.7225137481809942e-002
1.0400000000000000e+001 	1.1161638152126090e-001 	-1.4351460100184180e-002 	9.7264921421076705e-002
1.1199999999999999e+001 	1.1163810940863106e-001 	-1.4337904660549404e-002 	9.7300204748081681e-002
1.2000000000000000e+001 	1.1165585416211896e-001 	-1.4325618466142550e-002 	9.7330235695976430e-002
1.2800000000000001e+001 	1.1166858932839011e-001 	-1.4314253819684219e-002 	9.7354335508705939e-002
1.3600000000000000e+001 	1.1167536662118882e-001 	-1.4303416802793727e-002 	9.7371949818395101e-002
1.4400000000000000e+001 	1.1167535497902048e-001 	-1.4292686751795911e-002 	9.7382668227224578e-002
1.5199999999999999e+001 	1.1166785166906060e-001 	-1.4281631025569938e-002 	9.7386220643490645e-002
1.6000000000000000e+001 	1.1165227634815510e-001 	-1.4269817041317514e-002 	9.7382459306837574e-002
1.6800000000000001e+001 	1.1162815665837249e-001 	-1.4256822451859184e-002 	9.7371334206513269e-002
1.7600000000000001e+001 	1.1159511113968321e-001 	-1.4242243737204289e-002 	9.7352867402478907e-002
1.8399999999999999e+001 	1.1155283285070983e-001 	-1.4224679608302064e-002 	9.7328153242407803e-002
2.0000000000000000e+001 	1.1155576924605128e-001 	-1.4181531523359355e-002 	9.7374237722691923e-002
2.1600000000000001e+001 	1.1128683229315177e-001 	-1.4128584972930076e-002 	9.7158247320221686e-002
2.3199999999999999e+001 	1.1109425535525523e-001 	-1.4062999444080829e-002 	9.7031255911174411e-002
2.4800000000000001e+001 	1.1086131208152457e-001 	-1.3983696873981504e-002 	9.6877615207543080e-002
2.6399999999999999e+001 	1.1058800344869761e-001 	-1.3890193944469015e-002 	9.6697809504228599e-002
2.8000000000000000e+001 	1.1027469537396845e-001 	-1.3782517158211379e-002 	9.6492178215757091e-002
2.9600000000000001e+001 	1.0992209079300562e-001 	-1.3661123459181447e-002 	9.6260967333824193e-002
3.1199999999999999e+001 	1.0953119800344246e-001 	-1.3526806360558507e-002 	9.6004391642883935e-002
3.2800000000000004e+001 	1.0910329466061622e-001 	-1.3380603908836004e-002 	9.5722690751780193e-002
3.4399999999999999e+001 	1.0863988794102648e-001 	-1.3223717852874626e-002 	9.5416170088151842e-002
3.6000000000000000e+001 	1.0814267242484056e-001 	-1.3057444726042394e-002 	9.5085227698798166e-002
3.7600000000000001e+001 	1.0761348765763727e-001 	-1.2881038032547068e-002 	9.4732449625090184e-002
4.0800000000000004e+001 	1.0651538055543955e-001 	-1.2511074950194942e-002 	9.4004305605244615e-002
4.4000000000000000e+001 	1.0522293939996313e-001 	-1.2129731314582327e-002 	9.3093208085380783e-002
4.7199999999999996e+001 	1.0388841774442355e-001 	-1.1740007040337166e-002 	9.2148410704086359e-002
5.0399999999999999e+001 	1.0248128716039667e-001 	-1.1347927604082906e-002 	9.1133359556313784e-002
5.3600000000000001e+001 	1.0101579913965693e-001 	-1.0958651963799594e-002 	9.0057147175857347e-002
5.6800000000000004e+001 	9.9505001150501204e-002 	-1.0576206742503962e-002 	8.8928794407997253e-002
6.0000000000000000e+001 	9.7960578831307557e-002 	-1.0203521504658610e-002 	8.7757057326648943e-002
6.3200000000000003e+001 	9.6392819325364851e-002 	-9.8425806967865521e-003 	8.6550238628578260e-002
6.6400000000000006e+001 	9.4810653303756390e-002 	-9.4946076007219864e-003 	8.5316045703034429e-002
6.9599999999999994e+001 	9.3221744750659460e-002 	-9.1602401843019869e-003 	8.4061504566357512e-002
7.2799999999999997e+001 	9.1632606104809222e-002 	-8.8448594681894092e-003 	8.2787746636619808e-002
7.9200000000000003e+001 	8.8505429570243099e-002 	-8.2554346557500800e-003 	8.0249994914492959e-002
8.5599999999999994e+001 	8.5379469734404217e-002 	-7.7066882387785739e-003 	7.7672781495625634e-002
9.2000000000000000e+001 	8.2353343138295412e-002 	-7.2035929721115102e-003 	7.5149750166183887e-002
9.8400000000000006e+001 	7.9416763921893035e-002 	-6.7428730134852944e-003 	7.2673890908407715e-002
1.0480000000000001e+002 	7.6579583434207316e-002 	-6.3206872065603896e-003 	7.0258896227646958e-002
1.1119999999999999e+002 	7.3847401115503669e-002 	-5.9332664109936909e-003 	6.7914134704509965e-002
1.1759999999999999e+002 	7.1222689186106275e-002 	-5.5771453405435703e-003 	6.5645543845562704e-002
1.2400000000000000e+002 	6.8705688517755936e-002 	-5.2492258959808873e-003 	6.3456462621775081e-002
1.3039999999999998e+002 	6.6295083214962164e-002 	-4.9467702701671010e-003 	6.1348312944795064e-002
1.3680000000000001e+002 	6.3988494862795356e-002 	-4.6673668307708515e-003 	5.9321128032024516e-002
1.4319999999999999e+002 	6.1782839806482158e-002 	-4.4156398121972243e-003 	5.7367199994284933e-002
1.5600000000000000e+002 	5.7700330591786059e-002 	-3.9667417610490885e-003 	5.3733588830736971e-002
1.6880000000000001e+002 	5.3883634154818498e-002 	-3.5666319533242796e-003 	5.0317002201494210e-002
1.8160000000000002e+002 	5.0439581027142709e-002 	-3.2184892897616779e-003 	4.7221091737381024e-002
1.9439999999999998e+002 	4.7293026844974231e-002 	-2.9155585499192351e-003 	4.4377468295054970e-002
2.0719999999999999e+002 	4.4415771394685624e-002 	-2.6513984785650614e-003 	4.1764372916120555e-002
2.2000000000000000e+002 	4.1781646065935381e-002 	-2.4203461000882349e-003 	3.9361299965847148e-002
2.3280000000000001e+002 	3.9366750158909475e-002 	-2.2175642720392271e-003 	3.7149185886870252e-002
2.4560000000000002e+002 	3.7149470724845909e-002 	-2.0389694971316959e-003 	3.5110501227714190e-002
2.5840000000000003e+002 	3.5110384121201821e-002 	-1.8811273631715087e-003 	3.3229256758030318e-002
2.7119999999999999e+002 	3.3232098856612706e-002 	-1.7411480837242711e-003 	3.1490950772888437e-002
2.8400000000000000e+002 	3.1499074966714335e-002 	-1.6165944117112791e-003 	2.9882480555003053e-002
2.9680000000000001e+002 	2.9897439965791559e-002 	-1.5054045582345368e-003 	2.8392035407557019e-002
3.0959999999999997e+002 	2.8414812165685869e-002 	-1.4092463427464808e-003 	2.7005565822939389e-002
3.3519999999999999e+002 	2.5794564911092818e-002 	-1.2449614522278239e-003 	2.4549603458864987e-002
3.6080000000000001e+002 	2.3446904653752466e-002 	-1.1041558112313643e-003 	2.2342748842521111e-002
3.8640000000000003e+002 	2.1443115768438450e-002 	-9.8721426303565374e-004 	2.0455901505402805e-002
4.1200000000000000e+002 	1.9691838784616576e-002 	-8.8970094544393299e-004 	1.8802137839172638e-002
4.3759999999999997e+002 	1.8153012806261349e-002 	-8.0777014207714126e-004 	1.7345242664184204e-002
4.6319999999999999e+002 	1.6793801730456713e-002 	-7.3832569355497123e-004 	1.6055476036901748e-002
4.8880000000000001e+002 	1.5587283771228994e-002 	-6.7894008954766567e-004 	1.4908343681681330e-002
5.1439999999999998e+002 	1.4511304611553557e-002 	-6.2772160924018351e-004 	1.3883583002313375e-002
5.4000000000000000e+002 	1.3547539398757330e-002 	-5.8319136740347499e-004 	1.2964348031353858e-002
5.6560000000000002e+002 	1.2680744974623463e-002 	-5.4418553509362466e-004 	1.2136559439529841e-002
5.9119999999999993e+002 	1.1898168790940661e-002 	-5.0978106018934944e-004 	1.1388387730751310e-002
6.1680000000000007e+002 	1.1189081993685016e-002 	-4.8024615863788791e-004 	1.0708835835047125e-002
6.6800000000000000e+002 	9.9713515860091542e-003 	-4.3004802415236624e-004 	9.5413035618567895e-003
7.1919999999999993e+002 	8.9086488633243546e-003 	-3.8722235837297181e-004 	8.5214265049513866e-003
7.7039999999999998e+002 	8.0318505317004737e-003 	-3.5162981387372449e-004 	7.6802207178267483e-003
8.2160000000000002e+002 	7.2848332855574866e-003 	-3.2169924676124208e-004 	6.9631340387962459e-003
8.7280000000000007e+002 	6.6425447908975161e-003 	-2.9619291078398791e-004 	6.3463518801135299e-003
9.2400000000000000e+002 	6.0856213017164889e-003 	-2.7418634489324254e-004 	5.8114349568232446e-003
9.7519999999999993e+002 	5.5990107751087382e-003 	-2.5498420424490472e-004 	5.3440265708638328e-003
1.0264000000000001e+003 	5.1708995041056674e-003 	-2.3805563222497884e-004 	4.9328438718806884e-003
1.0775999999999999e+003 	4.7919136830782598e-003 	-2.2299118323387972e-004 	4.5689224998443790e-003
1.1288000000000000e+003 	4.4545340384426696e-003 	-2.0947239984449073e-004 	4.2450616385981792e-003
1.1800000000000000e+003 	4.1526664351000135e-003 	-1.9751940947466710e-004 	3.9551470256253456e-003
1.2824000000000001e+003 	3.6420669124708708e-003 	-1.7661681202368521e-004 	3.4654501004471859e-003
1.3848000000000000e+003 	3.2042519222335235e-003 	-1.5842861453533720e-004 	3.0458233076981868e-003
1.4872000000000000e+003 	2.8496875401358788e-003 	-1.4277506385789205e-004 	2.7069124762779881e-003
1.5895999999999999e+003 	2.5522188171152775e-003 	-1.2909232719869522e-004 	2.4231264899165828e-003
1.6920000000000000e+003 	2.2999698043404933e-003 	-1.1700637991820964e-004 	2.1829634244222833e-003
1.7944000000000001e+003 	2.0840212706844529e-003 	-1.0625748937348006e-004 	1.9777637813109730e-003
1.8968000000000000e+003 	1.8976054314446419e-003 	-9.6647133906090018e-005 	1.8009582975385522e-003
1.9992000000000000e+003 	1.7355120917941121e-003 	-8.8017676722521195e-005 	1.6474944150715906e-003
2.1015999999999999e+003 	1.5936679977776905e-003 	-8.0242776966766948e-005 	1.5134252208109232e-003
2.2040000000000000e+003 	1.4688417362915842e-003 	-7.3220088219932438e-005 	1.3956216480716522e-003
2.3064000000000001e+003 	1.3584355259741445e-003 	-6.7004694765242202e-005 	1.2914308312089019e-003
2.5112000000000003e+003 	1.1745959449069828e-003 	-5.6285288927323771e-005 	1.1183106559796586e-003
2.7160000000000000e+003 	1.0204332485426783e-003 	-4.7229895405640256e-005 	9.7320335313703802e-004
2.9207999999999997e+003 	8.9859139318143729e-004 	-3.9720936163119111e-005 	8.5887045701831823e-004
3.1255999999999999e+003 	7.9872275036205111e-004 	-3.3469562576082481e-005 	7.6525318778596855e-004
3.3304000000000001e+003 	7.1590659899112654e-004 	-2.8272395020783746e-005 	6.8763420397034280e-004
3.5352000000000003e+003 	6.4647800019180070e-004 	-2.3958787137864288e-005 	6.2251921305393645e-004
3.7400000000000000e+003 	5.8768596091460928e-004 	-2.0377933208007013e-005 	5.6730802770660219e-004
3.9447999999999997e+003 	5.3744122293920751e-004 	-1.7400332239634942e-005 	5.2004089069957263e-004
4.1496000000000004e+003 	4.9413702980328350e-004 	-1.4918005897905816e-005 	4.7921902390537775e-004
4.3543999999999996e+003 	4.5652273577675436e-004 	-1.2842293921628799e-005 	4.4368044185512547e-004
4.5591999999999998e+003 	4.2361410190967319e-004 	-1.1100826337999887e-005 	4.1251327557167327e-004
4.7640000000000000e+003 	3.9462881569793910e-004 	-9.6346191504816198e-006 	3.8499419654745750e-004
4.9688000000000002e+003 	3.6893945735716173e-004 	-8.4304356660665253e-006 	3.6050902169109517e-004
5.3783999999999996e+003 	3.2597710881175819e-004 	-6.5398139917481699e-006 	3.1943729482001015e-004
5.7880000000000000e+003 	2.8947731952916821e-004 	-5.1026893725109721e-006 	2.8437463015665732e-004
6.1976000000000004e+003 	2.6022336994346233e-004 	-4.0217452915444762e-006 	2.5620162465191798e-004
6.6071999999999998e+003 	2.3578927601893482e-004 	-3.1947230184120692e-006 	2.3259455300052279e-004
7.0168000000000002e+003 	2.1508245349694921e-004 	-2.5580350521358196e-006 	2.1252441844481332e-004
7.4264000000000005e+003 	1.9730781815070251e-004 	-2.0629718157472028e-006 	1.9524484633495531e-004
7.8360000000000000e+003 	1.8188085205739194e-004 	-1.6719324773201374e-006 	1.8020891958007179e-004
8.2456000000000004e+003 	1.6836485030767906e-004 	-1.3572775788771086e-006 	1.6700757272880196e-004
8.6552000000000007e+003 	1.5642751599571059e-004 	-1.0992587045323614e-006 	1.5532825729117829e-004
9.0647999999999993e+003 	1.4581132907085680e-004 	-8.8383922479815692e-007 	1.4492748984605864e-004
9.4743999999999996e+003 	1.3631326483894081e-004 	-6.9563626391440383e-007 	1.3561762857502635e-004
1.0293600000000000e+004 	1.2031379264157159e-004 	-3.9713383288700161e-007 	1.1991665880868458e-004
1.1112799999999999e+004 	1.0640579000843285e-004 	-1.7971095510202698e-007 	1.0622607905333079e-004
1.1932000000000000e+004 	9.5174673822840658e-005 	4.5187975921751533e-009 	9.5179192620432860e-005
1.2751200000000001e+004 	8.5716695981323900e-005 	1.6434987816425363e-007 	8.5881045859488177e-005
1.3570400000000000e+004 	7.7663749362250588e-005 	3.0173096404652868e-007 	7.7965480326297104e-005
1.4389600000000000e+004 	7.0740077901137503e-005 	4.2036966548795684e-007 	7.1160447566625434e-005
1.5208799999999999e+004 	6.4736465426724747e-005 	5.2388008263038705e-007 	6.5260345509355117e-005
1.6027999999999998e+004 	5.9491647308693697e-005 	6.1488763975059442e-007 	6.0106534948444303e-005
1.6847200000000001e+004 	5.4879349512353840e-005 	6.9516573660902086e-007 	5.5574515248962847e-005
1.7666399999999998e+004 	5.0799270835613687e-005 	7.6594676595186139e-007 	5.1565217601565549e-005
1.8485600000000002e+004 	4.7170731080243291e-005 	8.3077122205698939e-007 	4.8001502302300289e-005
2.0124000000000000e+004 	4.1127779517571241e-005 	9.3175301834377876e-007 	4.2059532535915015e-005
2.1762399999999998e+004 	3.5912919054211645e-005 	9.9917286928335311e-007 	3.6912091923494995e-005
2.3400799999999999e+004 	3.1772972738470312e-005 	1.0506985500306418e-006 	3.2823671288500943e-005
2.5039200000000001e+004 	2.8333098853264199e-005 	1.0857151176420774e-006 	2.9418813970906290e-005
2.6677600000000002e+004 	2.5441489336234435e-005 	1.1049771055430392e-006 	2.6546466441777468e-005
2.8316000000000000e+004 	2.2985076773184931e-005 	1.1169264763017078e-006 	2.4102003249486642e-005
-2250 0
-2.2500000000000000e+003 0.0000000000000000e+000 0.0000000000000000e+000
1
1 1 1 1
1
         t, ms                         dVp, mV                         dVs, mV                         dV, mV
5.0000000000000000e-001 	2.9778777829741677e-002 	5.9061418448242797e-004 	3.0369392014224086e-002
5.9999999999999998e-001 	2.9822024013099517e-002 	5.7565217752497731e-004 	3.0397676190624497e-002
6.9999999999999996e-001 	2.9850451038476545e-002 	5.6184994251923270e-004 	3.0412300980995791e-002
8.0000000000000004e-001 	2.9872836331898543e-002 	5.5012691207653546e-004 	3.0422963243975081e-002
9.0000000000000002e-001 	2.9891773685178875e-002 	5.4005539483253549e-004 	3.0431829080011401e-002
1.0000000000000000e+000 	2.9908259183563077e-002 	5.3130820915353952e-004 	3.0439567392716613e-002
1.1000000000000001e+000 	2.9922822084675203e-002 	5.2364127453667078e-004 	3.0446463359211862e-002
1.2000000000000000e+000 	2.9935815254334863e-002 	5.1687107960977745e-004 	3.0452686333944653e-002
1.3000000000000000e+000 	2.9947500604848406e-002 	5.1085638730816109e-004 	3.0458356992156564e-002
1.3999999999999999e+000 	2.9958081673287291e-002 	5.0566992704456030e-004 	3.0463751600331851e-002
1.6000000000000001e+000 	3.0309774361488961e-002 	4.9681129753921744e-004 	3.0806585659028173e-002
1.8000000000000000e+000 	2.9992433283049100e-002 	4.8919070991383423e-004 	3.0481623992962951e-002
2.0000000000000000e+000 	3.0005932052139316e-002 	4.8280673082479707e-004 	3.0488738782964098e-002
2.2000000000000002e+000 	3.0017669441384055e-002 	4.7739891636878784e-004 	3.0495068357752831e-002
2.3999999999999999e+000 	3.0027999937138408e-002 	4.7274336459767955e-004 	3.0500743301736081e-002
2.6000000000000001e+000 	3.0037187131382682e-002 	4.6866235990893654e-004 	3.0505849491291627e-002
2.7999999999999998e+000 	3.0045430003935926e-002 	4.6501997937388933e-004 	3.0510449983309814e-002
3.0000000000000000e+000 	3.0052881603940113e-002 	4.6171441234177878e-004 	3.0514596016281894e-002
3.2000000000000002e+000 	3.0059661863119293e-002 	4.5867043396298192e-004 	3.0518332297082274e-002
3.3999999999999999e+000 	3.0065866354826637e-002 	4.5583297862452428e-004 	3.0521699333451158e-002
3.6000000000000001e+000 	3.0071572362510113e-002 	4.5320783971191509e-004 	3.0524780202222022e-002
4.0000000000000000e+000 	3.0203702218820270e-002 	4.4832738177206090e-004 	3.0652029600592330e-002
4.4000000000000004e+000 	3.0090641191460647e-002 	4.4375766785504029e-004 	3.0534398859315689e-002
4.7999999999999998e+000 	3.0098396018530458e-002 	4.3951993555680426e-004 	3.0537915954087249e-002
5.2000000000000002e+000 	3.0105281246514338e-002 	4.3555999028787576e-004 	3.0540841236802205e-002
5.5999999999999996e+000 	3.0111482264924133e-002 	4.3184465611351071e-004 	3.0543326921037645e-002
6.0000000000000000e+000 	3.0117154741492118e-002 	4.2835595579960239e-004 	3.0545510697291715e-002
6.4000000000000004e+000 	3.0122430372074398e-002 	4.2508323140740917e-004 	3.0547513603481808e-002
6.7999999999999998e+000 	3.0127419098037275e-002 	4.2201948310834195e-004 	3.0549438581145623e-002
7.2000000000000002e+000 	3.0132209531307508e-002 	4.1916007467914646e-004 	3.0551369605986655e-002
7.5999999999999996e+000 	3.0136869098691826e-002 	4.1650203472025138e-004 	3.0553371133412083e-002
8.0000000000000000e+000 	3.0141444793757258e-002 	4.1411912978910206e-004 	3.0555563923546362e-002
8.8000000000000007e+000 	3.0217026328954653e-002 	4.0995733529114312e-004 	3.0626983664245811e-002
9.5999999999999996e+000 	3.0159201039687170e-002 	4.0640230937070081e-004 	3.0565603349057870e-002
1.0400000000000000e+001 	3.0167619312134960e-002 	4.0354070419722004e-004 	3.0571160016332175e-002
1.1199999999999999e+001 	3.0175517733733628e-002 	4.0133103942717588e-004 	3.0576848773160803e-002
1.2000000000000000e+001 	3.0182687982847560e-002 	3.9970824760611858e-004 	3.0582396230453668e-002
1.2800000000000001e+001 	3.0188925811829390e-002 	3.9859845832782730e-004 	3.0587524270157200e-002
1.3600000000000000e+001 	3.0194052699062095e-002 	3.9792530255729241e-004 	3.0591978001619394e-002
1.4400000000000000e+001 	3.0197926391363365e-002 	3.9761381979720799e-004 	3.0595540211160573e-002
1.5199999999999999e+001 	3.0200443506732448e-002 	3.9759371369472665e-004 	3.0598037220427171e-002
1.6000000000000000e+001 	3.0201537309383273e-002 	3.9780173234159046e-004 	3.0599339041724856e-002
1.6800000000000001e+001 	3.0201173056660535e-002 	3.9818296901971025e-004 	3.0599356025680254e-002
1.7600000000000001e+001 	3.0199342509409359e-002 	3.9869122794177576e-004 	3.0598033737351146e-002
1.8399999999999999e+001 	3.0196058535600378e-002 	3.9930571286549436e-004 	3.0595364248465869e-002
2.0000000000000000e+001 	3.0222014075316685e-002 	4.0066017568832386e-004 	3.0622674251005004e-002
2.1600000000000001e+001 	3.0169308809636908e-002 	4.0204468595455011e-004 	3.0571353495591456e-002
2.3199999999999999e+001 	3.0148447587028900e-002 	4.0343441675685704e-004 	3.0551882003785759e-002
2.4800000000000001e+001 	3.0123215919046830e-002 	4.0480500157884035e-004 	3.0528020920625662e-002
2.6399999999999999e+001 	3.0094099247000874e-002 	4.0615660552261026e-004 	3.0500255852523497e-002
2.8000000000000000e+001 	3.0061567695707291e-002 	4.0750744128620326e-004 	3.0469075136993498e-002
2.9600000000000001e+001 	3.0026060454904600e-002 	4.0887480243557343e-004 	3.0434935257340170e-002
3.1199999999999999e+001 	2.9987976687651199e-002 	4.1027009868466977e-004 	3.0398246786335861e-002
3.2800000000000004e+001 	2.9947671036090515e-002 	4.1170028015961445e-004 	3.0359371316250137e-002
3.4399999999999999e+001 	2.9905452271092217e-002 	4.1316831497176335e-004 	3.0318620586063980e-002
3.6000000000000000e+001 	2.9861584058564636e-002 	4.1467235319909897e-004 	3.0276256411763729e-002
3.7600000000000001e+001 	2.9816287129573855e-002 	4.1620283453051783e-004 	3.0232489964104367e-002
4.0800000000000004e+001 	2.9737261903631587e-002 	4.1924097290358113e-004 	3.0156502876535169e-002
4.4000000000000000e+001 	2.9624133857244234e-002 	4.2213802302813318e-004 	3.0046271880272375e-002
4.7199999999999996e+001 	2.9522502478383995e-002 	4.2477165359775947e-004 	2.9947274131981744e-002
5.0399999999999999e+001 	2.9417635088028291e-002 	4.2701337589307243e-004 	2.9844648463921368e-002
5.3600000000000001e+001 	2.9309601936791888e-002 	4.2874567880927199e-004 	2.9738347615601159e-002
5.6800000000000004e+001 	2.9198328807018926e-002 	4.2987665880841027e-004 	2.9628205465827329e-002
6.0000000000000000e+001 	2.9083659470263666e-002 	4.3035190398442485e-004 	2.9514011374248094e-002
6.3200000000000003e+001 	2.8965405399698843e-002 	4.3015793278473928e-004 	2.9395563332483558e-002
6.6400000000000006e+001 	2.8843381911861088e-002 	4.2931729865794437e-004 	2.9272699210519039e-002
6.9599999999999994e+001 	2.8717432210348962e-002 	4.2788045549799187e-004 	2.9145312665846954e-002
7.2799999999999997e+001 	2.8587441592652672e-002 	4.2578200019176618e-004 	2.9013223592844434e-002
7.9200000000000003e+001 	2.8321733218813157e-002 	4.2047299618498891e-004 	2.8742206214998151e-002
8.5599999999999994e+001 	2.8026781192920038e-002 	4.1448156377863333e-004 	2.8441262756698671e-002
9.2000000000000000e+001 	2.7723011709829222e-002 	4.0808731616562391e-004 	2.8131099025994852e-002
9.8400000000000006e+001 	2.7405020525746431e-002 	4.0177048884913264e-004 	2.7806791014595569e-002
1.0480000000000001e+002 	2.7074282422932999e-002 	3.9592802595143808e-004 	2.7470210448884428e-002
1.1119999999999999e+002 	2.6732453923226485e-002 	3.9084244742037828e-004 	2.7123296370646855e-002
1.1759999999999999e+002 	2.6381261389162136e-002 	3.8668550619947503e-004 	2.6767946895361619e-002
1.2400000000000000e+002 	2.6022415839953305e-002 	3.8353680663471017e-004 	2.6405952646588016e-002
1.3039999999999998e+002 	2.5657554144730602e-002 	3.8140531158438950e-004 	2.6038959456314990e-002
1.3680000000000001e+002 	2.5288202494705030e-002 	3.8024875968425541e-004 	2.5668451254389275e-002
1.4319999999999999e+002 	2.4915756970372585e-002 	3.8025468864796017e-004 	2.5296011659020547e-002
1.5600000000000000e+002 	2.4176260918036374e-002 	3.8238584449166058e-004 	2.4558646762528044e-002
1.6880000000000001e+002 	2.3420709003782882e-002 	3.8608801966888710e-004 	2.3806797023451769e-002
1.8160000000000002e+002 	2.2680645928141771e-002 	3.9115546185711523e-004 	2.3071801389998876e-002
1.9439999999999998e+002 	2.1952540075370109e-002 	3.9698980812198626e-004 	2.2349529883492092e-002
2.0719999999999999e+002 	2.1240122271333633e-002 	4.0303211772289339e-004 	2.1643154389056528e-002
2.2000000000000000e+002 	2.0546102383850660e-002 	4.0881386295343202e-004 	2.0954916246804092e-002
2.3280000000000001e+002 	1.9872362959573817e-002 	4.1398267952148316e-004 	2.0286345639095309e-002
2.4560000000000002e+002 	1.9220133208029639e-002 	4.1829901501305619e-004 	1.9638432223042693e-002
2.5840000000000003e+002 	1.8590133691764953e-002 	4.2161702580070814e-004 	1.9011750717565657e-002
2.7119999999999999e+002 	1.7982692543262801e-002 	4.2386279270004027e-004 	1.8406555335962853e-002
2.8400000000000000e+002 	1.7397837345586656e-002 	4.2501550284801138e-004 	1.7822852848434670e-002
2.9680000000000001e+002 	1.6835367320348304e-002 	4.2509254865162897e-004 	1.7260459868999933e-002
3.0959999999999997e+002 	1.6294909967921486e-002 	4.2382833733849715e-004 	1.6718738305259984e-002
3.3519999999999999e+002 	1.5289048219676079e-002 	4.1852676854225583e-004 	1.5707574988218335e-002
3.6080000000000001e+002 	1.4339818448370588e-002 	4.1065292420460088e-004 	1.4750471372575187e-002
3.8640000000000003e+002 	1.3477743376114923e-002 	4.0022923884023117e-004 	1.3877972614955159e-002
4.1200000000000000e+002 	1.2685174941550040e-002 	3.8782336423089320e-004 	1.3072998305780938e-002
4.3759999999999997e+002 	1.1956411021462740e-002 	3.7393863698277911e-004 	1.2330349658445516e-002
4.6319999999999999e+002 	1.1285935782368505e-002 	3.5900693726006235e-004 	1.1644942719628562e-002
4.8880000000000001e+002 	1.0668539918720375e-002 	3.4340146567384721e-004 	1.1011941384394224e-002
5.1439999999999998e+002 	1.0099383972097564e-002 	3.2743748094869664e-004 	1.0426821453046263e-002
5.4000000000000000e+002 	9.5740232144755008e-003 	3.1137240406503629e-004 	9.8853956185405347e-003
5.6560000000000002e+002 	9.0884077867331593e-003 	2.9540994771207397e-004 	9.3838177344452295e-003
5.9119999999999993e+002 	8.6388677757566652e-003 	2.7970698583990023e-004 	8.9185747615965656e-003
6.1680000000000007e+002 	8.2220898219661793e-003 	2.6467569216489313e-004 	8.4867655141310696e-003
6.6800000000000000e+002 	7.4842020319795307e-003 	2.3618288450927033e-004 	7.7203849164888035e-003
7.1919999999999993e+002 	6.8208753111807163e-003 	2.0926473456992945e-004 	7.0301400457506436e-003
7.7039999999999998e+002 	6.2531424054234680e-003 	1.8453827187289034e-004 	6.4376806772963573e-003
8.2160000000000002e+002 	5.7554184499249688e-003 	1.6215587063484922e-004 	5.9175743205598158e-003
8.7280000000000007e+002 	5.3166590631741487e-003 	1.4205463964140594e-004 	5.4587137028155536e-003
9.2400000000000000e+002 	4.9278028125332631e-003 	1.2408431672314142e-004 	5.0518871292564039e-003
9.7519999999999993e+002 	4.5814206008609921e-003 	1.0807275562603637e-004 	4.6894933564870268e-003
1.0264000000000001e+003 	4.2714031019195986e-003 	9.3846511408521578e-005 	4.3652496133281182e-003
1.0775999999999999e+003 	3.9927021308991031e-003 	8.1237368652702828e-005 	4.0739394995518057e-003
1.1288000000000000e+003 	3.7411229990984853e-003 	7.0085660044131565e-005 	3.8112086591426180e-003
1.1800000000000000e+003 	3.5131597630968774e-003 	6.0765664972067799e-005 	3.5739254280689452e-003
1.2824000000000001e+003 	3.1213848944670669e-003 	4.5388507389094911e-005 	3.1667734018561620e-003
1.3848000000000000e+003 	2.7795876078738090e-003 	3.2501596846697857e-005 	2.8120892047205069e-003
1.4872000000000000e+003 	2.4972921589069860e-003 	2.2478887020141051e-005 	2.5197710459271268e-003
1.5895999999999999e+003 	2.2567044024233806e-003 	1.4910256795640577e-005 	2.2716146592190204e-003
1.6920000000000000e+003 	2.0498742533722027e-003 	9.3013628922415230e-006 	2.0591756162644448e-003
1.7944000000000001e+003 	1.8706679495888684e-003 	5.2152748440904136e-006 	1.8758832244329584e-003
1.8968000000000000e+003 	1.7143160069986643e-003 	2.3046582278222233e-006 	1.7166206652264860e-003
1.9992000000000000e+003 	1.5770660013006397e-003 	2.9912643868085329e-007 	1.5773651277393205e-003
2.1015999999999999e+003 	1.4559277607695219e-003 	-1.0126496783069728e-006 	1.4549151110912146e-003
2.2040000000000000e+003 	1.3484888593663067e-003 	-1.7966738188026031e-006 	1.3466921855475040e-003
2.3064000000000001e+003 	1.2527807303554664e-003 	-2.0121990560128969e-006 	1.2507685312994534e-003
2.5112000000000003e+003 	1.0920234345367205e-003 	-1.7678060160770369e-006 	1.0902556285206440e-003
2.7160000000000000e+003 	9.5579131588551132e-004 	-1.3440451232104962e-006 	9.5444727076230101e-004
2.9207999999999997e+003 	8.4690817924899266e-004 	-5.9665001931403323e-007 	8.4631152922967862e-004
3.1255999999999999e+003 	7.5682724561212434e-004 	3.3641932354044452e-007 	7.5716366493566484e-004
3.3304000000000001e+003 	6.8151481445810559e-004 	1.3026444604753311e-006 	6.8281745891858061e-004
3.5352000000000003e+003 	6.1792181644974051e-004 	2.2064642221171260e-006 	6.2012828067185756e-004
3.7400000000000000e+003 	5.6372826375635724e-004 	3.0035203623330509e-006 	5.6673178411869034e-004
3.9447999999999997e+003 	5.1715075937013315e-004 	3.6798170952055581e-006 	5.2083057646533869e-004
4.1496000000000004e+003 	4.7680308748012626e-004 	4.2370367134593908e-006 	4.8104012419358544e-004
4.3543999999999996e+003 	4.4159614652996806e-004 	4.6843755668214840e-006 	4.4628052209678943e-004
4.5591999999999998e+003 	4.1066576019279131e-004 	5.0341811509189169e-006 	4.1569994134371034e-004
4.7640000000000000e+003 	3.8332001972495440e-004 	5.2996048062965444e-006 	3.8861962453125103e-004
4.9688000000000002e+003 	3.5900037182954111e-004 	5.5073376186392605e-006 	3.6450770944818035e-004
5.3783999999999996e+003 	3.1815103608113100e-004 	5.7402359555980677e-006 	3.2389127203672906e-004
5.7880000000000000e+003 	2.8329225006783020e-004 	5.7661211239737747e-006 	2.8905837119180388e-004
6.1976000000000004e+003 	2.5520301721065463e-004 	5.7012778856840071e-006 	2.6090429509633865e-004
6.6071999999999998e+003 	2.3164608298945793e-004 	5.5861450811793805e-006 	2.3723222807063731e-004
7.0168000000000002e+003 	2.1161428655815006e-004 	5.4342108605630884e-006 	2.1704849741871317e-004
7.4264000000000005e+003 	1.9436973041609006e-004 	5.2586164406156120e-006 	1.9962834685670575e-004
7.8360000000000000e+003 	1.7936652966171868e-004 	5.0716058880161377e-006 	1.8443813554973483e-004
8.2456000000000004e+003 	1.6619455371513062e-004 	4.8823688751080796e-006 	1.7107692259023870e-004
8.6552000000000007e+003 	1.5454019674262311e-004 	4.6969678533873603e-006 	1.5923716459601041e-004
9.0647999999999993e+003 	1.4415939352093899e-004 	4.5190804259606041e-006 	1.4867847394689962e-004
9.4743999999999996e+003 	1.3485902139783335e-004 	4.3719181765122342e-006 	1.3923093957434561e-004
1.0293600000000000e+004 	1.1916310062999016e-004 	4.0937855502406895e-006 	1.2325688618023081e-004
1.1112799999999999e+004 	1.0550067929956560e-004 	3.8055286149046520e-006 	1.0930620791447025e-004
1.1932000000000000e+004 	9.4443240622250563e-005 	3.5690713474204834e-006 	9.8012311969671053e-005
1.2751200000000001e+004 	8.5117331666053852e-005 	3.3756462304082395e-006 	8.8492977896462095e-005
1.3570400000000000e+004 	7.7166655536650718e-005 	3.2129053043303411e-006 	8.0379560840981035e-005
1.4389600000000000e+004 	7.0323490314938293e-005 	3.0740653044760214e-006 	7.3397555619414331e-005
1.5208799999999999e+004 	6.4384164345248021e-005 	2.9547691888095904e-006 	6.7338933534057618e-005
1.6027999999999998e+004 	5.9191318830692536e-005 	2.8514710647788673e-006 	6.2042789895471405e-005
1.6847200000000001e+004 	5.4621491842699534e-005 	2.7611139135802943e-006 	5.7382605756279827e-005
1.7666399999999998e+004 	5.0576448541654575e-005 	2.6811062137626147e-006 	5.3257554755417190e-005
1.8485600000000002e+004 	4.6977054640969437e-005 	2.6183521316999146e-006 	4.9595406772669336e-005
2.0124000000000000e+004 	4.0978017035875870e-005 	2.5015212039888860e-006 	4.3479538239864748e-005
2.1762399999999998e+004 	3.5798385260860003e-005 	2.3791538693850560e-006 	3.8177539130245063e-005
2.3400799999999999e+004 	3.1682578259016645e-005 	2.2746552549457874e-006 	3.3957233513962433e-005
2.5039200000000001e+004 	2.8260630266537738e-005 	2.1799509446173191e-006 	3.0440581211155061e-005
2.6677600000000002e+004 	2.5382589199971919e-005 	2.0900627303261913e-006 	2.7472651930298117e-005
2.8316000000000000e+004 	2.2936632357119310e-005 	2.0019411571115495e-006 	2.4938573514230868e-005
