-1800 0
-1.8000000000000027e+003 0.0000000000000000e+000 0.0000000000000000e+000
1
1 1 1 1
1
         t, ms                         dVp, mV                         dVs, mV                         dV, mV
5.0000000000000000e-001 	1.3769920912653474e-001 	2.5238491596870093e-002 	1.6293770072340491e-001
5.9999999999999998e-001 	1.3787825850265220e-001 	2.5201471939391640e-002 	1.6307973044204380e-001
6.9999999999999996e-001 	1.3799595432713166e-001 	2.5166609131256464e-002 	1.6316256345838814e-001
8.0000000000000004e-001 	1.3808863565248694e-001 	2.5135760911185391e-002 	1.6322439656367235e-001
9.0000000000000002e-001 	1.3816704122713716e-001 	2.5108396798107637e-002 	1.6327543802524477e-001
1.0000000000000000e+000 	1.3823529517360350e-001 	2.5084103102958989e-002 	1.6331939827656258e-001
1.1000000000000001e+000 	1.3829558884805926e-001 	2.5062544617800945e-002 	1.6335813346586017e-001
1.2000000000000000e+000 	1.3834938327918639e-001 	2.5043431967625589e-002 	1.6339281524681207e-001
1.3000000000000000e+000 	1.3839776290739839e-001 	2.5026501802873618e-002 	1.6342426471027194e-001
1.3999999999999999e+000 	1.3844157045677138e-001 	2.5012078628556804e-002 	1.6345364908532814e-001
1.6000000000000001e+000 	1.3989755019818761e-001 	2.4987893456886994e-002 	1.6488544365507449e-001
1.8000000000000000e+000 	1.3858379153178615e-001 	2.4967485522775577e-002 	1.6355127705456182e-001
2.0000000000000000e+000 	1.3863967815284464e-001 	2.4950733158331274e-002 	1.6359041131117585e-001
2.2000000000000002e+000 	1.3868827223114130e-001 	2.4936685973850875e-002 	1.6362495820499209e-001
2.3999999999999999e+000 	1.3873104144821854e-001 	2.4924514382065669e-002 	1.6365555583028427e-001
2.6000000000000001e+000 	1.3876907715091585e-001 	2.4913563528609305e-002 	1.6368264067952523e-001
2.7999999999999998e+000 	1.3880320316913064e-001 	2.4903348415327500e-002 	1.6370655158445813e-001
3.0000000000000000e+000 	1.3883405316390215e-001 	2.4893528613712065e-002 	1.6372758177761418e-001
3.2000000000000002e+000 	1.3886212368297926e-001 	2.4883878247589038e-002 	1.6374600193056821e-001
3.3999999999999999e+000 	1.3888781042267354e-001 	2.4874257724664818e-002 	1.6376206814733835e-001
3.6000000000000001e+000 	1.3891143335596309e-001 	2.4864560791956418e-002 	1.6377599414791941e-001
4.0000000000000000e+000 	1.3945843954760434e-001 	2.4844919941049284e-002 	1.6430335948865368e-001
4.4000000000000004e+000 	1.3899037803179201e-001 	2.4825118215004011e-002 	1.6381549624679606e-001
4.7999999999999998e+000 	1.3902248247566198e-001 	2.4805288370663276e-002 	1.6382777084632516e-001
5.2000000000000002e+000 	1.3905098587267309e-001 	2.4785585667291575e-002 	1.6383657153996470e-001
5.5999999999999996e+000 	1.3907665421686394e-001 	2.4766207881995128e-002 	1.6384286209885915e-001
6.0000000000000000e+000 	1.3910012894303594e-001 	2.4747353355122546e-002 	1.6384748229815849e-001
6.4000000000000004e+000 	1.3912195005230360e-001 	2.4729191460722812e-002 	1.6385114151302643e-001
6.7999999999999998e+000 	1.3914256461392693e-001 	2.4711854704489881e-002 	1.6385441931841677e-001
7.2000000000000002e+000 	1.3916232791837665e-001 	2.4695440709888557e-002 	1.6385776862826526e-001
7.5999999999999996e+000 	1.3918150362324588e-001 	2.4680015868436721e-002 	1.6386151949168265e-001
8.0000000000000000e+000 	1.3920026660613027e-001 	2.4666009195725928e-002 	1.6386627580185620e-001
8.8000000000000007e+000 	1.3951242522536278e-001 	2.4641089735157252e-002 	1.6415351496052005e-001
9.5999999999999996e+000 	1.3927175123627020e-001 	2.4619084767970693e-002 	1.6389083600424084e-001
1.0400000000000000e+001 	1.3930436861619133e-001 	2.4600054910100581e-002 	1.6390442352629192e-001
1.1199999999999999e+001 	1.3933361134116873e-001 	2.4583223360174624e-002 	1.6391683470134341e-001
1.2000000000000000e+001 	1.3935827953749397e-001 	2.4567566902238023e-002 	1.6392584643973199e-001
1.2800000000000001e+001 	1.3937717955791815e-001 	2.4551934017461866e-002 	1.6392911357538001e-001
1.3600000000000000e+001 	1.3938922167356668e-001 	2.4535127005221560e-002 	1.6392434867878833e-001
1.4400000000000000e+001 	1.3939346860463900e-001 	2.4515967754137689e-002 	1.6390943635877672e-001
1.5199999999999999e+001 	1.3938914866909749e-001 	2.4493351489077504e-002 	1.6388250015817499e-001
1.6000000000000000e+001 	1.3937564733372548e-001 	2.4466286888051206e-002 	1.6384193422177670e-001
1.6800000000000001e+001 	1.3935248797732278e-001 	2.4433922064604478e-002 	1.6378641004192723e-001
1.7600000000000001e+001 	1.3931930914762389e-001 	2.4395557921319085e-002 	1.6371486706894303e-001
1.8399999999999999e+001 	1.3927584259768941e-001 	2.4347885701056803e-002 	1.6362372829874614e-001
2.0000000000000000e+001 	1.3930770253775773e-001 	2.4230577470327839e-002 	1.6353828000808560e-001
2.1600000000000001e+001 	1.3899591727027752e-001 	2.4089849410516641e-002 	1.6308576668079408e-001
2.3199999999999999e+001 	1.3879172014178104e-001 	2.3921787045750788e-002 	1.6271350718753183e-001
2.4800000000000001e+001 	1.3854474858380253e-001 	2.3727435580006097e-002 	1.6227218416380859e-001
2.6399999999999999e+001 	1.3825549109375215e-001 	2.3508931415823081e-002 	1.6176442250957526e-001
2.8000000000000000e+001 	1.3792474410358679e-001 	2.3269051233395274e-002 	1.6119379533698203e-001
2.9600000000000001e+001 	1.3755357419332664e-001 	2.3010859290600875e-002 	1.6056443348392757e-001
3.1199999999999999e+001 	1.3714328437144449e-001 	2.2737485627275414e-002 	1.5988076999871986e-001
3.2800000000000004e+001 	1.3669538091795549e-001 	2.2451985277786034e-002 	1.5914736619574160e-001
3.4399999999999999e+001 	1.3621153919857715e-001 	2.2157239907791313e-002 	1.5836877910636840e-001
3.6000000000000000e+001 	1.3569356856396175e-001 	2.1855891171276422e-002 	1.5754945973523812e-001
3.7600000000000001e+001 	1.3514337736831064e-001 	2.1550171065930927e-002 	1.5669354843424155e-001
4.0800000000000004e+001 	1.3401661336661416e-001 	2.0936730297219954e-002 	1.5495334366383409e-001
4.4000000000000000e+001 	1.3266629565612822e-001 	2.0329161489801045e-002 	1.5299545714592919e-001
4.7199999999999996e+001 	1.3128644287744132e-001 	1.9733919278466499e-002 	1.5102036215590789e-001
5.0399999999999999e+001 	1.2983192452155473e-001 	1.9156787353418598e-002 	1.4898871187497331e-001
5.3600000000000001e+001 	1.2831636417848688e-001 	1.8601676865293019e-002 	1.4691804104377995e-001
5.6800000000000004e+001 	1.2675217096222882e-001 	1.8070844949362806e-002 	1.4482301591159161e-001
6.0000000000000000e+001 	1.2515043174206533e-001 	1.7565277797087872e-002 	1.4271570953915322e-001
6.3200000000000003e+001 	1.2352090723049761e-001 	1.7085057706019671e-002 	1.4060596493651725e-001
6.6400000000000006e+001 	1.2187209240624508e-001 	1.6629655490497174e-002 	1.3850174789674219e-001
6.9599999999999994e+001 	1.2021131377945064e-001 	1.6198150414130936e-002 	1.3640946419358158e-001
7.2799999999999997e+001 	1.1854484424355188e-001 	1.5797180535331370e-002 	1.3434202477888318e-001
7.9200000000000003e+001 	1.1525185570749436e-001 	1.5057982628788080e-002 	1.3030983833628240e-001
8.5599999999999994e+001 	1.1192633069260548e-001 	1.4377225259921444e-002 	1.2630355595252690e-001
9.2000000000000000e+001 	1.0868481584650470e-001 	1.3760077365934393e-002 	1.2244489321243909e-001
9.8400000000000006e+001 	1.0551263737150450e-001 	1.3199745504096206e-002 	1.1871238287560071e-001
1.0480000000000001e+002 	1.0242140184310831e-001 	1.2689247649372515e-002 	1.1511064949248080e-001
1.1119999999999999e+002 	9.9418700739929367e-002 	1.2222168777221720e-002 	1.1164086951715108e-001
1.1759999999999999e+002 	9.6509090234607811e-002 	1.1792867205914171e-002 	1.0830195744052203e-001
1.2400000000000000e+002 	9.3694880993626661e-002 	1.1396484980370318e-002 	1.0509136597399699e-001
1.3039999999999998e+002 	9.0976741668961872e-002 	1.1028882298156236e-002 	1.0200562396711806e-001
1.3680000000000001e+002 	8.8354149947199603e-002 	1.0686545559033690e-002 	9.9040695506233289e-002
1.4319999999999999e+002 	8.5825727205991423e-002 	1.0373360951097112e-002 	9.6199088157088511e-002
1.5600000000000000e+002 	8.1092225655220659e-002 	9.8025748600689012e-003 	9.0894800515289587e-002
1.6880000000000001e+002 	7.6599555425316768e-002 	9.2797545363457502e-003 	8.5879309961662542e-002
1.8160000000000002e+002 	7.2483849905265574e-002 	8.8073135622592884e-003 	8.1291163467524866e-002
1.9439999999999998e+002 	6.8669154033013657e-002 	8.3780790892203343e-003 	7.7047233122234007e-002
2.0719999999999999e+002 	6.5132219354352539e-002 	7.9855919162815838e-003 	7.3117811270634117e-002
2.2000000000000000e+002 	6.1850617973352139e-002 	7.6244607902909000e-003 	6.9475078763643075e-002
2.3280000000000001e+002 	5.8803199214490794e-002 	7.2903408401977397e-003 	6.6093540054688538e-002
2.4560000000000002e+002 	5.5970309549495036e-002 	6.9797653409512600e-003 	6.2950074890446309e-002
2.5840000000000003e+002 	5.3333861850905030e-002 	6.6899485181419957e-003 	6.0023810369047019e-002
2.7119999999999999e+002 	5.0877313896035892e-002 	6.4186180576039165e-003 	5.7295931953639821e-002
2.8400000000000000e+002 	4.8585595741154307e-002 	6.1638898031050084e-003 	5.4749485544259339e-002
2.9680000000000001e+002 	4.6445011110516791e-002 	5.9241776617304535e-003 	5.2369188772247263e-002
3.0959999999999997e+002 	4.4443128215190524e-002 	5.7027439866452392e-003 	5.0145872201835764e-002
3.3519999999999999e+002 	4.0853070909402517e-002 	5.2959469904531650e-003 	4.6149017899855697e-002
3.6080000000000001e+002 	3.7587271489549726e-002 	4.9214555305876467e-003 	4.2508727020137360e-002
3.8640000000000003e+002 	3.4746586483206388e-002 	4.5823079416889931e-003 	3.9328894424895365e-002
4.1200000000000000e+002 	3.2223786630278972e-002 	4.2749455671070198e-003 	3.6498732197385982e-002
4.3759999999999997e+002 	2.9973920481111482e-002 	3.9956738199713859e-003 	3.3969594301082866e-002
4.6319999999999999e+002 	2.7959269213974562e-002 	3.7411264906002783e-003 	3.1700395704574849e-002
4.8880000000000001e+002 	2.6148196935753140e-002 	3.5084089490765883e-003 	2.9656605884829733e-002
5.1439999999999998e+002 	2.4514099725045750e-002 	3.2950646702233151e-003 	2.7809164395269072e-002
5.4000000000000000e+002 	2.3034517377017720e-002 	3.0989989149382518e-003 	2.6133516291955965e-002
5.6560000000000002e+002 	2.1690404424682085e-002 	2.9184098469497424e-003 	2.4608814271631824e-002
5.9119999999999993e+002 	2.0465538087081386e-002 	2.7517351311623591e-003 	2.3217273218243750e-002
6.1680000000000007e+002 	1.9346038448570722e-002 	2.6018464452673461e-003 	2.1947884893838067e-002
6.6800000000000000e+002 	1.7400875817396331e-002 	2.3344419770018072e-003 	1.9735317794398126e-002
7.1919999999999993e+002 	1.5683557097532923e-002 	2.0951075000375774e-003 	1.7778664597570496e-002
7.7039999999999998e+002 	1.4245775867942640e-002 	1.8861508943796837e-003 	1.6131926762322325e-002
8.2160000000000002e+002 	1.3006486784245923e-002 	1.7037895088625075e-003 	1.4710276293108428e-002
8.7280000000000007e+002 	1.1929896440181059e-002 	1.5441918106040068e-003 	1.3474088250785068e-002
9.2400000000000000e+002 	1.0987802691727984e-002 	1.4039695940555577e-003 	1.2391772285783538e-002
9.7519999999999993e+002 	1.0157889486133316e-002 	1.2802852270110225e-003 	1.1438174713144338e-002
1.0264000000000001e+003 	9.4223574212590911e-003 	1.1707936358999168e-003 	1.0593151057159009e-002
1.0775999999999999e+003 	8.7668783517864113e-003 	1.0735511054367562e-003 	9.8404294572231633e-003
1.1288000000000000e+003 	8.1798105272399384e-003 	9.8693429221161414e-004 	9.1667448194515510e-003
1.1800000000000000e+003 	7.6516101549756179e-003 	9.1257456853461281e-004 	8.5641847235102299e-003
1.2824000000000001e+003 	6.7518608918598370e-003 	7.8631295496836724e-004 	7.5381738468282044e-003
1.3848000000000000e+003 	5.9743727350052272e-003 	6.7831283807901789e-004 	6.6526855730842469e-003
1.4872000000000000e+003 	5.3391147352927753e-003 	5.8958433964481671e-004 	5.9286990749375925e-003
1.5895999999999999e+003 	4.8023209213488606e-003 	5.1686558055360435e-004 	5.3191865019024650e-003
1.6920000000000000e+003 	4.3442513429288168e-003 	4.5704607042977346e-004 	4.8012974133585891e-003
1.7944000000000001e+003 	3.9499141980462605e-003 	4.0753055319281433e-004 	4.3574447512390738e-003
1.8968000000000000e+003 	3.6078161955337500e-003 	3.6626469107700339e-004 	3.9740808866107515e-003
1.9992000000000000e+003 	3.3090268518432249e-003 	3.3164139534081464e-004 	3.6406682471840394e-003
2.1015999999999999e+003 	3.0465066534690831e-003 	3.0239877714262375e-004 	3.3489054306117070e-003
2.2040000000000000e+003 	2.8146298675618036e-003 	2.7753882388390064e-004 	3.0921686914457034e-003
2.3064000000000001e+003 	2.6088440739642418e-003 	2.5737283718113373e-004 	2.8662169111453770e-003
2.5112000000000003e+003 	2.2647636189793516e-003 	2.2482416531339984e-004 	2.4895877842927524e-003
2.7160000000000000e+003 	1.9747703583886831e-003 	1.9783737574198871e-004 	2.1726077341306721e-003
2.9207999999999997e+003 	1.7443359469405271e-003 	1.7662164319228490e-004 	1.9209575901328120e-003
3.1255999999999999e+003 	1.5546060689538030e-003 	1.5982533217078135e-004 	1.7144314011245845e-003
3.3304000000000001e+003 	1.3966460683100118e-003 	1.4625975400822685e-004 	1.5429058223182389e-003
3.5352000000000003e+003 	1.2637556791039002e-003 	1.3504552589509777e-004 	1.3988012049989981e-003
3.7400000000000000e+003 	1.1508735502665716e-003 	1.2557144031943496e-004 	1.2764449905860072e-003
3.9447999999999997e+003 	1.0541338683890088e-003 	1.1741546267180586e-004 	1.1715493310608146e-003
4.1496000000000004e+003 	9.7054859961550027e-004 	1.1028198760658500e-004 	1.0808305872220855e-003
4.3543999999999996e+003 	8.9778161729106446e-004 	1.0395991644220617e-004 	1.0017415337332709e-003
4.5591999999999998e+003 	8.3398719918556605e-004 	9.8295480019490377e-005 	9.3228267920505612e-004
4.7640000000000000e+003 	7.7769315324563795e-004 	9.3174444689819052e-005 	8.7086759793545700e-004
4.9688000000000002e+003 	7.2771505311272524e-004 	8.8697816388145679e-005 	8.1641286950087069e-004
5.3783999999999996e+003 	6.4395106946160978e-004 	8.0781073194314160e-005 	7.2473214265592425e-004
5.7880000000000000e+003 	5.7262955676054680e-004 	7.3609940086466523e-005 	6.4623949684701368e-004
6.1976000000000004e+003 	5.1531269782639799e-004 	6.7392198933515949e-005 	5.8270489675991402e-004
6.6071999999999998e+003 	4.6734150444275658e-004 	6.1987449868929274e-005 	5.2932895431168580e-004
7.0168000000000002e+003 	4.2661815627019728e-004 	5.7240196229985136e-005 	4.8385835250018241e-004
7.4264000000000005e+003 	3.9161096098093906e-004 	5.3032291719190752e-005 	4.4464325270012975e-004
7.8360000000000000e+003 	3.6119038737260128e-004 	4.9277166324174183e-005 	4.1046755369677552e-004
8.2456000000000004e+003 	3.3451019986145019e-004 	4.5908219869722691e-005 	3.8041841973117288e-004
8.6552000000000007e+003 	3.1092491786460769e-004 	4.2871937778394994e-005 	3.5379685564300266e-004
9.0647999999999993e+003 	2.8993326012976265e-004 	4.0124257236641572e-005 	3.3005751736640430e-004
9.4743999999999996e+003 	2.7113930313606588e-004 	3.7731861003052223e-005 	3.0887116413911815e-004
1.0293600000000000e+004 	2.3945078981250567e-004 	3.3535712445771279e-005 	2.7298650225827703e-004
1.1112799999999999e+004 	2.1188593256378800e-004 	2.9791432522122491e-005 	2.4167736508591054e-004
1.1932000000000000e+004 	1.8960131586292020e-004 	2.6613173610787134e-005 	2.1621448947370728e-004
1.2751200000000001e+004 	1.7082042441621655e-004 	2.3903282511598836e-005 	1.9472370692781538e-004
1.3570400000000000e+004 	1.5481912162008005e-004 	2.1569001530534430e-005 	1.7638812315061447e-004
1.4389600000000000e+004 	1.4105411146491482e-004 	1.9541794604057301e-005 	1.6059590606897219e-004
1.5208799999999999e+004 	1.2911263174671231e-004 	1.7770000619668045e-005 	1.4688263236638038e-004
1.6027999999999998e+004 	1.1867614755764321e-004 	1.6213002083200859e-005 	1.3488914964084408e-004
1.6847200000000001e+004 	1.0949498668116179e-004 	1.4838160037611302e-005 	1.2433314671877311e-004
1.7666399999999998e+004 	1.0137065992643907e-004 	1.3618936653280699e-005 	1.1498959657971973e-004
1.8485600000000002e+004 	9.4143387865104803e-005 	1.2583917038911748e-005 	1.0672730490401650e-004
2.0124000000000000e+004 	8.2102395621864676e-005 	1.0820370256903064e-005 	9.2922765878767784e-005
2.1762399999999998e+004 	7.1708703184934785e-005 	9.2949925434381715e-006 	8.1003695728372981e-005
2.3400799999999999e+004 	6.3453497982479584e-005 	8.0520117309128196e-006 	7.1505509713392385e-005
2.5039200000000001e+004 	5.6592083172110268e-005 	7.0330031965831267e-006 	6.3625086368693394e-005
2.6677600000000002e+004 	5.0822740727683003e-005 	6.1895924560965640e-006 	5.7012333183779573e-005
2.8316000000000000e+004 	4.5920608784449190e-005 	5.4238023713704870e-006 	5.1344411155819659e-005
-2100 0
-2.1000000000000027e+003 0.0000000000000000e+000 0.0000000000000000e+000
1
1 1 1 1
1
         t, ms                         dVp, mV                         dVs, mV                         dV, mV
5.0000000000000000e-001 	1.1037266996812499e-001 	1.6745091562747526e-002 	1.2711776153087245e-001
5.9999999999999998e-001 	1.1051154623532855e-001 	1.6710002436929577e-002 	1.2722154867225813e-001
6.9999999999999996e-001 	1.1060283511041452e-001 	1.6676979810672000e-002 	1.2727981492108653e-001
8.0000000000000004e-001 	1.1067472187519897e-001 	1.6647805474858408e-002 	1.2732252735005736e-001
9.0000000000000002e-001 	1.1073553579454294e-001 	1.6621972052697335e-002 	1.2735750784724026e-001
1.0000000000000000e+000 	1.1078847569296754e-001 	1.6599079772157205e-002 	1.2738755546512479e-001
1.1000000000000001e+000 	1.1083524128384038e-001 	1.6578802202161808e-002 	1.2741404348600213e-001
1.2000000000000000e+000 	1.1087696580890061e-001 	1.6560856592574603e-002 	1.2743782240147525e-001
1.3000000000000000e+000 	1.1091449040961307e-001 	1.6544985817044711e-002 	1.2745947622665779e-001
1.3999999999999999e+000 	1.1094846873927940e-001 	1.6531488111586390e-002 	1.2747995685086577e-001
1.6000000000000001e+000 	1.1207774191597733e-001 	1.6508888306859495e-002 	1.2858663022283676e-001
1.8000000000000000e+000 	1.1105877904266170e-001 	1.6489834729063114e-002 	1.2754861377172483e-001
2.0000000000000000e+000 	1.1110212601824571e-001 	1.6474204080496359e-002 	1.2757633009874206e-001
2.2000000000000002e+000 	1.1113981666740155e-001 	1.6461097299540366e-002 	1.2760091396694195e-001
2.3999999999999999e+000 	1.1117298937621813e-001 	1.6449735201981022e-002 	1.2762272457819918e-001
2.6000000000000001e+000 	1.1120249063099813e-001 	1.6439507101764294e-002 	1.2764199773276244e-001
2.7999999999999998e+000 	1.1122895942173566e-001 	1.6429964095791689e-002 	1.2765892351752733e-001
3.0000000000000000e+000 	1.1125288723604733e-001 	1.6420793660760158e-002 	1.2767368089680745e-001
3.2000000000000002e+000 	1.1127465921231815e-001 	1.6411790399825012e-002 	1.2768644961214312e-001
3.3999999999999999e+000 	1.1129458226505477e-001 	1.6402828932561970e-002 	1.2769741119761674e-001
3.6000000000000001e+000 	1.1131290457555031e-001 	1.6393822944469644e-002 	1.2770672752002002e-001
4.0000000000000000e+000 	1.1173716804408584e-001 	1.6375652344308326e-002 	1.2811282038839411e-001
4.4000000000000004e+000 	1.1137413514133991e-001 	1.6357411137427478e-002 	1.2773154627876743e-001
4.7999999999999998e+000 	1.1139903566468722e-001 	1.6339237563073018e-002 	1.2773827322776021e-001
5.2000000000000002e+000 	1.1142114291460471e-001 	1.6321279647687641e-002 	1.2774242256229240e-001
5.5999999999999996e+000 	1.1144105059389137e-001 	1.6303717510531966e-002 	1.2774476810442326e-001
6.0000000000000000e+000 	1.1145925538195900e-001 	1.6286727456959183e-002 	1.2774598283891814e-001
6.4000000000000004e+000 	1.1147617468719337e-001 	1.6270457141239602e-002 	1.2774663182843296e-001
6.7999999999999998e+000 	1.1149215305376839e-001 	1.6255019274736243e-002 	1.2774717232850463e-001
7.2000000000000002e+000 	1.1150746288977563e-001 	1.6240493706766342e-002 	1.2774795659654198e-001
7.5999999999999996e+000 	1.1152230445439550e-001 	1.6226930819475377e-002 	1.2774923527387086e-001
8.0000000000000000e+000 	1.1153680799591555e-001 	1.6214719458417848e-002 	1.2775152745433344e-001
8.8000000000000007e+000 	1.1177871814783666e-001 	1.6193191025486602e-002 	1.2797190917332327e-001
9.5999999999999996e+000 	1.1159169724074128e-001 	1.6174315437847808e-002 	1.2776601267858911e-001
1.0400000000000000e+001 	1.1161638152128198e-001 	1.6158063550265424e-002 	1.2777444507154734e-001
1.1199999999999999e+001 	1.1163810940862187e-001 	1.6143611014676696e-002 	1.2778172042329861e-001
1.2000000000000000e+001 	1.1165585416212291e-001 	1.6129903926681215e-002 	1.2778575808880416e-001
1.2800000000000001e+001 	1.1166858932839444e-001 	1.6115772176096041e-002 	1.2778436150449043e-001
1.3600000000000000e+001 	1.1167536662117769e-001 	1.6100009817917833e-002 	1.2777537643909551e-001
1.4400000000000000e+001 	1.1167535497904468e-001 	1.6081439703432582e-002 	1.2775679468247725e-001
1.5199999999999999e+001 	1.1166785166905539e-001 	1.6058965954076285e-002 	1.2772681762313165e-001
1.6000000000000000e+001 	1.1165227634815615e-001 	1.6031612882076201e-002 	1.2768388923023238e-001
1.6800000000000001e+001 	1.1162815665836535e-001 	1.5998550035810279e-002 	1.2762670669417561e-001
1.7600000000000001e+001 	1.1159511113970208e-001 	1.5959104860794635e-002 	1.2755421600049674e-001
1.8399999999999999e+001 	1.1155283285070265e-001 	1.5909892693620573e-002 	1.2746272554432325e-001
2.0000000000000000e+001 	1.1155576924605466e-001 	1.5788654453512459e-002 	1.2734442369956708e-001
2.1600000000000001e+001 	1.1128683229316089e-001 	1.5643364623192404e-002 	1.2693019691635321e-001
2.3199999999999999e+001 	1.1109425535525178e-001 	1.5470237658335126e-002 	1.2656449301358694e-001
2.4800000000000001e+001 	1.1086131208153083e-001 	1.5270661900359649e-002 	1.2613197398189044e-001
2.6399999999999999e+001 	1.1058800344870494e-001 	1.5047145529256919e-002 	1.2563514897796177e-001
2.8000000000000000e+001 	1.1027469537397287e-001 	1.4802839434864129e-002 	1.2507753480883699e-001
2.9600000000000001e+001 	1.0992209079300892e-001 	1.4541174132498008e-002 	1.2446326492550697e-001
3.1199999999999999e+001 	1.0953119800344062e-001 	1.4265625779721281e-002 	1.2379682378316186e-001
3.2800000000000004e+001 	1.0910329466062131e-001 	1.3979564050321185e-002 	1.2308285871094252e-001
3.4399999999999999e+001 	1.0863988794103056e-001 	1.3686146520557269e-002 	1.2232603446158782e-001
3.6000000000000000e+001 	1.0814267242485046e-001 	1.3388248549110993e-002 	1.2153092097396145e-001
3.7600000000000001e+001 	1.0761348765763715e-001 	1.3089287322316866e-002 	1.2070277497995401e-001
4.0800000000000004e+001 	1.0651538055544023e-001 	1.2497238840268666e-002 	1.1901261939570887e-001
4.4000000000000000e+001 	1.0522293939996573e-001 	1.1919591274629987e-002 	1.1714253067459569e-001
4.7199999999999996e+001 	1.0388841774442915e-001 	1.1364405386805967e-002 	1.1525282313123512e-001
5.0399999999999999e+001 	1.0248128716040117e-001 	1.0837330594420717e-002 	1.1331861775482184e-001
5.3600000000000001e+001 	1.0101579913965372e-001 	1.0341752776456988e-002 	1.1135755191611070e-001
5.6800000000000004e+001 	9.9505001150507949e-002 	9.8791519193451530e-003 	1.0938415306985309e-001
6.0000000000000000e+001 	9.7960578831310777e-002 	9.4495809916198045e-003 	1.0741015982293056e-001
6.3200000000000003e+001 	9.6392819325365905e-002 	9.0521077019958818e-003 	1.0544492702736175e-001
6.6400000000000006e+001 	9.4810653303757611e-002 	8.6851666170953169e-003 	1.0349581992085295e-001
6.9599999999999994e+001 	9.3221744750663610e-002 	8.3468242177238937e-003 	1.0156856896838752e-001
7.2799999999999997e+001 	9.1632606104812761e-002 	8.0435500872392107e-003 	9.9676156192052029e-002
7.9200000000000003e+001 	8.8505429570247415e-002 	7.5064313010411981e-003 	9.6011860871288629e-002
8.5599999999999994e+001 	8.5379469734404495e-002 	7.0309924094142228e-003 	9.2410462143818733e-002
9.2000000000000000e+001 	8.2353343138296925e-002 	6.6203430339315302e-003 	8.8973686172228478e-002
9.8400000000000006e+001 	7.9416763921895506e-002 	6.2647155751676406e-003 	8.5681479497063159e-002
1.0480000000000001e+002 	7.6579583434208759e-002 	5.9548416524782778e-003 	8.2534425086687069e-002
1.1119999999999999e+002 	7.3847401115506819e-002 	5.6827267381502128e-003 	7.9530127853657040e-002
1.1759999999999999e+002 	7.1222689186107552e-002 	5.4417469455532042e-003 	7.6664436131660754e-002
1.2400000000000000e+002 	6.8705688517760405e-002 	5.2265210239827564e-003 	7.3932209541743163e-002
1.3039999999999998e+002 	6.6295083214961817e-002 	5.0327173688511926e-003 	7.1327800583813009e-002
1.3680000000000001e+002 	6.3988494862796327e-002 	4.8568583834267091e-003 	6.8845353246223054e-002
1.4319999999999999e+002 	6.1782839806483351e-002 	4.7004917443639726e-003 	6.6483331550847319e-002
1.5600000000000000e+002 	5.7700330591786572e-002 	4.4230831273833499e-003 	6.2123413719169934e-002
1.6880000000000001e+002 	5.3883634154819754e-002 	4.1743799619861867e-003 	5.8058014116805952e-002
1.8160000000000002e+002 	5.0439581027144770e-002 	3.9547977817897617e-003 	5.4394378808934531e-002
1.9439999999999998e+002 	4.7293026844973926e-002 	3.7590686453181695e-003 	5.1052095490292063e-002
2.0719999999999999e+002 	4.4415771394686165e-002 	3.5827713073629222e-003 	4.7998542702049098e-002
2.2000000000000000e+002 	4.1781646065936616e-002 	3.4224142444257200e-003 	4.5204060310362337e-002
2.3280000000000001e+002 	3.9366750158909891e-002 	3.2753272079435666e-003 	4.2642077366853465e-002
2.4560000000000002e+002 	3.7149470724846437e-002 	3.1394852500572037e-003 	4.0288955974903631e-002
2.5840000000000003e+002 	3.5110384121202799e-002 	3.0133352742233153e-003 	3.8123719395426123e-002
2.7119999999999999e+002 	3.3232098856614309e-002 	2.8956604671892270e-003 	3.6127759323803535e-002
2.8400000000000000e+002 	3.1499074966714308e-002 	2.7854853707745320e-003 	3.4284560337488848e-002
2.9680000000000001e+002 	2.9897439965792371e-002 	2.6820116573152727e-003 	3.2579451623107637e-002
3.0959999999999997e+002 	2.8414812165686275e-002 	2.5866540417416590e-003 	3.1001466207427920e-002
3.3519999999999999e+002 	2.5794564911092933e-002 	2.4116803841358996e-003 	2.8206245295228829e-002
3.6080000000000001e+002 	2.3446904653753157e-002 	2.2504354798562496e-003 	2.5697340133609400e-002
3.8640000000000003e+002 	2.1443115768439339e-002 	2.1042755478022611e-003 	2.3547391316241593e-002
4.1200000000000000e+002 	1.9691838784616989e-002 	1.9717094300197003e-003 	2.1663548214636685e-002
4.3759999999999997e+002 	1.8153012806261713e-002 	1.8511183544459751e-003 	2.0004131160707685e-002
4.6319999999999999e+002 	1.6793801730457161e-002 	1.7410085083908746e-003 	1.8534810238848034e-002
4.8880000000000001e+002 	1.5587283771229027e-002 	1.6401109019717642e-003 	1.7227394673200794e-002
5.1439999999999998e+002 	1.4511304611554057e-002 	1.5473673436558375e-003 	1.6058671955209890e-002
5.4000000000000000e+002 	1.3547539398757594e-002 	1.4618881418338506e-003 	1.5009427540591445e-002
5.6560000000000002e+002 	1.2680744974623558e-002 	1.3829152403681054e-003 	1.4063660214991667e-002
5.9119999999999993e+002 	1.1898168790941072e-002 	1.3097953413565486e-003 	1.3207964132297613e-002
6.1680000000000007e+002 	1.1189081993685344e-002 	1.2438296684128035e-003 	1.2432911662098147e-002
6.6800000000000000e+002 	9.9713515860091455e-003 	1.1255699052912362e-003 	1.1096921491300383e-002
7.1919999999999993e+002 	8.9086488633246200e-003 	1.0189809767593325e-003 	9.9276298400839489e-003
7.7039999999999998e+002 	8.0318505317004719e-003 	9.2526120689715721e-004 	8.9571117385976312e-003
8.2160000000000002e+002 	7.2848332855577781e-003 	8.4295064276147488e-004 	8.1277839283192578e-003
8.7280000000000007e+002 	6.6425447908975829e-003 	7.7046145561536386e-004 	7.4130062465129470e-003
9.2400000000000000e+002 	6.0856213017165270e-003 	7.0636168963962988e-004 	6.7919829913561554e-003
9.7519999999999993e+002 	5.5990107751088102e-003 	6.4945323205439624e-004 	6.2484640071632071e-003
1.0264000000000001e+003 	5.1708995041058504e-003 	5.9874944544632022e-004 	5.7696489495521718e-003
1.0775999999999999e+003 	4.7919136830784021e-003 	5.5343283729483847e-004 	5.3453465203732418e-003
1.1288000000000000e+003 	4.4545340384428422e-003 	5.1281861520878480e-004 	4.9673526536516280e-003
1.1800000000000000e+003 	4.1526664350999510e-003 	4.7773352945998409e-004 	4.6303999645599375e-003
1.2824000000000001e+003 	3.6420669124709619e-003 	4.1765077806694268e-004 	4.0597176905379038e-003
1.3848000000000000e+003 	3.2042519222335889e-003 	3.6570718336433094e-004 	3.5699591055979190e-003
1.4872000000000000e+003 	2.8496875401359261e-003 	3.2256271491336807e-004 	3.1722502550492948e-003
1.5895999999999999e+003 	2.5522188171153734e-003 	2.8683550527341332e-004 	2.8390543223887868e-003
1.6920000000000000e+003 	2.2999698043405167e-003 	2.5713045903293569e-004 	2.5571002633734516e-003
1.7944000000000001e+003 	2.0840212706844741e-003 	2.3226590058662659e-004 	2.3162871712710999e-003
1.8968000000000000e+003 	1.8976054314446813e-003 	2.1130365835740614e-004 	2.1089090898020876e-003
1.9992000000000000e+003 	1.7355120917941515e-003 	1.9350743208073945e-004 	1.9290195238748913e-003
2.1015999999999999e+003 	1.5936679977777049e-003 	1.7829582715743930e-004 	1.7719638249351439e-003
2.2040000000000000e+003 	1.4688417362916147e-003 	1.6520589569248402e-004 	1.6340476319840990e-003
2.3064000000000001e+003 	1.3584355259741920e-003 	1.5443776108167137e-004 	1.5128732870558631e-003
2.5112000000000003e+003 	1.1745959449069900e-003 	1.3673682669349175e-004 	1.3113327716004818e-003
2.7160000000000000e+003 	1.0204332485426815e-003 	1.2176536803121622e-004 	1.1421986165738977e-003
2.9207999999999997e+003 	8.9859139318147231e-004 	1.0972720332091825e-004 	1.0083185965023905e-003
3.1255999999999999e+003 	7.9872275036205350e-004 	9.9980986488710789e-005 	8.9870373685076404e-004
3.3304000000000001e+003 	7.1590659899114118e-004 	9.1937808226527721e-005 	8.0784440721766925e-004
3.5352000000000003e+003 	6.4647800019179929e-004 	8.5158919354970977e-005 	7.3163691954677035e-004
3.7400000000000000e+003 	5.8768596091462750e-004 	7.9337892504041310e-005 	6.6702385341866894e-004
3.9447999999999997e+003 	5.3744122293920317e-004 	7.4260665714819015e-005 	6.1170188865402187e-004
4.1496000000000004e+003 	4.9413702980330215e-004 	6.9774652401902168e-005 	5.6391168220520438e-004
4.3543999999999996e+003 	4.5652273577676547e-004 	6.5768589157775827e-005 	5.2229132493454133e-004
4.5591999999999998e+003 	4.2361410190967552e-004 	6.2159576037522097e-005 	4.8577367794719746e-004
4.7640000000000000e+003 	3.9462881569795396e-004 	5.8884563316700992e-005 	4.5351337901465506e-004
4.9688000000000002e+003 	3.6893945735717241e-004 	5.6013357774699705e-005 	4.2495281513187219e-004
5.3783999999999996e+003 	3.2597710881176263e-004 	5.0929621827317895e-005 	3.7690673063908047e-004
5.7880000000000000e+003 	2.8947731952917228e-004 	4.6329884304132636e-005 	3.3580720383330487e-004
6.1976000000000004e+003 	2.6022336994346428e-004 	4.2347472434299234e-005 	3.0257084237776357e-004
6.6071999999999998e+003 	2.3578927601893902e-004 	3.8891551970751506e-005 	2.7468082798969056e-004
7.0168000000000002e+003 	2.1508245349695566e-004 	3.5862803179562365e-005 	2.5094525667651802e-004
7.4264000000000005e+003 	1.9730781815070745e-004 	3.3185322639847857e-005 	2.3049314079055523e-004
7.8360000000000000e+003 	1.8188085205739229e-004 	3.0802604099173897e-005 	2.1268345615656618e-004
8.2456000000000004e+003 	1.6836485030768302e-004 	2.8670671239161488e-005 	1.9703552154684448e-004
8.6552000000000007e+003 	1.5642751599571260e-004 	2.6754061867310084e-005 	1.8318157786302263e-004
9.0647999999999993e+003 	1.4581132907086090e-004 	2.5023618155832325e-005 	1.7083494722669324e-004
9.4743999999999996e+003 	1.3631326483894347e-004 	2.3520605243574654e-005 	1.5983387008251809e-004
1.0293600000000000e+004 	1.2031379264157232e-004 	2.0891816512235727e-005 	1.4120560915380806e-004
1.1112799999999999e+004 	1.0640579000843625e-004 	1.8552663959072507e-005 	1.2495845396750873e-004
1.1932000000000000e+004 	9.5174673822842284e-005 	1.6572544204122822e-005 	1.1174721802696504e-004
1.2751200000000001e+004 	8.5716695981325974e-005 	1.4887992545996957e-005 	1.0060468852732290e-004
1.3570400000000000e+004 	7.7663749362252499e-005 	1.3440045385193560e-005 	9.1103794747445993e-005
1.4389600000000000e+004 	7.0740077901138248e-005 	1.2185037989285064e-005 	8.2925115890423312e-005
1.5208799999999999e+004 	6.4736465426726807e-005 	1.1089946250333480e-005 	7.5826411677060296e-005
1.6027999999999998e+004 	5.9491647308693528e-005 	1.0128852500595321e-005 	6.9620499809288860e-005
1.6847200000000001e+004 	5.4879349512355311e-005 	9.2810183258410377e-006 	6.4160367838196354e-005
1.7666399999999998e+004 	5.0799270835613945e-005 	8.5296571334988059e-006 	5.9328927969112751e-005
1.8485600000000002e+004 	4.7170731080244138e-005 	7.8920937048178292e-006 	5.5062824785061960e-005
2.0124000000000000e+004 	4.1127779517572373e-005 	6.8058998914030980e-006 	4.7933679408975460e-005
2.1762399999999998e+004 	3.5912919054212370e-005 	5.8659292065432296e-006 	4.1778848260755602e-005
2.3400799999999999e+004 	3.1772972738470861e-005 	5.0989943545986586e-006 	3.6871967093069519e-005
2.5039200000000001e+004 	2.8333098853264687e-005 	4.4691131348299099e-006 	3.2802211988094595e-005
2.6677600000000002e+004 	2.5441489336234828e-005 	3.9466756204195989e-006 	2.9388164956654426e-005
2.8316000000000000e+004 	2.2985076773185222e-005 	3.4717188689617932e-006 	2.6456795642147018e-005
-1500 0
-1.5000000000000000e+003 0.0000000000000000e+000 0.0000000000000000e+000
1
1 1 1 1
1
         t, ms                         dVp, mV                         dVs, mV                         dV, mV
5.0000000000000000e-001 	2.9778777829691773e-002 	8.7325025151510065e-003 	3.8511280344842788e-002
5.9999999999999998e-001 	2.9822024013029812e-002 	8.7284253932917600e-003 	3.8550449406321560e-002
6.9999999999999996e-001 	2.9850451038495488e-002 	8.7245938861426758e-003 	3.8575044924638174e-002
8.0000000000000004e-001 	2.9872836331744569e-002 	8.7212124515565030e-003 	3.8594048783301055e-002
9.0000000000000002e-001 	2.9891773685135889e-002 	8.7182092513728247e-003 	3.8609982936508705e-002
1.0000000000000000e+000 	2.9908259183701012e-002 	8.7155309001831372e-003 	3.8623790083884162e-002
1.1000000000000001e+000 	2.9922822084768316e-002 	8.7131370924254797e-003 	3.8635959177193806e-002
1.2000000000000000e+000 	2.9935815254022575e-002 	8.7109956544468726e-003 	3.8646810908469442e-002
1.3000000000000000e+000 	2.9947500604871898e-002 	8.7090792284785432e-003 	3.8656579833350455e-002
1.3999999999999999e+000 	2.9958081673300219e-002 	8.7074239677466490e-003 	3.8665505641046871e-002
1.6000000000000001e+000 	3.0309774361554909e-002 	8.7046067870949883e-003 	3.9014381148649892e-002
1.8000000000000000e+000 	2.9992433282943480e-002 	8.7022001368467512e-003 	3.8694633419790243e-002
2.0000000000000000e+000 	3.0005932052172307e-002 	8.7002001836062187e-003 	3.8706132235778519e-002
2.2000000000000002e+000 	3.0017669441414069e-002 	8.6985130458014284e-003 	3.8716182487215499e-002
2.3999999999999999e+000 	3.0027999937134196e-002 	8.6970538658730813e-003 	3.8725053803007288e-002
2.6000000000000001e+000 	3.0037187131392827e-002 	8.6957530519499136e-003 	3.8732940183342723e-002
2.7999999999999998e+000 	3.0045430003925337e-002 	8.6945567165033176e-003 	3.8739986720428665e-002
3.0000000000000000e+000 	3.0052881603928185e-002 	8.6934249544166915e-003 	3.8746306558344892e-002
3.2000000000000002e+000 	3.0059661863167601e-002 	8.6923294273449411e-003 	3.8751991290512523e-002
3.3999999999999999e+000 	3.0065866354861841e-002 	8.6912508963782990e-003 	3.8757117251240154e-002
3.6000000000000001e+000 	3.0071572362513368e-002 	8.6901750387696070e-003 	3.8761747401282964e-002
4.0000000000000000e+000 	3.0203702218801087e-002 	8.6880054038954799e-003 	3.8891707622696566e-002
4.4000000000000004e+000 	3.0090641191524711e-002 	8.6858142080113478e-003 	3.8776455399536044e-002
4.7999999999999998e+000 	3.0098396018476754e-002 	8.6836061013236560e-003 	3.8782002119800416e-002
5.2000000000000002e+000 	3.0105281246537240e-002 	8.6813839866497870e-003 	3.8786665233187051e-002
5.5999999999999996e+000 	3.0111482264849242e-002 	8.6791606946527711e-003 	3.8790642959502006e-002
6.0000000000000000e+000 	3.0117154741529206e-002 	8.6769532948407294e-003 	3.8794108036369936e-002
6.4000000000000004e+000 	3.0122430372059087e-002 	8.6747783617969441e-003 	3.8797208733856024e-002
6.7999999999999998e+000 	3.0127419098018960e-002 	8.6726503942058629e-003 	3.8800069492224809e-002
7.2000000000000002e+000 	3.0132209531318514e-002 	8.6705817527317798e-003 	3.8802791284050273e-002
7.5999999999999996e+000 	3.0136869098712962e-002 	8.6685828871013709e-003 	3.8805451985814345e-002
8.0000000000000000e+000 	3.0141444793756945e-002 	8.6666974512063094e-003 	3.8808142244963241e-002
8.8000000000000007e+000 	3.0217026328945747e-002 	8.6632016289387801e-003 	3.8880227957884532e-002
9.5999999999999996e+000 	3.0159201039702991e-002 	8.6600046919589283e-003 	3.8819205731661928e-002
1.0400000000000000e+001 	3.0167619312110591e-002 	8.6571613227703487e-003 	3.8824780634880943e-002
1.1199999999999999e+001 	3.0175517733753543e-002 	8.6546613902309319e-003 	3.8830179123984475e-002
1.2000000000000000e+001 	3.0182687982826820e-002 	8.6524758244506256e-003 	3.8835163807277438e-002
1.2800000000000001e+001 	3.0188925811835975e-002 	8.6505662385842255e-003 	3.8839492050420185e-002
1.3600000000000000e+001 	3.0194052699093477e-002 	8.6488900802756986e-003 	3.8842942779369165e-002
1.4400000000000000e+001 	3.0197926391334215e-002 	8.6474041150448287e-003 	3.8845330506379047e-002
1.5199999999999999e+001 	3.0200443506732760e-002 	8.6460670692314924e-003 	3.8846510575964249e-002
1.6000000000000000e+001 	3.0201537309399909e-002 	8.6448413055693150e-003 	3.8846378614969208e-002
1.6800000000000001e+001 	3.0201173056675922e-002 	8.6436935028578153e-003 	3.8844866559533731e-002
1.7600000000000001e+001 	3.0199342509409595e-002 	8.6425945492586542e-003 	3.8841937058668237e-002
1.8399999999999999e+001 	3.0196058535614842e-002 	8.6415118528802796e-003 	3.8837570388495120e-002
2.0000000000000000e+001 	3.0222014075310485e-002 	8.6392814267684231e-003 	3.8861295502078896e-002
2.1600000000000001e+001 	3.0169308809627014e-002 	8.6368549382871210e-003 	3.8806163747914138e-002
2.3199999999999999e+001 	3.0148447587031772e-002 	8.6340853339466304e-003 	3.8782532920978399e-002
2.4800000000000001e+001 	3.0123215919042177e-002 	8.6308112922861158e-003 	3.8754027211328299e-002
2.6399999999999999e+001 	3.0094099246982586e-002 	8.6268579985603559e-003 	3.8720957245542940e-002
2.8000000000000000e+001 	3.0061567695723913e-002 	8.6220407559944486e-003 	3.8683608451718365e-002
2.9600000000000001e+001 	3.0026060454900590e-002 	8.6161631064537430e-003 	3.8642223561354321e-002
3.1199999999999999e+001 	2.9987976687655845e-002 	8.6090238055847035e-003 	3.8597000493240531e-002
3.2800000000000004e+001 	2.9947671036101450e-002 	8.6004270172135976e-003 	3.8548098053315036e-002
3.4399999999999999e+001 	2.9905452271084751e-002 	8.5901905422463599e-003 	3.8495642813331094e-002
3.6000000000000000e+001 	2.9861584058567391e-002 	8.5781514330518036e-003 	3.8439735491619192e-002
3.7600000000000001e+001 	2.9816287129566549e-002 	8.5633381630483511e-003 	3.8379625292614898e-002
4.0800000000000004e+001 	2.9737261903636694e-002 	8.5271214007658063e-003 	3.8264383304402488e-002
4.4000000000000000e+001 	2.9624133857242069e-002 	8.4837472730453761e-003 	3.8107881130287451e-002
4.7199999999999996e+001 	2.9522502478377365e-002 	8.4318337463580896e-003 	3.7954336224735451e-002
5.0399999999999999e+001 	2.9417635088029196e-002 	8.3714482478147566e-003 	3.7789083335843965e-002
5.3600000000000001e+001 	2.9309601936798931e-002 	8.3029920054220226e-003 	3.7612593942220975e-002
5.6800000000000004e+001 	2.9198328807010877e-002 	8.2270930355222410e-003 	3.7425421842533113e-002
6.0000000000000000e+001 	2.9083659470264398e-002 	8.1445303595092909e-003 	3.7228189829773689e-002
6.3200000000000003e+001 	2.8965405399701168e-002 	8.0561711212769945e-003 	3.7021576520978150e-002
6.6400000000000006e+001 	2.8843381911860162e-002 	7.9629170060200247e-003 	3.6806298917880190e-002
6.9599999999999994e+001 	2.8717432210349884e-002 	7.8656616116154071e-003 	3.6583093821965285e-002
7.2799999999999997e+001 	2.8587441592650951e-002 	7.7646375723902945e-003 	3.6352079165041254e-002
7.9200000000000003e+001 	2.8321733218812331e-002 	7.5572799232920080e-003 	3.5879013142104330e-002
8.5599999999999994e+001 	2.8026781192921665e-002 	7.3477826147389470e-003 	3.5374563807660617e-002
9.2000000000000000e+001 	2.7723011709828764e-002 	7.1381848519511491e-003 	3.4861196561779904e-002
9.8400000000000006e+001 	2.7405020525746438e-002 	6.9312143215711263e-003 	3.4336234847317564e-002
1.0480000000000001e+002 	2.7074282422931955e-002 	6.7289532281561756e-003 	3.3803235651088136e-002
1.1119999999999999e+002 	2.6732453923225551e-002 	6.5328233100144413e-003 	3.3265277233240007e-002
1.1759999999999999e+002 	2.6381261389161935e-002 	6.3436879833921990e-003 	3.2724949372554130e-002
1.2400000000000000e+002 	2.6022415839952236e-002 	6.1619819670946522e-003 	3.2184397807046891e-002
1.3039999999999998e+002 	2.5657554144732555e-002 	5.9878311335514181e-003 	3.1645385278283970e-002
1.3680000000000001e+002 	2.5288202494704929e-002 	5.8211502650175866e-003 	3.1109352759722514e-002
1.4319999999999999e+002 	2.4915756970371766e-002 	5.6642671496090957e-003 	3.0580024119980877e-002
1.5600000000000000e+002 	2.4176260918036794e-002 	5.3709696125317430e-003 	2.9547230530568541e-002
1.6880000000000001e+002 	2.3420709003782732e-002 	5.0970603741872797e-003 	2.8517769377970018e-002
1.8160000000000002e+002 	2.2680645928142788e-002 	4.8445158663987485e-003 	2.7525161794541529e-002
1.9439999999999998e+002 	2.1952540075369956e-002 	4.6113870395123385e-003 	2.6563927114882289e-002
2.0719999999999999e+002 	2.1240122271335416e-002 	4.3956045437953837e-003 	2.5635726815130801e-002
2.2000000000000000e+002 	2.0546102383849980e-002 	4.1952471825215769e-003 	2.4741349566371560e-002
2.3280000000000001e+002 	1.9872362959575469e-002 	4.0086269956667153e-003 	2.3880989955242175e-002
2.4560000000000002e+002 	1.9220133208029212e-002 	3.8342947899389595e-003 	2.3054427997968176e-002
2.5840000000000003e+002 	1.8590133691764987e-002 	3.6710142127348066e-003 	2.2261147904499793e-002
2.7119999999999999e+002 	1.7982692543262221e-002 	3.5177282335153029e-003 	2.1500420776777527e-002
2.8400000000000000e+002 	1.7397837345586118e-002 	3.3735277892315953e-003 	2.0771365134817713e-002
2.9680000000000001e+002 	1.6835367320349046e-002 	3.2376253603205087e-003 	2.0072992680669567e-002
3.0959999999999997e+002 	1.6294909967921711e-002 	3.1118662184922404e-003 	1.9406776186413947e-002
3.3519999999999999e+002 	1.5289048219676440e-002 	2.8806317749764730e-003 	1.8169679994652917e-002
3.6080000000000001e+002 	1.4339818448370218e-002 	2.6679221845255551e-003 	1.7007740632895767e-002
3.8640000000000003e+002 	1.3477743376114936e-002 	2.4754194537339514e-003 	1.5953162829848891e-002
4.1200000000000000e+002 	1.2685174941549865e-002 	2.3010644996448119e-003 	1.4986239441194676e-002
4.3759999999999997e+002 	1.1956411021462793e-002 	2.1427861454361577e-003 	1.4099197166898957e-002
4.6319999999999999e+002 	1.1285935782368809e-002 	1.9987147576189025e-003 	1.3284650539987713e-002
4.8880000000000001e+002 	1.0668539918719992e-002 	1.8672272831110940e-003 	1.2535767201831090e-002
5.1439999999999998e+002 	1.0099383972097626e-002 	1.7469280742238031e-003 	1.1846312046321425e-002
5.4000000000000000e+002 	9.5740232144754193e-003 	1.6366147205248054e-003 	1.1210637935000226e-002
5.6560000000000002e+002 	9.0884077867333761e-003 	1.5352459123408803e-003 	1.0623653699074255e-002
5.9119999999999993e+002 	8.6388677757564345e-003 	1.4419148781203296e-003 	1.0080782653876765e-002
6.1680000000000007e+002 	8.2220898219661324e-003 	1.3581898663918407e-003 	9.5802796883579702e-003
6.6800000000000000e+002 	7.4842020319798195e-003 	1.2093849817663182e-003 	8.6935870137461388e-003
7.1919999999999993e+002 	6.8208753111806382e-003 	1.0769216242459195e-003 	7.8977969354265560e-003
7.7039999999999998e+002 	6.2531424054235200e-003 	9.6191249983880553e-004 	7.2150549052623263e-003
8.2160000000000002e+002 	5.7554184499249523e-003 	8.6204564471855424e-004 	6.6174640946435066e-003
8.7280000000000007e+002 	5.3166590631744236e-003 	7.7508450181668672e-004 	6.0917435649911113e-003
9.2400000000000000e+002 	4.9278028125332215e-003 	6.9907836989162471e-004 	5.6268811824248472e-003
9.7519999999999993e+002 	4.5814206008609575e-003 	6.3239264981404032e-004 	5.2138132506749976e-003
1.0264000000000001e+003 	4.2714031019193983e-003 	5.7367328342454254e-004 	4.8450763853439419e-003
1.0775999999999999e+003 	3.9927021308990831e-003 	5.2179782301081678e-004 	4.5144999539098989e-003
1.1288000000000000e+003 	3.7411229990983634e-003 	4.7583089525651817e-004 	4.2169538943548843e-003
1.1800000000000000e+003 	3.5131597630971719e-003 	4.3657856508997630e-004 	3.9497383281871488e-003
1.2824000000000001e+003 	3.1213848944669424e-003 	3.7041744151436728e-004 	3.4918023359813114e-003
1.3848000000000000e+003 	2.7795876078738312e-003 	3.1435365780944035e-004 	3.0939412656832734e-003
1.4872000000000000e+003 	2.4972921589069517e-003 	2.6874415778907370e-004 	2.7660363166960239e-003
1.5895999999999999e+003 	2.2567044024233776e-003 	2.3171606465417644e-004 	2.4884204670775536e-003
1.6920000000000000e+003 	2.0498742533722053e-003 	2.0155782810769699e-004 	2.2514320814799025e-003
1.7944000000000001e+003 	1.8706679495889334e-003 	1.7685845867056551e-004 	2.0475264082594987e-003
1.8968000000000000e+003 	1.7143160069985803e-003 	1.5650378974130789e-004 	1.8708197967398882e-003
1.9992000000000000e+003 	1.5770660013006605e-003 	1.3962453952727434e-004 	1.7166905408279344e-003
2.1015999999999999e+003 	1.4559277607694866e-003 	1.2554128813779242e-004 	1.5814690489072789e-003
2.2040000000000000e+003 	1.3484888593663564e-003 	1.1371970574451255e-004 	1.4622085651108689e-003
2.3064000000000001e+003 	1.2527807303554126e-003 	1.0427314874791109e-004 	1.3570538791033238e-003
2.5112000000000003e+003 	1.0920234345367197e-003 	8.9332367287175626e-005 	1.1813558018238957e-003
2.7160000000000000e+003 	9.5579131588553160e-004 	7.7226923918685518e-005 	1.0330182398042174e-003
2.9207999999999997e+003 	8.4690817924898247e-004 	6.7966554896435204e-005 	9.1487473414541751e-004
3.1255999999999999e+003 	7.5682724561212781e-004 	6.0841328911063549e-005 	8.1766857452319141e-004
3.3304000000000001e+003 	6.8151481445810234e-004 	5.5250726000869856e-005 	7.3676554045897197e-004
3.5352000000000003e+003 	6.1792181644973964e-004 	5.0753405921445281e-005 	6.6867522237118470e-004
3.7400000000000000e+003 	5.6372826375635811e-004 	4.7044005173396290e-005 	6.1077226892975454e-004
3.9447999999999997e+003 	5.1715075937015754e-004 	4.3914019419486845e-005 	5.6106477878964411e-004
4.1496000000000004e+003 	4.7680308748012637e-004 	4.1219927025868321e-005 	5.1802301450599455e-004
4.3543999999999996e+003 	4.4159614652996795e-004 	3.8861422914734021e-005 	4.8045756944470216e-004
4.5591999999999998e+003 	4.1066576019278453e-004 	3.6767207540261224e-005 	4.4743296773304577e-004
4.7640000000000000e+003 	3.8332001972495613e-004 	3.4885708498391766e-005 	4.1820572822334789e-004
4.9688000000000002e+003 	3.5900037182953537e-004 	3.3249028002890676e-005 	3.9224939983242585e-004
5.3783999999999996e+003 	3.1815103608113382e-004 	3.0360743387911664e-005 	3.4851177946904565e-004
5.7880000000000000e+003 	2.8329225006782342e-004 	2.7739753761912312e-005 	3.1103200382973567e-004
6.1976000000000004e+003 	2.5520301721065875e-004 	2.5461870847922195e-005 	2.8066488805858090e-004
6.6071999999999998e+003 	2.3164608298945866e-004 	2.3476449995642115e-005 	2.5512253298510076e-004
7.0168000000000002e+003 	2.1161428655814844e-004 	2.1726211555596939e-005 	2.3334049811374530e-004
7.4264000000000005e+003 	1.9436973041609074e-004 	2.0168056847878639e-005 	2.1453778726396934e-004
7.8360000000000000e+003 	1.7936652966172030e-004 	1.8771256769048390e-005 	1.9813778643076871e-004
8.2456000000000004e+003 	1.6619455371512956e-004 	1.7512656011014866e-005 	1.8370720972614443e-004
8.6552000000000007e+003 	1.5454019674262354e-004 	1.6373772523903158e-005 	1.7091396926652665e-004
9.0647999999999993e+003 	1.4415939352093918e-004 	1.5339351733876877e-005 	1.5949874525481613e-004
9.4743999999999996e+003 	1.3485902139783316e-004 	1.4435188507871859e-005 	1.4929420990570502e-004
1.0293600000000000e+004 	1.1916310062998938e-004 	1.2842274730259789e-005 	1.3200537536024921e-004
1.1112799999999999e+004 	1.0550067929956643e-004 	1.1414668292114023e-005 	1.1691534759168044e-004
1.1932000000000000e+004 	9.4443240622250400e-005 	1.0197710745742070e-005 	1.0464095136799247e-004
1.2751200000000001e+004 	8.5117331666054584e-005 	9.1565104891233887e-006 	9.4273842155178001e-005
1.3570400000000000e+004 	7.7166655536650407e-005 	8.2566663328008480e-006 	8.5423321869451229e-005
1.4389600000000000e+004 	7.0323490314938957e-005 	7.4728534198734898e-006 	7.7796343734812449e-005
1.5208799999999999e+004 	6.4384164345247005e-005 	6.7860880052688310e-006 	7.1170252350515834e-005
1.6027999999999998e+004 	5.9191318830693634e-005 	6.1814001167108087e-006 	6.5372718947404455e-005
1.6847200000000001e+004 	5.4621491842700158e-005 	5.6466764531541351e-006 	6.0268168295854296e-005
1.7666399999999998e+004 	5.0576448541652461e-005 	5.1719964441195748e-006 	5.5748444985772062e-005
1.8485600000000002e+004 	4.6977054640970291e-005 	4.7687659353552462e-006 	5.1745820576325523e-005
2.0124000000000000e+004 	4.0978017035875545e-005 	4.0815817311146509e-006 	4.5059598766990190e-005
2.1762399999999998e+004 	3.5798385260860328e-005 	3.4876492535505275e-006 	3.9286034514410857e-005
2.3400799999999999e+004 	3.1682578259016916e-005 	3.0046085503296410e-006 	3.4687186809346544e-005
2.5039200000000001e+004 	2.8260630266537267e-005 	2.6096924129837083e-006 	3.0870322679520983e-005
2.6677600000000002e+004 	2.5382589199971651e-005 	2.2838752677724996e-006 	2.7666464467744165e-005
2.8316000000000000e+004 	2.2936632357119442e-005 	1.9886150165822417e-006 	2.4925247373701678e-005
