-1550 0
-1.5500000000000000e+003 0.0000000000000000e+000 0.0000000000000000e+000
1
1 1 1 1
1
         t, ms                         dVp, mV                         dVs, mV                         dV, mV
5.0000000000000000e-001 	1.3769920912665243e-001 	2.6495775755752689e-002 	1.6419498488240516e-001
5.9999999999999998e-001 	1.3787825850263788e-001 	2.6480864451252386e-002 	1.6435912295389027e-001
6.9999999999999996e-001 	1.3799595432703210e-001 	2.6466330323519704e-002 	1.6446228465055179e-001
8.0000000000000004e-001 	1.3808863565261739e-001 	2.6452630050865622e-002 	1.6454126570348304e-001
9.0000000000000002e-001 	1.3816704122719173e-001 	2.6439911249372641e-002 	1.6460695247656426e-001
1.0000000000000000e+000 	1.3823529517353586e-001 	2.6428285103526093e-002 	1.6466358027706196e-001
1.1000000000000001e+000 	1.3829558884786367e-001 	2.6417809966924534e-002 	1.6471339881478814e-001
1.2000000000000000e+000 	1.3834938327942897e-001 	2.6408491439533385e-002 	1.6475787471896244e-001
1.3000000000000000e+000 	1.3839776290725667e-001 	2.6400290404503153e-002 	1.6479805331175978e-001
1.3999999999999999e+000 	1.3844157045689037e-001 	2.6393455992167209e-002 	1.6483502644905759e-001
1.6000000000000001e+000 	1.3989755019814790e-001 	2.6382396142497162e-002 	1.6627994634064497e-001
1.8000000000000000e+000 	1.3858379153177855e-001 	2.6373454118007254e-002 	1.6495724564978576e-001
2.0000000000000000e+000 	1.3863967815282674e-001 	2.6366507685185236e-002 	1.6500618583801208e-001
2.2000000000000002e+000 	1.3868827223122845e-001 	2.6360944618000440e-002 	1.6504921684922894e-001
2.3999999999999999e+000 	1.3873104144821877e-001 	2.6356216256002925e-002 	1.6508725770422175e-001
2.6000000000000001e+000 	1.3876907715086370e-001 	2.6351884656929482e-002 	1.6512096180779326e-001
2.7999999999999998e+000 	1.3880320316914677e-001 	2.6347627821968905e-002 	1.6515083099111563e-001
3.0000000000000000e+000 	1.3883405316381181e-001 	2.6343226843952204e-002 	1.6517728000776399e-001
3.2000000000000002e+000 	1.3886212368304218e-001 	2.6338546598309660e-002 	1.6520067028135182e-001
3.3999999999999999e+000 	1.3888781042260656e-001 	2.6333515816793471e-002 	1.6522132623939992e-001
3.6000000000000001e+000 	1.3891143335601466e-001 	2.6327981164969753e-002 	1.6523941452098437e-001
4.0000000000000000e+000 	1.3945843954765441e-001 	2.6315858422902200e-002 	1.6577429797055662e-001
4.4000000000000004e+000 	1.3899037803170292e-001 	2.6302873281270501e-002 	1.6529325131297354e-001
4.7999999999999998e+000 	1.3902248247572099e-001 	2.6289119509415891e-002 	1.6531160198513692e-001
5.2000000000000002e+000 	1.3905098587265860e-001 	2.6274863210465446e-002 	1.6532584908312403e-001
5.5999999999999996e+000 	1.3907665421688087e-001 	2.6260398948764294e-002 	1.6533705316564512e-001
6.0000000000000000e+000 	1.3910012894304977e-001 	2.6246003230232285e-002 	1.6534613217328195e-001
6.4000000000000004e+000 	1.3912195005228753e-001 	2.6231906777658617e-002 	1.6535385682994605e-001
6.7999999999999998e+000 	1.3914256461398250e-001 	2.6218288682932789e-002 	1.6536085329691538e-001
7.2000000000000002e+000 	1.3916232791831304e-001 	2.6205280334997919e-002 	1.6536760825331087e-001
7.5999999999999996e+000 	1.3918150362326132e-001 	2.6192971220025122e-002 	1.6537447484328649e-001
8.0000000000000000e+000 	1.3920026660612031e-001 	2.6181703712678299e-002 	1.6538197031879859e-001
8.8000000000000007e+000 	1.3951242522535445e-001 	2.6161448977877606e-002 	1.6567387420323207e-001
9.5999999999999996e+000 	1.3927175123626540e-001 	2.6143285342280422e-002 	1.6541503657854578e-001
1.0400000000000000e+001 	1.3930436861619758e-001 	2.6127143039490500e-002 	1.6543151165568809e-001
1.1199999999999999e+001 	1.3933361134115849e-001 	2.6112286262129268e-002 	1.6544589760328779e-001
1.2000000000000000e+001 	1.3935827953751198e-001 	2.6097766093339199e-002 	1.6545604563085120e-001
1.2800000000000001e+001 	1.3937717955790893e-001 	2.6082527676445873e-002 	1.6545970723435474e-001
1.3600000000000000e+001 	1.3938922167354750e-001 	2.6065483421545955e-002 	1.6545470509509350e-001
1.4400000000000000e+001 	1.3939346860464522e-001 	2.6045569841995516e-002 	1.6543903844664071e-001
1.5199999999999999e+001 	1.3938914866910335e-001 	2.6021793194529148e-002 	1.6541094186363253e-001
1.6000000000000000e+001 	1.3937564733371011e-001 	2.5993263344923693e-002 	1.6536891067863377e-001
1.6800000000000001e+001 	1.3935248797731606e-001 	2.5959215768514170e-002 	1.6531170374583018e-001
1.7600000000000001e+001 	1.3931930914760599e-001 	2.5919023073082775e-002 	1.6523833222068873e-001
1.8399999999999999e+001 	1.3927584259768361e-001 	2.5869422449578933e-002 	1.6514526504726246e-001
2.0000000000000000e+001 	1.3930770253776181e-001 	2.5748167004727665e-002 	1.6505586954248944e-001
2.1600000000000001e+001 	1.3899591727027955e-001 	2.5603489847617376e-002 	1.6459940711789683e-001
2.3199999999999999e+001 	1.3879172014178268e-001 	2.5431487786350120e-002 	1.6422320792813283e-001
2.4800000000000001e+001 	1.3854474858380231e-001 	2.5233198022965798e-002 	1.6377794660676812e-001
2.6399999999999999e+001 	1.3825549109376456e-001 	2.5010722396613522e-002 	1.6326621349037806e-001
2.8000000000000000e+001 	1.3792474410356700e-001 	2.4766793663561746e-002 	1.6269153776712880e-001
2.9600000000000001e+001 	1.3755357419332859e-001 	2.4504441509627922e-002 	1.6205801570295653e-001
3.1199999999999999e+001 	1.3714328437144266e-001 	2.4226778000939565e-002 	1.6137006237238227e-001
3.2800000000000004e+001 	1.3669538091794081e-001 	2.3936857013100405e-002 	1.6063223793104109e-001
3.4399999999999999e+001 	1.3621153919858167e-001 	2.3637573855455597e-002 	1.5984911305403729e-001
3.6000000000000000e+001 	1.3569356856395048e-001 	2.3331595872104174e-002 	1.5902516443605469e-001
3.7600000000000001e+001 	1.3514337736831938e-001 	2.3021201056901107e-002 	1.5816457842522053e-001
4.0800000000000004e+001 	1.3401661336660936e-001 	2.2398490184068441e-002 	1.5641510355067778e-001
4.4000000000000000e+001 	1.3266629565612878e-001 	2.1781954068507452e-002 	1.5444824972463628e-001
4.7199999999999996e+001 	1.3128644287744337e-001 	2.1178265162436961e-002 	1.5246470803988033e-001
5.0399999999999999e+001 	1.2983192452155021e-001 	2.0593386174289349e-002 	1.5042531069583959e-001
5.3600000000000001e+001 	1.2831636417848408e-001 	2.0031346186000054e-002 	1.4834771036448410e-001
5.6800000000000004e+001 	1.2675217096223088e-001 	1.9494454578563056e-002 	1.4624662554079393e-001
6.0000000000000000e+001 	1.2515043174206236e-001 	1.8983688611989524e-002 	1.4413412035405196e-001
6.3200000000000003e+001 	1.2352090723049511e-001 	1.8499071833505472e-002 	1.4201997906400057e-001
6.6400000000000006e+001 	1.2187209240624540e-001 	1.8039981486347209e-002 	1.3991207389259253e-001
6.9599999999999994e+001 	1.2021131377944654e-001 	1.7605382947719597e-002 	1.3781669672716604e-001
7.2799999999999997e+001 	1.1854484424355048e-001 	1.7201881535334130e-002 	1.3574672577888458e-001
7.9200000000000003e+001 	1.1525185570749152e-001 	1.6458389488474872e-002 	1.3171024519596639e-001
8.5599999999999994e+001 	1.1192633069260406e-001 	1.5773594907785259e-002 	1.2769992560038931e-001
9.2000000000000000e+001 	1.0868481584650416e-001 	1.5152324103181540e-002 	1.2383713994968568e-001
9.8400000000000006e+001 	1.0551263737150239e-001 	1.4587359569178195e-002 	1.2009999694068063e-001
1.0480000000000001e+002 	1.0242140184310829e-001 	1.4071419303672950e-002 	1.1649282114678126e-001
1.1119999999999999e+002 	9.9418700739927507e-002 	1.3597913389265713e-002 	1.1301661412919323e-001
1.1759999999999999e+002 	9.6509090234607117e-002 	1.3161128093049883e-002 	1.0967021832765698e-001
1.2400000000000000e+002 	9.3694880993623567e-002 	1.2756208289191003e-002 	1.0645108928281456e-001
1.3039999999999998e+002 	9.0976741668960581e-002 	1.2379066774396654e-002 	1.0335580844335730e-001
1.3680000000000001e+002 	8.8354149947198882e-002 	1.2026272802708397e-002 	1.0038042274990729e-001
1.4319999999999999e+002 	8.5825727205991270e-002 	1.1701576031693594e-002 	9.7527303237684909e-002
1.5600000000000000e+002 	8.1092225655219868e-002 	1.1105859691271617e-002 	9.2198085346491501e-002
1.6880000000000001e+002 	7.6599555425315796e-002 	1.0556669668270046e-002 	8.7156225093585893e-002
1.8160000000000002e+002 	7.2483849905262646e-002 	1.0056563210163247e-002 	8.2540413115425926e-002
1.9439999999999998e+002 	6.8669154033014296e-002 	9.5988488932111319e-003 	7.8268002926225391e-002
2.0719999999999999e+002 	6.5132219354350263e-002 	9.1774996947926197e-003 	7.4309719049142867e-002
2.2000000000000000e+002 	6.1850617973351729e-002 	8.7874791999800542e-003 	7.0638097173331832e-002
2.3280000000000001e+002 	5.8803199214488816e-002 	8.4247135817457942e-003 	6.7227912796234621e-002
2.4560000000000002e+002 	5.5970309549494987e-002 	8.0859321886926315e-003 	6.4056241738187594e-002
2.5840000000000003e+002 	5.3333861850904080e-002 	7.7684854900374606e-003 	6.1102347340941540e-002
2.7119999999999999e+002 	5.0877313896034913e-002 	7.4701922491634178e-003 	5.8347506145198333e-002
2.8400000000000000e+002 	4.8585595741154917e-002 	7.1892259882206768e-003 	5.5774821729375590e-002
2.9680000000000001e+002 	4.6445011110515300e-002 	6.9240337699018406e-003 	5.3369044880417139e-002
3.0959999999999997e+002 	4.4443128215189892e-002 	6.6781736086510123e-003 	5.1121301823840906e-002
3.3519999999999999e+002 	4.0853070909402066e-002 	6.2248954674536776e-003 	4.7077966376855733e-002
3.6080000000000001e+002 	3.7587271489549427e-002 	5.8063750419986779e-003 	4.3393646531548119e-002
3.8640000000000003e+002 	3.4746586483205527e-002 	5.4259666163976785e-003 	4.0172553099603193e-002
4.1200000000000000e+002 	3.2223786630278743e-002 	5.0799619513389105e-003 	3.7303748581617668e-002
4.3759999999999997e+002 	2.9973920481111072e-002 	4.7645041936025742e-003 	3.4738424674713650e-002
4.6319999999999999e+002 	2.7959269213973827e-002 	4.4760628973535268e-003 	3.2435332111327354e-002
4.8880000000000001e+002 	2.6148196935753477e-002 	4.2115768987777153e-003 	3.0359773834531204e-002
5.1439999999999998e+002 	2.4514099725045195e-002 	3.9684267583384022e-003 	2.8482526483383605e-002
5.4000000000000000e+002 	2.3034517377017553e-002 	3.7443642654663239e-003 	2.6778881642483876e-002
5.6560000000000002e+002 	2.1690404424681752e-002 	3.5374463758403498e-003 	2.5227850800522110e-002
5.9119999999999993e+002 	2.0465538087081171e-002 	3.3459822543431229e-003 	2.3811520341424294e-002
6.1680000000000007e+002 	1.9346038448570458e-002 	3.1731579877094622e-003 	2.2519196436279920e-002
6.6800000000000000e+002 	1.7400875817396039e-002 	2.8637083992056802e-003 	2.0264584216601718e-002
7.1919999999999993e+002 	1.5683557097532736e-002 	2.5859686855590159e-003 	1.8269525783091749e-002
7.7039999999999998e+002 	1.4245775867942585e-002 	2.3424529521495576e-003 	1.6588228820092137e-002
8.2160000000000002e+002 	1.3006486784245644e-002 	2.1289266267249629e-003 	1.5135413410970603e-002
8.7280000000000007e+002 	1.1929896440180721e-002 	1.9411639411424752e-003 	1.3871060381323196e-002
9.2400000000000000e+002 	1.0987802691727978e-002 	1.7754310963078107e-003 	1.2763233788035788e-002
9.7519999999999993e+002 	1.0157889486133276e-002 	1.6285827313557203e-003 	1.1786472217488991e-002
1.0264000000000001e+003 	9.4223574212591032e-003 	1.4980024977368060e-003 	1.0920359918995908e-002
1.0775999999999999e+003 	8.7668783517862829e-003 	1.3815104933279935e-003 	1.0148388845114280e-002
1.1288000000000000e+003 	8.1798105272398881e-003 	1.2772788642681691e-003 	9.4570893915080570e-003
1.1800000000000000e+003 	7.6516101549753829e-003 	1.1871655726800252e-003 	8.8387757276554083e-003
1.2824000000000001e+003 	6.7518608918598734e-003 	1.0330944946919027e-003 	7.7849553865517781e-003
1.3848000000000000e+003 	5.9743727350051422e-003 	9.0063572206142682e-004 	6.8750084570665653e-003
1.4872000000000000e+003 	5.3391147352927623e-003 	7.9082241221418905e-004 	6.1299371475069522e-003
1.5895999999999999e+003 	4.8023209213487661e-003 	6.9985110335268137e-004 	5.5021720247014445e-003
1.6920000000000000e+003 	4.3442513429287899e-003 	6.2416474021971828e-004 	4.9684160831485087e-003
1.7944000000000001e+003 	3.9499141980461755e-003 	5.6079373453170236e-004 	4.5107079325778779e-003
1.8968000000000000e+003 	3.6078161955337934e-003 	5.0736924019279515e-004 	4.1151854357265889e-003
1.9992000000000000e+003 	3.3090268518431660e-003 	4.6202349354569709e-004 	3.7710503453888635e-003
2.1015999999999999e+003 	3.0465066534691053e-003 	4.2328031696042161e-004 	3.4697869704295274e-003
2.2040000000000000e+003 	2.8146298675617212e-003 	3.8996544070719988e-004 	3.2045953082689206e-003
2.3064000000000001e+003 	2.6088440739642483e-003 	3.6247369856476407e-004 	2.9713177725290136e-003
2.5112000000000003e+003 	2.2647636189793456e-003 	3.1743890464191695e-004 	2.5822025236212618e-003
2.7160000000000000e+003 	1.9747703583886610e-003 	2.7983715477752615e-004 	2.2546075131661867e-003
2.9207999999999997e+003 	1.7443359469405016e-003 	2.4980466807745030e-004 	1.9941406150179521e-003
3.1255999999999999e+003 	1.5546060689537982e-003 	2.2563752821073082e-004 	1.7802435971645287e-003
3.3304000000000001e+003 	1.3966460683099997e-003 	2.0586700174898053e-004 	1.6025130700589808e-003
3.5352000000000003e+003 	1.2637556791039034e-003 	1.8938625865828136e-004 	1.4531419377621848e-003
3.7400000000000000e+003 	1.1508735502665530e-003 	1.7540236014839411e-004 	1.3262759104149468e-003
3.9447999999999997e+003 	1.0541338683889886e-003 	1.6335070315894848e-004 	1.2174845715479370e-003
4.1496000000000004e+003 	9.7054859961548075e-004 	1.5282432211252890e-004 	1.1233729217280102e-003
4.3543999999999996e+003 	8.9778161729105351e-004 	1.4352467435035262e-004 	1.0413062916414058e-003
4.5591999999999998e+003 	8.3398719918556942e-004 	1.3522872313899740e-004 	9.6921592232456649e-004
4.7640000000000000e+003 	7.7769315324562158e-004 	1.2776685832318759e-004 	9.0546001156880860e-004
4.9688000000000002e+003 	7.2771505311272037e-004 	1.2125362173169849e-004 	8.4896867484441903e-004
5.3783999999999996e+003 	6.4395106946160306e-004 	1.0984620019645114e-004 	7.5379726965805398e-004
5.7880000000000000e+003 	5.7262955676054984e-004 	9.9682461053909974e-005 	6.7231201781445986e-004
6.1976000000000004e+003 	5.1531269782639170e-004 	9.0936129218618375e-005 	6.0624882704501037e-004
6.6071999999999998e+003 	4.6734150444275165e-004 	8.3375323367499804e-005 	5.5071682781025137e-004
7.0168000000000002e+003 	4.2661815627019245e-004 	7.6772325606251071e-005 	5.0339048187644341e-004
7.4264000000000005e+003 	3.9161096098093347e-004 	7.0950476723645684e-005 	4.6256143770457924e-004
7.8360000000000000e+003 	3.6119038737259955e-004 	6.5777455127724534e-005 	4.2696784250032400e-004
8.2456000000000004e+003 	3.3451019986144726e-004 	6.1151503353615094e-005 	3.9566170321506230e-004
8.6552000000000007e+003 	3.1092491786460536e-004 	5.6991983963665555e-005 	3.6791690182827084e-004
9.0647999999999993e+003 	2.8993326012975831e-004 	5.3233643442814773e-005 	3.4316690357257310e-004
9.4743999999999996e+003 	2.7113930313606355e-004 	4.9948230856924597e-005 	3.2108753399298813e-004
1.0293600000000000e+004 	2.3945078981250581e-004 	4.4198499865689137e-005 	2.8364928967819486e-004
1.1112799999999999e+004 	2.1188593256378388e-004 	3.9104079899467471e-005 	2.5099001246325133e-004
1.1932000000000000e+004 	1.8960131586291871e-004 	3.4764563582567795e-005 	2.2436587944548643e-004
1.2751200000000001e+004 	1.7082042441621370e-004 	3.1051000422319933e-005 	2.0187142483853355e-004
1.3570400000000000e+004 	1.5481912162007856e-004 	2.7844307789629704e-005 	1.8266342940970819e-004
1.4389600000000000e+004 	1.4105411146491344e-004 	2.5053950503431190e-005 	1.6610806196834464e-004
1.5208799999999999e+004 	1.2911263174671114e-004 	2.2610855583784863e-005 	1.5172348733049604e-004
1.6027999999999998e+004 	1.1867614755764225e-004 	2.0460756730104523e-005 	1.3913690428774678e-004
1.6847200000000001e+004 	1.0949498668115980e-004 	1.8560174410802341e-005 	1.2805516109196214e-004
1.7666399999999998e+004 	1.0137065992644094e-004 	1.6873794677195212e-005 	1.1824445460363615e-004
1.8485600000000002e+004 	9.4143387865103069e-005 	1.5436016088281128e-005 	1.0957940395338417e-004
2.0124000000000000e+004 	8.2102395621863809e-005 	1.2995962434632365e-005 	9.5098358056496185e-005
2.1762399999999998e+004 	7.1708703184933782e-005 	1.0908037840646399e-005 	8.2616741025580182e-005
2.3400799999999999e+004 	6.3453497982478649e-005 	9.2117956369056488e-006 	7.2665293619384323e-005
2.5039200000000001e+004 	5.6592083172110234e-005 	7.8311296359802970e-006 	6.4423212808090529e-005
2.6677600000000002e+004 	5.0822740727682888e-005 	6.7010644403621141e-006 	5.7523805168044994e-005
2.8316000000000000e+004 	4.5920608784448756e-005 	5.6821948950929790e-006 	5.1602803679541752e-005
-1850 0
-1.8500000000000000e+003 0.0000000000000000e+000 0.0000000000000000e+000
1
1 1 1 1
1
         t, ms                         dVp, mV                         dVs, mV                         dV, mV
5.0000000000000000e-001 	1.1037266996818913e-001 	1.8889003032917562e-002 	1.2926167300110672e-001
5.9999999999999998e-001 	1.1051154623524255e-001 	1.8871227243172656e-002 	1.2938277347841523e-001
6.9999999999999996e-001 	1.1060283511033454e-001 	1.8854056632693329e-002 	1.2945689174302785e-001
8.0000000000000004e-001 	1.1067472187517781e-001 	1.8838133491020665e-002 	1.2951285536619853e-001
9.0000000000000002e-001 	1.1073553579455669e-001 	1.8823527232159819e-002 	1.2955906302671649e-001
1.0000000000000000e+000 	1.1078847569303715e-001 	1.8810284524275321e-002 	1.2959876021731248e-001
1.1000000000000001e+000 	1.1083524128373469e-001 	1.8798412293623730e-002 	1.2963365357735848e-001
1.2000000000000000e+000 	1.1087696580882894e-001 	1.8787875379154408e-002 	1.2966484118798335e-001
1.3000000000000000e+000 	1.1091449040949683e-001 	1.8778602194814229e-002 	1.2969309260431111e-001
1.3999999999999999e+000 	1.1094846873940709e-001 	1.8770847722279958e-002 	1.2971931646168708e-001
1.6000000000000001e+000 	1.1207774191600253e-001 	1.8758212228227447e-002 	1.3083595414422999e-001
1.8000000000000000e+000 	1.1105877904254502e-001 	1.8747898687650220e-002 	1.2980667773019522e-001
2.0000000000000000e+000 	1.1110212601825854e-001 	1.8739779574756060e-002 	1.2984190559301456e-001
2.2000000000000002e+000 	1.1113981666751573e-001 	1.8733197746266621e-002 	1.2987301441378238e-001
2.3999999999999999e+000 	1.1117298937621396e-001 	1.8727571332073093e-002 	1.2990056070828709e-001
2.6000000000000001e+000 	1.1120249063095264e-001 	1.8722440295698469e-002 	1.2992493092665106e-001
2.7999999999999998e+000 	1.1122895942174195e-001 	1.8717468795612140e-002 	1.2994642821735405e-001
3.0000000000000000e+000 	1.1125288723594434e-001 	1.8712429473301380e-002 	1.2996531670924569e-001
3.2000000000000002e+000 	1.1127465921242759e-001 	1.8707181938189231e-002 	1.2998184115061687e-001
3.3999999999999999e+000 	1.1129458226502259e-001 	1.8701651346474418e-002 	1.2999623361149698e-001
3.6000000000000001e+000 	1.1131290457559888e-001 	1.8695704589241049e-002 	1.3000860916483989e-001
4.0000000000000000e+000 	1.1173716804411951e-001 	1.8682942835438258e-002 	1.3042011087955777e-001
4.4000000000000004e+000 	1.1137413514131414e-001 	1.8669496927533041e-002 	1.3004363206884714e-001
4.7999999999999998e+000 	1.1139903566469088e-001 	1.8655480195602224e-002 	1.3005451586029310e-001
5.2000000000000002e+000 	1.1142114291461107e-001 	1.8641141696995094e-002 	1.3006228461160618e-001
5.5999999999999996e+000 	1.1144105059383104e-001 	1.8626755366680917e-002 	1.3006780596051196e-001
6.0000000000000000e+000 	1.1145925538200845e-001 	1.8612576229251158e-002 	1.3007183161125954e-001
6.4000000000000004e+000 	1.1147617468715941e-001 	1.8598813990415655e-002 	1.3007498867757511e-001
6.7999999999999998e+000 	1.1149215305380578e-001 	1.8585627796194798e-002 	1.3007778085000055e-001
7.2000000000000002e+000 	1.1150746288971987e-001 	1.8573130425596548e-002 	1.3008059331531641e-001
7.5999999999999996e+000 	1.1152230445443166e-001 	1.8561394191119657e-002 	1.3008369864555130e-001
8.0000000000000000e+000 	1.1153680799590410e-001 	1.8550752744697561e-002 	1.3008756074060165e-001
8.8000000000000007e+000 	1.1177871814781801e-001 	1.8531811869129666e-002 	1.3031053001694770e-001
9.5999999999999996e+000 	1.1159169724075171e-001 	1.8514962157884035e-002 	1.3010665939863580e-001
1.0400000000000000e+001 	1.1161638152126090e-001 	1.8500083455560489e-002 	1.3011646497682139e-001
1.1199999999999999e+001 	1.1163810940863106e-001 	1.8486379209551540e-002 	1.3012448861818257e-001
1.2000000000000000e+001 	1.1165585416211894e-001 	1.8472848696625469e-002 	1.3012870285874442e-001
1.2800000000000001e+001 	1.1166858932839009e-001 	1.8458395409415736e-002 	1.3012698473780585e-001
1.3600000000000000e+001 	1.1167536662118886e-001 	1.8441900250883575e-002 	1.3011726687207242e-001
1.4400000000000000e+001 	1.1167535497902045e-001 	1.8422277918526027e-002 	1.3009763289754653e-001
1.5199999999999999e+001 	1.1166785166906057e-001 	1.8398521890368554e-002 	1.3006637355942907e-001
1.6000000000000000e+001 	1.1165227634815512e-001 	1.8369737556068261e-002 	1.3002201390422338e-001
1.6800000000000001e+001 	1.1162815665837245e-001 	1.8335163459516624e-002 	1.2996332011788911e-001
1.7600000000000001e+001 	1.1159511113968318e-001 	1.8294182060761301e-002 	1.2988929320044448e-001
1.8399999999999999e+001 	1.1155283285070981e-001 	1.8243470805845707e-002 	1.2979630365655556e-001
2.0000000000000000e+001 	1.1155576924605125e-001 	1.8119387388751195e-002 	1.2967515663480247e-001
2.1600000000000001e+001 	1.1128683229315176e-001 	1.7971427211380668e-002 	1.2925825950453243e-001
2.3199999999999999e+001 	1.1109425535525523e-001 	1.7795792847133583e-002 	1.2889004820238881e-001
2.4800000000000001e+001 	1.1086131208152461e-001 	1.7593789217878322e-002 	1.2845510129940291e-001
2.6399999999999999e+001 	1.1058800344869760e-001 	1.7367812967757648e-002 	1.2795581641645526e-001
2.8000000000000000e+001 	1.1027469537396840e-001 	1.7120897822236834e-002 	1.2739559319620525e-001
2.9600000000000001e+001 	1.0992209079300563e-001 	1.6856367337440083e-002 	1.2677845813044569e-001
3.1199999999999999e+001 	1.0953119800344244e-001 	1.6577610615265772e-002 	1.2610880861870824e-001
3.2800000000000004e+001 	1.0910329466061620e-001 	1.6287934461527865e-002 	1.2539122912214409e-001
3.4399999999999999e+001 	1.0863988794102646e-001 	1.5990457976873755e-002 	1.2463034591790023e-001
3.6000000000000000e+001 	1.0814267242484060e-001 	1.5688040111286092e-002 	1.2383071253612667e-001
3.7600000000000001e+001 	1.0761348765763729e-001 	1.5383941191881358e-002 	1.2299742884951863e-001
4.0800000000000004e+001 	1.0651538055543956e-001 	1.4780344918946895e-002 	1.2129572547438647e-001
4.4000000000000000e+001 	1.0522293939996308e-001 	1.4190012480307946e-002 	1.1941295188027108e-001
4.7199999999999996e+001 	1.0388841774442356e-001 	1.3620986151633799e-002 	1.1750940389605735e-001
5.0399999999999999e+001 	1.0248128716039667e-001 	1.3079160005631614e-002 	1.1556044716602829e-001
5.3600000000000001e+001 	1.0101579913965693e-001 	1.2568164025984657e-002 	1.1358396316564161e-001
5.6800000000000004e+001 	9.9505001150501218e-002 	1.2089690330216908e-002 	1.1159469148071811e-001
6.0000000000000000e+001 	9.7960578831307543e-002 	1.1643960572097658e-002 	1.0960453940340521e-001
6.3200000000000003e+001 	9.6392819325364837e-002 	1.1230167047114666e-002 	1.0762298637247951e-001
6.6400000000000006e+001 	9.4810653303756431e-002 	1.0846829744721882e-002 	1.0565748304847832e-001
6.9599999999999994e+001 	9.3221744750659474e-002 	1.0492068685567060e-002 	1.0371381343622658e-001
7.2799999999999997e+001 	9.1632606104809236e-002 	1.0172389552935909e-002 	1.0180499565774509e-001
7.9200000000000003e+001 	8.8505429570243058e-002 	9.6025086193428609e-003 	9.8107938189585922e-002
8.5599999999999994e+001 	8.5379469734404176e-002 	9.0943314707206853e-003 	9.4473801205124885e-002
9.2000000000000000e+001 	8.2353343138295385e-002 	8.6509315355199588e-003 	9.1004274673815333e-002
9.8400000000000006e+001 	7.9416763921893022e-002 	8.2624988046492553e-003 	8.7679262726542292e-002
1.0480000000000001e+002 	7.6579583434207329e-002 	7.9197408704566440e-003 	8.4499324304663975e-002
1.1119999999999999e+002 	7.3847401115503655e-002 	7.6146648960145908e-003 	8.1462066011518258e-002
1.1759999999999999e+002 	7.1222689186106261e-002 	7.3406741026255194e-003 	7.8563363288731813e-002
1.2400000000000000e+002 	6.8705688517755922e-002 	7.0924347562045771e-003 	7.5798123273960502e-002
1.3039999999999998e+002 	6.6295083214962164e-002 	6.8656764478532140e-003 	7.3160759662815378e-002
1.3680000000000001e+002 	6.3988494862795370e-002 	6.6569900308545496e-003 	7.0645484893649940e-002
1.4319999999999999e+002 	6.1782839806482151e-002 	6.4681233436099054e-003 	6.8250963150092062e-002
1.5600000000000000e+002 	5.7700330591786052e-002 	6.1267228903793972e-003 	6.3827053482165441e-002
1.6880000000000001e+002 	5.3883634154818512e-002 	5.8153893458267108e-003 	5.9699023500645210e-002
1.8160000000000002e+002 	5.0439581027142716e-002 	5.5350232943789067e-003 	5.5974604321521605e-002
1.9439999999999998e+002 	4.7293026844974217e-002 	5.2806209233523908e-003 	5.2573647768326591e-002
2.0719999999999999e+002 	4.4415771394685610e-002 	5.0479361850431122e-003 	4.9463707579728733e-002
2.2000000000000000e+002 	4.1781646065935381e-002 	4.8335756386266547e-003 	4.6615221704562046e-002
2.3280000000000001e+002 	3.9366750158909461e-002 	4.6349036183039151e-003 	4.4001653777213393e-002
2.4560000000000002e+002 	3.7149470724845896e-002 	4.4498803925114875e-003 	4.1599351117357374e-002
2.5840000000000003e+002 	3.5110384121201814e-002 	4.2769020100175267e-003 	3.9387286131219355e-002
2.7119999999999999e+002 	3.3232098856612706e-002 	4.1146760274242099e-003 	3.7346774884036919e-002
2.8400000000000000e+002 	3.1499074966714329e-002 	3.9621354778498511e-003 	3.5461210444564191e-002
2.9680000000000001e+002 	2.9897439965791570e-002 	3.8183813307215543e-003 	3.3715821296513099e-002
3.0959999999999997e+002 	2.8414812165685865e-002 	3.6854082315329459e-003 	3.2100220397218805e-002
3.3519999999999999e+002 	2.5794564911092811e-002 	3.4407151400695189e-003 	2.9235280051162330e-002
3.6080000000000001e+002 	2.3446904653752459e-002 	3.2149527234845688e-003 	2.6661857377237044e-002
3.8640000000000003e+002 	2.1443115768438450e-002 	3.0100096972307516e-003 	2.4453125465669214e-002
4.1200000000000000e+002 	1.9691838784616576e-002 	2.8238758944951893e-003 	2.2515714679111759e-002
4.3759999999999997e+002 	1.8153012806261342e-002 	2.6543856990094289e-003 	2.0807398505270774e-002
4.6319999999999999e+002 	1.6793801730456717e-002 	2.4995350445914163e-003 	1.9293336775048135e-002
4.8880000000000001e+002 	1.5587283771228991e-002 	2.3575978787347164e-003 	1.7944881649963714e-002
5.1439999999999998e+002 	1.4511304611553557e-002 	2.2271132053681645e-003 	1.6738417816921720e-002
5.4000000000000000e+002 	1.3547539398757330e-002 	2.1068390246636684e-003 	1.5654378423421000e-002
5.6560000000000002e+002 	1.2680744974623464e-002 	1.9957100843538884e-003 	1.4676455058977357e-002
5.9119999999999993e+002 	1.1898168790940656e-002 	1.8928052335980298e-003 	1.3790974024538688e-002
6.1680000000000007e+002 	1.1189081993685015e-002 	1.7998678591461959e-003 	1.2988949852831212e-002
6.6800000000000000e+002 	9.9713515860091577e-003 	1.6331700917079440e-003 	1.1604521677717099e-002
7.1919999999999993e+002 	8.9086488633243546e-003 	1.4830441498713393e-003 	1.0391693013195692e-002
7.7039999999999998e+002 	8.0318505317004737e-003 	1.3509889088673980e-003 	9.3828394405678691e-003
8.2160000000000002e+002 	7.2848332855574875e-003 	1.2348486467560101e-003 	8.5196819323135019e-003
8.7280000000000007e+002 	6.6425447908975187e-003 	1.1323888231057719e-003 	7.7749336140032869e-003
9.2400000000000000e+002 	6.0856213017164889e-003 	1.0416226270149433e-003 	7.1272439287314313e-003
9.7519999999999993e+002 	5.5990107751087400e-003 	9.6088601986779988e-004 	6.5598967949765394e-003
1.0264000000000001e+003 	5.1708995041056674e-003 	8.8880340897513151e-004 	6.0597029130807995e-003
1.0775999999999999e+003 	4.7919136830782607e-003 	8.2423263182461644e-004 	5.6161463149028753e-003
1.1288000000000000e+003 	4.4545340384426714e-003 	7.6621689051140324e-004 	5.2207509289540757e-003
1.1800000000000000e+003 	4.1526664351000117e-003 	7.1583728909471657e-004 	4.8685037241947299e-003
1.2824000000000001e+003 	3.6420669124708708e-003 	6.2915866114419267e-004 	4.2712255736150643e-003
1.3848000000000000e+003 	3.2042519222335243e-003 	5.5404137112128400e-004 	3.7582932933548072e-003
1.4872000000000000e+003 	2.8496875401358792e-003 	4.9124311682499546e-004 	3.3409306569608752e-003
1.5895999999999999e+003 	2.5522188171152771e-003 	4.3879016590841769e-004 	2.9910089830236949e-003
1.6920000000000000e+003 	2.2999698043404933e-003 	3.9476952189145394e-004 	2.6947393262319467e-003
1.7944000000000001e+003 	2.0840212706844524e-003 	3.5757342575783581e-004 	2.4415946964422889e-003
1.8968000000000000e+003 	1.8976054314446425e-003 	3.2591987961124000e-004 	2.2235253110558829e-003
1.9992000000000000e+003 	1.7355120917941123e-003 	2.9879708900051730e-004 	2.0343091807946290e-003
2.1015999999999999e+003 	1.5936679977776905e-003 	2.7540271666786443e-004 	1.8690707144455555e-003
2.2040000000000000e+003 	1.4688417362915839e-003 	2.5509555414499117e-004 	1.7239372904365750e-003
2.3064000000000001e+003 	1.3584355259741443e-003 	2.3815955318053214e-004 	1.5965950791546764e-003
2.5112000000000003e+003 	1.1745959449069824e-003 	2.1004597151961059e-004 	1.3846419164265933e-003
2.7160000000000000e+003 	1.0204332485426783e-003 	1.8624433345339691e-004 	1.2066775819960750e-003
2.9207999999999997e+003 	8.9859139318143729e-004 	1.6695017637575622e-004 	1.0655415695571937e-003
3.1255999999999999e+003 	7.9872275036205133e-004 	1.5120551161188674e-004 	9.4992826197393815e-004
3.3304000000000001e+003 	7.1590659899112643e-004 	1.3815851442335739e-004 	8.5406511341448385e-004
3.5352000000000003e+003 	6.4647800019180049e-004 	1.2716290487602673e-004 	7.7364090506782757e-004
3.7400000000000000e+003 	5.8768596091460928e-004 	1.1775201804684383e-004 	7.0543797896145308e-004
3.9447999999999997e+003 	5.3744122293920740e-004 	1.0958896978373398e-004 	6.4703019272294171e-004
4.1496000000000004e+003 	4.9413702980328361e-004 	1.0242669005238813e-004 	5.9656371985567186e-004
4.3543999999999996e+003 	4.5652273577675431e-004 	9.6080569669370312e-005 	5.5260330544612459e-004
4.5591999999999998e+003 	4.2361410190967319e-004 	9.0410161422618365e-005 	5.1402426333229160e-004
4.7640000000000000e+003 	3.9462881569793910e-004 	8.5306785161550508e-005 	4.7993560085948957e-004
4.9688000000000002e+003 	3.6893945735716173e-004 	8.0857075821621295e-005 	4.4979653317878300e-004
5.3783999999999996e+003 	3.2597710881175830e-004 	7.3073670498628322e-005 	3.9905077931038659e-004
5.7880000000000000e+003 	2.8947731952916821e-004 	6.6150148183014709e-005 	3.5562746771218296e-004
6.1976000000000004e+003 	2.6022336994346244e-004 	6.0214977702003677e-005 	3.2043834764546622e-004
6.6071999999999998e+003 	2.3578927601893484e-004 	5.5103774735294646e-005 	2.9089305075422940e-004
7.0168000000000002e+003 	2.1508245349694921e-004 	5.0656795228608906e-005 	2.6573924872555797e-004
7.4264000000000005e+003 	1.9730781815070254e-004 	4.6750701169364586e-005 	2.4405851932006711e-004
7.8360000000000000e+003 	1.8188085205739194e-004 	4.3292662462966148e-005 	2.2517351452035810e-004
8.2456000000000004e+003 	1.6836485030767909e-004 	4.0210993835449947e-005 	2.0857584414312903e-004
8.6552000000000007e+003 	1.5642751599571062e-004 	3.7448902139654888e-005 	1.9387641813536555e-004
9.0647999999999993e+003 	1.4581132907085680e-004 	3.4960578512890496e-005 	1.8077190758374726e-004
9.4743999999999996e+003 	1.3631326483894084e-004 	3.2794425405421492e-005 	1.6910769024436223e-004
1.0293600000000000e+004 	1.2031379264157156e-004 	2.9016127076856611e-005 	1.4932991971842823e-004
1.1112799999999999e+004 	1.0640579000843285e-004 	2.5675981184870139e-005 	1.3208177119330297e-004
1.1932000000000000e+004 	9.5174673822840712e-005 	2.2842826298253117e-005 	1.1801750012109379e-004
1.2751200000000001e+004 	8.5716695981323928e-005 	2.0427104616217401e-005 	1.0614380059754132e-004
1.3570400000000000e+004 	7.7663749362250574e-005 	1.8347800028605469e-005 	9.6011549390856050e-005
1.4389600000000000e+004 	7.0740077901137503e-005 	1.6543580646199678e-005 	8.7283658547337170e-005
1.5208799999999999e+004 	6.4736465426724747e-005 	1.4967647910743110e-005 	7.9704113337467877e-005
1.6027999999999998e+004 	5.9491647308693697e-005 	1.3583338991319834e-005 	7.3074986300013530e-005
1.6847200000000001e+004 	5.4879349512353847e-005 	1.2361423420209723e-005 	6.7240772932563548e-005
1.7666399999999998e+004 	5.0799270835613694e-005 	1.1278289713322269e-005 	6.2077560548935958e-005
1.8485600000000002e+004 	4.7170731080243311e-005 	1.0356127231100581e-005 	5.7526858311343878e-005
2.0124000000000000e+004 	4.1127779517571241e-005 	8.7904404418212495e-006 	4.9918219959392489e-005
2.1762399999999998e+004 	3.5912919054211652e-005 	7.4474877204455332e-006 	4.3360406774657183e-005
2.3400799999999999e+004 	3.1772972738470312e-005 	6.3544330023398743e-006 	3.8127405740810188e-005
2.5039200000000001e+004 	2.8333098853264202e-005 	5.4618377686863844e-006 	3.3794936621950586e-005
2.6677600000000002e+004 	2.5441489336234431e-005 	4.7280349273833473e-006 	3.0169524263617790e-005
2.8316000000000000e+004 	2.2985076773184931e-005 	4.0646168256509156e-006 	2.7049693598835855e-005
-1250 0
-1.2500000000000000e+003 0.0000000000000000e+000 0.0000000000000000e+000
1
1 1 1 1
1
         t, ms                         dVp, mV                         dVs, mV                         dV, mV
5.0000000000000000e-001 	2.9778777829741681e-002 	7.8610961730676224e-003 	3.7639874002809312e-002
5.9999999999999998e-001 	2.9822024013099534e-002 	7.8618055769543727e-003 	3.7683829590053911e-002
6.9999999999999996e-001 	2.9850451038476562e-002 	7.8624580759780929e-003 	3.7712909114454664e-002
8.0000000000000004e-001 	2.9872836331898561e-002 	7.8630034533049946e-003 	3.7735839785203548e-002
9.0000000000000002e-001 	2.9891773685178879e-002 	7.8634557125332391e-003 	3.7755229397712128e-002
1.0000000000000000e+000 	2.9908259183563081e-002 	7.8638292247369870e-003 	3.7772088408300077e-002
1.1000000000000001e+000 	2.9922822084675213e-002 	7.8641374469664467e-003 	3.7786959531641656e-002
1.2000000000000000e+000 	2.9935815254334881e-002 	7.8643923928111547e-003 	3.7800207647146040e-002
1.3000000000000000e+000 	2.9947500604848420e-002 	7.8646044828490705e-003 	3.7812105087697480e-002
1.3999999999999999e+000 	2.9958081673287295e-002 	7.8647745532005701e-003 	3.7822856226487865e-002
1.6000000000000001e+000 	3.0309774361488972e-002 	7.8650471831650890e-003 	3.8174821544654056e-002
1.8000000000000000e+000 	2.9992433283049121e-002 	7.8652740626704402e-003 	3.7857707345719568e-002
2.0000000000000000e+000 	3.0005932052139330e-002 	7.8654604991282521e-003 	3.7871392551267584e-002
2.2000000000000002e+000 	3.0017669441384062e-002 	7.8656197113599301e-003 	3.7883289152743999e-002
2.3999999999999999e+000 	3.0027999937138419e-002 	7.8657594287298953e-003 	3.7893759365868321e-002
2.6000000000000001e+000 	3.0037187131382693e-002 	7.8658828224034538e-003 	3.7903069953786145e-002
2.7999999999999998e+000 	3.0045430003935950e-002 	7.8659900730821009e-003 	3.7911420077018060e-002
3.0000000000000000e+000 	3.0052881603940124e-002 	7.8660797742989529e-003 	3.7918961378239080e-002
3.2000000000000002e+000 	3.0059661863119314e-002 	7.8661499465259681e-003 	3.7925811809645271e-002
3.3999999999999999e+000 	3.0065866354826647e-002 	7.8661986685374767e-003 	3.7932065023364124e-002
3.6000000000000001e+000 	3.0071572362510134e-002 	7.8662150362074097e-003 	3.7937787398717532e-002
4.0000000000000000e+000 	3.0203702218820287e-002 	7.8661725510370799e-003 	3.8069874769857369e-002
4.4000000000000004e+000 	3.0090641191460658e-002 	7.8660530155427403e-003 	3.7956694207003393e-002
4.7999999999999998e+000 	3.0098396018530465e-002 	7.8658461330544192e-003 	3.7964242151584886e-002
5.2000000000000002e+000 	3.0105281246514345e-002 	7.8655565332535031e-003 	3.7970837779767834e-002
5.5999999999999996e+000 	3.0111482264924151e-002 	7.8651927732127976e-003 	3.7976675038136974e-002
6.0000000000000000e+000 	3.0117154741492128e-002 	7.8647652076590593e-003 	3.7981919949151177e-002
6.4000000000000004e+000 	3.0122430372074408e-002 	7.8642844283873942e-003 	3.7986714800461827e-002
6.7999999999999998e+000 	3.0127419098037289e-002 	7.8637604541155672e-003 	3.7991179552152851e-002
7.2000000000000002e+000 	3.0132209531307533e-002 	7.8632023614100197e-003 	3.7995411892717539e-002
7.5999999999999996e+000 	3.0136869098691840e-002 	7.8626181192777405e-003 	3.7999487217969585e-002
8.0000000000000000e+000 	3.0141444793757265e-002 	7.8620109006183655e-003 	3.8003455694375632e-002
8.8000000000000007e+000 	3.0217026328954674e-002 	7.8607645500189897e-003 	3.8077790878973665e-002
9.5999999999999996e+000 	3.0159201039687184e-002 	7.8595015057049307e-003 	3.8018702545392108e-002
1.0400000000000000e+001 	3.0167619312134960e-002 	7.8582261984773832e-003 	3.8025845510612347e-002
1.1199999999999999e+001 	3.0175517733733635e-002 	7.8569437992760012e-003 	3.8032461533009640e-002
1.2000000000000000e+001 	3.0182687982847557e-002 	7.8556535884458135e-003 	3.8038341571293370e-002
1.2800000000000001e+001 	3.0188925811829397e-002 	7.8543508590189232e-003 	3.8043276670848329e-002
1.3600000000000000e+001 	3.0194052699062109e-002 	7.8530286579065033e-003 	3.8047081356968632e-002
1.4400000000000000e+001 	3.0197926391363383e-002 	7.8516791713999379e-003 	3.8049605562763322e-002
1.5199999999999999e+001 	3.0200443506732455e-002 	7.8502947069020862e-003 	3.8050738213634541e-002
1.6000000000000000e+001 	3.0201537309383290e-002 	7.8488682346662345e-003 	3.8050405544049530e-002
1.6800000000000001e+001 	3.0201173056660549e-002 	7.8473935314679038e-003 	3.8048566588128448e-002
1.7600000000000001e+001 	3.0199342509409369e-002 	7.8458650275732914e-003 	3.8045207536982657e-002
1.8399999999999999e+001 	3.0196058535600402e-002 	7.8442499094402880e-003 	3.8040308445040680e-002
2.0000000000000000e+001 	3.0222014075316689e-002 	7.8407963471576365e-003 	3.8062810422474329e-002
2.1600000000000001e+001 	3.0169308809636919e-002 	7.8370611106622096e-003 	3.8006369920299127e-002
2.3199999999999999e+001 	3.0148447587028906e-002 	7.8329324583715498e-003 	3.7981380045400470e-002
2.4800000000000001e+001 	3.0123215919046833e-002 	7.8283150669793255e-003 	3.7951530986026161e-002
2.6399999999999999e+001 	3.0094099247000884e-002 	7.8230964817411520e-003 	3.7917195728742040e-002
2.8000000000000000e+001 	3.0061567695707305e-002 	7.8171486352356188e-003 	3.7878716330942919e-002
2.9600000000000001e+001 	3.0026060454904621e-002 	7.8103309596711480e-003 	3.7836391414575767e-002
3.1199999999999999e+001 	2.9987976687651213e-002 	7.8024962346268899e-003 	3.7790472922278107e-002
3.2800000000000004e+001 	2.9947671036090539e-002 	7.7934974067960568e-003 	3.7741168442886594e-002
3.4399999999999999e+001 	2.9905452271092235e-002 	7.7831938311276440e-003 	3.7688646102219864e-002
3.6000000000000000e+001 	2.9861584058564643e-002 	7.7714563878429179e-003 	3.7633040446407563e-002
3.7600000000000001e+001 	2.9816287129573862e-002 	7.7575046997038870e-003 	3.7573791829277725e-002
4.0800000000000004e+001 	2.9737261903631605e-002 	7.7243211633570806e-003 	3.7461583066988671e-002
4.4000000000000000e+001 	2.9624133857244245e-002 	7.6853671477303421e-003 	3.7309501004974585e-002
4.7199999999999996e+001 	2.9522502478384012e-002 	7.6394843329787368e-003 	3.7161986811362749e-002
5.0399999999999999e+001 	2.9417635088028301e-002 	7.5866732941251066e-003 	3.7004308382153413e-002
5.3600000000000001e+001 	2.9309601936791892e-002 	7.5272116180622219e-003 	3.6836813554854131e-002
5.6800000000000004e+001 	2.9198328807018940e-002 	7.4615717428730072e-003 	3.6659900549891947e-002
6.0000000000000000e+001 	2.9083659470263677e-002 	7.3903598478314526e-003 	3.6474019318095137e-002
6.3200000000000003e+001 	2.8965405399698833e-002 	7.3142642760478200e-003 	3.6279669675746654e-002
6.6400000000000006e+001 	2.8843381911861105e-002 	7.2340117422073340e-003 	3.6077393654068445e-002
6.9599999999999994e+001 	2.8717432210348979e-002 	7.1503318987181661e-003 	3.5867764109067134e-002
7.2799999999999997e+001 	2.8587441592652682e-002 	7.0633780549615322e-003 	3.5650819647614219e-002
7.9200000000000003e+001 	2.8321733218813167e-002 	6.8847727945369952e-003 	3.5206506013350167e-002
8.5599999999999994e+001 	2.8026781192920052e-002 	6.7041596400316747e-003 	3.4730940832951730e-002
9.2000000000000000e+001 	2.7723011709829239e-002 	6.5232627867937718e-003 	3.4246274496623021e-002
9.8400000000000006e+001 	2.7405020525746449e-002 	6.3444413763403497e-003 	3.3749461902086809e-002
1.0480000000000001e+002 	2.7074282422932999e-002 	6.1695158172602876e-003 	3.3243798240193301e-002
1.1119999999999999e+002 	2.6732453923226495e-002 	5.9997448343363955e-003 	3.2732198757562884e-002
1.1759999999999999e+002 	2.6381261389162147e-002 	5.8359050682723519e-003 	3.2217166457434492e-002
1.2400000000000000e+002 	2.6022415839953322e-002 	5.6783975447941819e-003 	3.1700813384747499e-002
1.3039999999999998e+002 	2.5657554144730605e-002 	5.5273491042720242e-003 	3.1184903249002638e-002
1.3680000000000001e+002 	2.5288202494705033e-002 	5.3826971150565395e-003 	3.0670899609761573e-002
1.4319999999999999e+002 	2.4915756970372592e-002 	5.2464355345581649e-003 	3.0162192504930768e-002
1.5600000000000000e+002 	2.4176260918036395e-002 	4.9914318998178706e-003 	2.9167692817854265e-002
1.6880000000000001e+002 	2.3420709003782892e-002 	4.7529996428608799e-003 	2.8173708646643775e-002
1.8160000000000002e+002 	2.2680645928141775e-002 	4.5327840144186232e-003 	2.7213429942560392e-002
1.9439999999999998e+002 	2.1952540075370116e-002 	4.3290674583157593e-003 	2.6281607533685886e-002
2.0719999999999999e+002 	2.1240122271333650e-002 	4.1400477878367576e-003 	2.5380170059170402e-002
2.2000000000000000e+002 	2.0546102383850667e-002 	3.9640671472442202e-003 	2.4510169531094899e-002
2.3280000000000001e+002 	1.9872362959573824e-002 	3.7996779082401866e-003 	2.3672040867814017e-002
2.4560000000000002e+002 	1.9220133208029642e-002 	3.6456436967255050e-003 	2.2865776904755154e-002
2.5840000000000003e+002 	1.8590133691764956e-002 	3.5009159250957056e-003 	2.2091049616860661e-002
2.7119999999999999e+002 	1.7982692543262804e-002 	3.3646040790833304e-003 	2.1347296622346138e-002
2.8400000000000000e+002 	1.7397837345586663e-002 	3.2359475379253916e-003 	2.0633784883512054e-002
2.9680000000000001e+002 	1.6835367320348314e-002 	3.1142915529728259e-003 	1.9949658873321147e-002
3.0959999999999997e+002 	1.6294909967921493e-002 	3.0012056236108937e-003 	1.9296115591532381e-002
3.3519999999999999e+002 	1.5289048219676086e-002 	2.7922572305750966e-003 	1.8081305450251179e-002
3.6080000000000001e+002 	1.4339818448370591e-002 	2.5991593204476443e-003 	1.6938977768818232e-002
3.8640000000000003e+002 	1.3477743376114929e-002 	2.4233850402356249e-003 	1.5901128416350552e-002
4.1200000000000000e+002 	1.2685174941550045e-002 	2.2632371928359815e-003 	1.4948412134386026e-002
4.3759999999999997e+002 	1.1956411021462743e-002 	2.1170212107481431e-003 	1.4073432232210883e-002
4.6319999999999999e+002 	1.1285935782368507e-002 	1.9832059904709115e-003 	1.3269141772839416e-002
4.8880000000000001e+002 	1.0668539918720379e-002 	1.8604522610527782e-003 	1.2528992179773156e-002
5.1439999999999998e+002 	1.0099383972097567e-002 	1.7475983076987980e-003 	1.1846982279796364e-002
5.4000000000000000e+002 	9.5740232144755060e-003 	1.6436353478681211e-003 	1.1217658562343625e-002
5.6560000000000002e+002 	9.0884077867331593e-003 	1.5476835204971319e-003 	1.0636091307230288e-002
5.9119999999999993e+002 	8.6388677757566704e-003 	1.4589714492797847e-003 	1.0097839225036452e-002
6.1680000000000007e+002 	8.2220898219661828e-003 	1.3789455964188168e-003 	9.6010354183849959e-003
6.6800000000000000e+002 	7.4842020319795324e-003 	1.2359367942550064e-003 	8.7201388262345379e-003
7.1919999999999993e+002 	6.8208753111807180e-003 	1.1080764113238471e-003 	7.9289517225045632e-003
7.7039999999999998e+002 	6.2531424054234680e-003 	9.9638628424636184e-004 	7.2495286896698307e-003
8.2160000000000002e+002 	5.7554184499249679e-003 	8.9878815003688122e-004 	6.6542065999618477e-003
8.7280000000000007e+002 	5.3166590631741504e-003 	8.1328857183837592e-004 	6.1299476350125245e-003
9.2400000000000000e+002 	4.9278028125332640e-003 	7.3813804297206324e-004 	5.6659408555053284e-003
9.7519999999999993e+002 	4.5814206008609939e-003 	6.7185341427964903e-004 	5.2532740151406418e-003
1.0264000000000001e+003 	4.2714031019195995e-003 	6.1319274088314447e-004 	4.8845958428027410e-003
1.0775999999999999e+003 	3.9927021308991039e-003 	5.6111747136731093e-004 	4.5538196022664153e-003
1.1288000000000000e+003 	3.7411229990984870e-003 	5.1475592926960179e-004 	4.2558789283680910e-003
1.1800000000000000e+003 	3.5131597630968783e-003 	4.7488914024798574e-004 	3.9880489033448634e-003
1.2824000000000001e+003 	3.1213848944670682e-003 	4.0725162213735468e-004 	3.5286365166044232e-003
1.3848000000000000e+003 	2.7795876078738099e-003 	3.4967978461700140e-004 	3.1292673924908096e-003
1.4872000000000000e+003 	2.4972921589069860e-003 	3.0245640894976559e-004 	2.7997485678567507e-003
1.5895999999999999e+003 	2.2567044024233806e-003 	2.6375144514589541e-004 	2.5204558475692752e-003
1.6920000000000000e+003 	2.0498742533722031e-003 	2.3191812551075637e-004 	2.2817923788829584e-003
1.7944000000000001e+003 	1.8706679495888686e-003 	2.0559185586577604e-004 	2.0762598054546444e-003
1.8968000000000000e+003 	1.7143160069986645e-003 	1.8368358544438443e-004 	1.8979995924430487e-003
1.9992000000000000e+003 	1.5770660013006397e-003 	1.6533559786099762e-004 	1.7424015991616374e-003
2.1015999999999999e+003 	1.4559277607695219e-003 	1.4987259961138065e-004 	1.6058003603809023e-003
2.2040000000000000e+003 	1.3484888593663072e-003 	1.3676028400901255e-004 	1.4852491433753195e-003
2.3064000000000001e+003 	1.2527807303554664e-003 	1.2611218665551700e-004 	1.3788929170109837e-003
2.5112000000000003e+003 	1.0920234345367210e-003 	1.0902699428863075e-004 	1.2010504288253517e-003
2.7160000000000000e+003 	9.5579131588551111e-004 	9.5078393465794424e-005 	1.0508697093513058e-003
2.9207999999999997e+003 	8.4690817924899266e-004 	8.4211272272690393e-005 	9.3111945152168311e-004
3.1255999999999999e+003 	7.5682724561212434e-004 	7.5677262671541948e-005 	8.3250450828366632e-004
3.3304000000000001e+003 	6.8151481445810581e-004 	6.8856356434030829e-005 	7.5037117089213638e-004
3.5352000000000003e+003 	6.1792181644974072e-004 	6.3285504693866114e-005 	6.8120732114360669e-004
3.7400000000000000e+003 	5.6372826375635724e-004 	5.8636550731720711e-005 	6.2236481448807782e-004
3.9447999999999997e+003 	5.1715075937013326e-004 	5.4680304483541108e-005 	5.7183106385367438e-004
4.1496000000000004e+003 	4.7680308748012631e-004 	5.1255679142114985e-005 	5.2805876662224104e-004
4.3543999999999996e+003 	4.4159614652996806e-004 	4.8247759007557448e-005 	4.8984390553752529e-004
4.5591999999999998e+003 	4.1066576019279136e-004 	4.5573137102298433e-005 	4.5623889729508999e-004
4.7640000000000000e+003 	3.8332001972495451e-004 	4.3170198397842807e-005 	4.2649021812279735e-004
4.9688000000000002e+003 	3.5900037182954101e-004 	4.1067845881658831e-005 	4.0006821771119982e-004
5.3783999999999996e+003 	3.1815103608113111e-004 	3.7375836341425653e-005 	3.5552687242255667e-004
5.7880000000000000e+003 	2.8329225006783020e-004 	3.4075155432645685e-005 	3.1736740550047579e-004
6.1976000000000004e+003 	2.5520301721065474e-004 	3.1212486849744972e-005 	2.8641550406039969e-004
6.6071999999999998e+003 	2.3164608298945790e-004 	2.8718863144603296e-005 	2.6036494613406125e-004
7.0168000000000002e+003 	2.1161428655815006e-004 	2.6524858759236667e-005 	2.3813914531738674e-004
7.4264000000000005e+003 	1.9436973041609011e-004 	2.4576036358073832e-005 	2.1894576677416395e-004
7.8360000000000000e+003 	1.7936652966171873e-004 	2.2832050853355121e-005 	2.0219858051507381e-004
8.2456000000000004e+003 	1.6619455371513059e-004 	2.1262159409393814e-005 	1.8745671312452443e-004
8.6552000000000007e+003 	1.5454019674262314e-004 	1.9841982656507456e-005 	1.7438217939913048e-004
9.0647999999999993e+003 	1.4415939352093902e-004 	1.8551645030397898e-005 	1.6271103855133688e-004
9.4743999999999996e+003 	1.3485902139783330e-004 	1.7414916878024872e-005 	1.5227393827585824e-004
1.0293600000000000e+004 	1.1916310062999016e-004 	1.5413324435657803e-005 	1.3457642506564796e-004
1.1112799999999999e+004 	1.0550067929956560e-004 	1.3632568382077484e-005 	1.1913324768164308e-004
1.1932000000000000e+004 	9.4443240622250549e-005 	1.2104045867643528e-005 	1.0654728648989411e-004
1.2751200000000001e+004 	8.5117331666053825e-005 	1.0787534126299166e-005 	9.5904865792353035e-005
1.3570400000000000e+004 	7.7166655536650718e-005 	9.6442471854534662e-006 	8.6810902722104171e-005
1.4389600000000000e+004 	7.0323490314938306e-005 	8.6444452040847362e-006 	7.8967935519023053e-005
1.5208799999999999e+004 	6.4384164345248008e-005 	7.7654448135733931e-006 	7.2149609158821425e-005
1.6027999999999998e+004 	5.9191318830692543e-005 	6.9893245079975585e-006 	6.6180643338690121e-005
1.6847200000000001e+004 	5.4621491842699541e-005 	6.3015850425762489e-006 	6.0923076885275787e-005
1.7666399999999998e+004 	5.0576448541654575e-005 	5.6903249966907605e-006 	5.6266773538345329e-005
1.8485600000000002e+004 	4.6977054640969437e-005 	5.1679206778170213e-006 	5.2144975318786462e-005
2.0124000000000000e+004 	4.0978017035875850e-005 	4.2820115732834386e-006 	4.5260028609159309e-005
2.1762399999999998e+004 	3.5798385260860003e-005 	3.5270554973664670e-006 	3.9325440758226480e-005
2.3400799999999999e+004 	3.1682578259016645e-005 	2.9156904964026631e-006 	3.4598268755419324e-005
2.5039200000000001e+004 	2.8260630266537745e-005 	2.4208684337265554e-006 	3.0681498700264305e-005
2.6677600000000002e+004 	2.5382589199971922e-005 	2.0189733056482937e-006 	2.7401562505620219e-005
2.8316000000000000e+004 	2.2936632357119310e-005 	1.6583828658556694e-006 	2.4595015222974978e-005
