-1300 0
-1.3000000000000000e+003 0.0000000000000000e+000 0.0000000000000000e+000
1
1 1 1 1
1
         t, ms                         dVp, mV                         dVs, mV                         dV, mV
5.0000000000000000e-001 	1.3769920912653322e-001 	2.2319096808438191e-002 	1.6001830593497138e-001
5.9999999999999998e-001 	1.3787825850265056e-001 	2.2321132913206032e-002 	1.6019939141585665e-001
6.9999999999999996e-001 	1.3799595432713008e-001 	2.2321987860124553e-002 	1.6031794218725459e-001
8.0000000000000004e-001 	1.3808863565248539e-001 	2.2320949646231783e-002 	1.6040958529871721e-001
9.0000000000000002e-001 	1.3816704122713558e-001 	2.2318862581861738e-002 	1.6048590380899733e-001
1.0000000000000000e+000 	1.3823529517360197e-001 	2.2316370983980625e-002 	1.6055166615758257e-001
1.1000000000000001e+000 	1.3829558884805768e-001 	2.2313920571963575e-002 	1.6060950942002122e-001
1.2000000000000000e+000 	1.3834938327918481e-001 	2.2311791432427563e-002 	1.6066117471161240e-001
1.3000000000000000e+000 	1.3839776290739678e-001 	2.2310136482780549e-002 	1.6070789939017732e-001
1.3999999999999999e+000 	1.3844157045676983e-001 	2.2309200340859849e-002 	1.6075077079762970e-001
1.6000000000000001e+000 	1.3989755019818600e-001 	2.2308791789512533e-002 	1.6220634198769857e-001
1.8000000000000000e+000 	1.3858379153178460e-001 	2.2309547179217314e-002 	1.6089333871100187e-001
2.0000000000000000e+000 	1.3863967815284303e-001 	2.2311283874940847e-002 	1.6095096202778381e-001
2.2000000000000002e+000 	1.3868827223113975e-001 	2.2313507105256741e-002 	1.6100177933639642e-001
2.3999999999999999e+000 	1.3873104144821694e-001 	2.2315760259775608e-002 	1.6104680170799260e-001
2.6000000000000001e+000 	1.3876907715091424e-001 	2.2317677800431614e-002 	1.6108675495134589e-001
2.7999999999999998e+000 	1.3880320316912900e-001 	2.2318999234593181e-002 	1.6112220240372224e-001
3.0000000000000000e+000 	1.3883405316390060e-001 	2.2319562234826888e-002 	1.6115361539872738e-001
3.2000000000000002e+000 	1.3886212368297765e-001 	2.2319286226570433e-002 	1.6118140990954805e-001
3.3999999999999999e+000 	1.3888781042267193e-001 	2.2318153279368275e-002 	1.6120596370204024e-001
3.6000000000000001e+000 	1.3891143335596151e-001 	2.2315923348583067e-002 	1.6122735670454444e-001
4.0000000000000000e+000 	1.3945843954760276e-001 	2.2309288790236702e-002 	1.6176772833783951e-001
4.4000000000000004e+000 	1.3899037803179046e-001 	2.2300845720732643e-002 	1.6129122375252308e-001
4.7999999999999998e+000 	1.3902248247566035e-001 	2.2290678890211631e-002 	1.6131316136587201e-001
5.2000000000000002e+000 	1.3905098587267153e-001 	2.2279259724732225e-002 	1.6133024559740378e-001
5.5999999999999996e+000 	1.3907665421686238e-001 	2.2267061878299282e-002 	1.6134371609516168e-001
6.0000000000000000e+000 	1.3910012894303425e-001 	2.2254507749303903e-002 	1.6135463669233829e-001
6.4000000000000004e+000 	1.3912195005230205e-001 	2.2241945822662194e-002 	1.6136389587496414e-001
6.7999999999999998e+000 	1.3914256461392532e-001 	2.2229650076333988e-002 	1.6137221469025928e-001
7.2000000000000002e+000 	1.3916232791837507e-001 	2.2217827663609246e-002 	1.6138015558198437e-001
7.5999999999999996e+000 	1.3918150362324427e-001 	2.2206627300432689e-002 	1.6138813092367696e-001
8.0000000000000000e+000 	1.3920026660612861e-001 	2.2196441679553459e-002 	1.6139670828568214e-001
8.8000000000000007e+000 	1.3951242522536117e-001 	2.2178377975104573e-002 	1.6169080320046575e-001
9.5999999999999996e+000 	1.3927175123626853e-001 	2.2162467998441616e-002 	1.6143421923471021e-001
1.0400000000000000e+001 	1.3930436861618972e-001 	2.2148614884121186e-002 	1.6145298350031095e-001
1.1199999999999999e+001 	1.3933361134116715e-001 	2.2135998333616395e-002 	1.6146960967478349e-001
1.2000000000000000e+001 	1.3935827953749239e-001 	2.2123549152678879e-002 	1.6148182869017114e-001
1.2800000000000001e+001 	1.3937717955791648e-001 	2.2110078891574830e-002 	1.6148725844949138e-001
1.3600000000000000e+001 	1.3938922167356516e-001 	2.2094373891981160e-002 	1.6148359556554634e-001
1.4400000000000000e+001 	1.3939346860463742e-001 	2.2075266417872021e-002 	1.6146873502250930e-001
1.5199999999999999e+001 	1.3938914866909588e-001 	2.2051687525195856e-002 	1.6144083619429181e-001
1.6000000000000000e+001 	1.3937564733372387e-001 	2.2022702613211983e-002 	1.6139834994693583e-001
1.6800000000000001e+001 	1.3935248797732119e-001 	2.1987531459835303e-002 	1.6134001943715648e-001
1.7600000000000001e+001 	1.3931930914762228e-001 	2.1945555731890224e-002 	1.6126486487951255e-001
1.8399999999999999e+001 	1.3927584259768774e-001 	2.1893336406904076e-002 	1.6116917900459182e-001
2.0000000000000000e+001 	1.3930770253775615e-001 	2.1765210879102385e-002 	1.6107291341685853e-001
2.1600000000000001e+001 	1.3899591727027588e-001 	2.1612315684740358e-002 	1.6060823295501625e-001
2.3199999999999999e+001 	1.3879172014177943e-001 	2.1430825001500935e-002 	1.6022254514328027e-001
2.4800000000000001e+001 	1.3854474858380092e-001 	2.1222204788209173e-002 	1.5976695337201013e-001
2.6399999999999999e+001 	1.3825549109375063e-001 	2.0988991756279125e-002 	1.5924448285002965e-001
2.8000000000000000e+001 	1.3792474410358518e-001 	2.0734318618140405e-002 	1.5865906272172561e-001
2.9600000000000001e+001 	1.3755357419332501e-001 	2.0461571114045566e-002 	1.5801514530737060e-001
3.1199999999999999e+001 	1.3714328437144294e-001 	2.0174166862269000e-002 	1.5731745123371185e-001
3.2800000000000004e+001 	1.3669538091795394e-001 	1.9875411103415060e-002 	1.5657079202136898e-001
3.4399999999999999e+001 	1.3621153919857548e-001 	1.9568397829346405e-002 	1.5577993702792195e-001
3.6000000000000000e+001 	1.3569356856396006e-001 	1.9255945323825914e-002 	1.5494951388778599e-001
3.7600000000000001e+001 	1.3514337736830914e-001 	1.8941013382221900e-002 	1.5408439075053096e-001
4.0800000000000004e+001 	1.3401661336661252e-001 	1.8313767416841802e-002 	1.5233038078345429e-001
4.4000000000000000e+001 	1.3266629565612656e-001 	1.7697497236132877e-002 	1.5036379289225943e-001
4.7199999999999996e+001 	1.3128644287743971e-001 	1.7099666794070330e-002 	1.4838610967150997e-001
5.0399999999999999e+001 	1.2983192452155309e-001 	1.6526036658391838e-002 	1.4635796117994490e-001
5.3600000000000001e+001 	1.2831636417848524e-001 	1.5980249785610592e-002 	1.4429661396409585e-001
5.6800000000000004e+001 	1.2675217096222716e-001 	1.5464133283243647e-002 	1.4221630424547083e-001
6.0000000000000000e+001 	1.2515043174206367e-001 	1.4978137944827667e-002 	1.4012856968689133e-001
6.3200000000000003e+001 	1.2352090723049600e-001 	1.4521751941943637e-002 	1.3804265917243955e-001
6.6400000000000006e+001 	1.2187209240624346e-001 	1.4093833836751715e-002 	1.3596592624299519e-001
6.9599999999999994e+001 	1.2021131377944906e-001 	1.3692863928631857e-002 	1.3390417770808091e-001
7.2799999999999997e+001 	1.1854484424355025e-001 	1.3325495668779008e-002 	1.3187033991232922e-001
7.9200000000000003e+001 	1.1525185570749279e-001 	1.2658359700439081e-002 	1.2791021540793182e-001
8.5599999999999994e+001 	1.1192633069260394e-001 	1.2052595906509986e-002 	1.2397892659911391e-001
9.2000000000000000e+001 	1.0868481584650318e-001 	1.1512423410202508e-002 	1.2019723925670568e-001
9.8400000000000006e+001 	1.0551263737150307e-001 	1.1029395417780785e-002 	1.1654203278928384e-001
1.0480000000000001e+002 	1.0242140184310689e-001 	1.0595262193622883e-002 	1.1301666403672979e-001
1.1119999999999999e+002 	9.9418700739927979e-002 	1.0202739293251873e-002 	1.0962144003317986e-001
1.1759999999999999e+002 	9.6509090234606507e-002 	9.8456445412843322e-003 	1.0635473477589084e-001
1.2400000000000000e+002 	9.3694880993625357e-002 	9.5188230029574477e-003 	1.0321370399658283e-001
1.3039999999999998e+002 	9.0976741668960595e-002 	9.2180068199159415e-003 	1.0019474848887654e-001
1.3680000000000001e+002 	8.8354149947198368e-002 	8.9396663183750631e-003 	9.7293816265573430e-002
1.4319999999999999e+002 	8.5825727205990257e-002 	8.6867646228449748e-003 	9.4512491828835157e-002
1.5600000000000000e+002 	8.1092225655219577e-002 	8.2287461304110035e-003 	8.9320971785630587e-002
1.6880000000000001e+002 	7.6599555425315741e-002 	7.8112834395229046e-003 	8.4410838864838661e-002
1.8160000000000002e+002 	7.2483849905264588e-002 	7.4359723061342741e-003 	7.9919822211398900e-002
1.9439999999999998e+002 	6.8669154033012741e-002 	7.0963067498627042e-003 	7.5765460782875466e-002
2.0719999999999999e+002 	6.5132219354351692e-002 	6.7865715986357711e-003 	7.1918790952987491e-002
2.2000000000000000e+002 	6.1850617973351341e-002 	6.5020861878896464e-003 	6.8352704161240979e-002
2.3280000000000001e+002 	5.8803199214490051e-002 	6.2391309579682202e-003 	6.5042330172458265e-002
2.4560000000000002e+002 	5.5970309549494307e-002 	5.9947710388889366e-003 	6.1965080588383258e-002
2.5840000000000003e+002 	5.3333861850904343e-002 	5.7666719441338173e-003 	5.9100533795038178e-002
2.7119999999999999e+002 	5.0877313896035253e-002 	5.5529487018776769e-003 	5.6430262597912929e-002
2.8400000000000000e+002 	4.8585595741153710e-002 	5.3520542767511821e-003 	5.3937650017904917e-002
2.9680000000000001e+002 	4.6445011110516222e-002 	5.1626995757249206e-003 	5.1607710686241141e-002
3.0959999999999997e+002 	4.4443128215189968e-002 	4.9872947070822762e-003 	4.9430422922272253e-002
3.3519999999999999e+002 	4.0853070909402017e-002 	4.6639156004329562e-003 	4.5516986509834996e-002
3.6080000000000001e+002 	3.7587271489549275e-002 	4.3650272393361243e-003 	4.1952298728885395e-002
3.8640000000000003e+002 	3.4746586483205999e-002 	4.0928525872016650e-003 	3.8839439070407655e-002
4.1200000000000000e+002 	3.2223786630278591e-002 	3.8446528647728424e-003 	3.6068439495051431e-002
4.3759999999999997e+002 	2.9973920481111138e-002 	3.6176520953921372e-003 	3.3591572576503276e-002
4.6319999999999999e+002 	2.7959269213974253e-002 	3.4093521176202664e-003 	3.1368621331594515e-002
4.8880000000000001e+002 	2.6148196935752852e-002 	3.2176172205905067e-003 	2.9365814156343352e-002
5.1439999999999998e+002 	2.4514099725045476e-002 	3.0406417278669652e-003 	2.7554741452912437e-002
5.4000000000000000e+002 	2.3034517377017460e-002 	2.8768909889799483e-003 	2.5911408365997410e-002
5.6560000000000002e+002 	2.1690404424681845e-002 	2.7250485054307362e-003 	2.4415452930112578e-002
5.9119999999999993e+002 	2.0465538087081160e-002 	2.5839745172322689e-003 	2.3049512604313427e-002
6.1680000000000007e+002 	1.9346038448570510e-002 	2.4559688697708593e-003 	2.1802007318341372e-002
6.6800000000000000e+002 	1.7400875817396140e-002 	2.2254870940507545e-003 	1.9626362911446895e-002
7.1919999999999993e+002 	1.5683557097532757e-002 	2.0175339083977721e-003 	1.7701091005930533e-002
7.7039999999999998e+002 	1.4245775867942493e-002 	1.8340224491363360e-003 	1.6079798317078824e-002
8.2160000000000002e+002 	1.3006486784245787e-002 	1.6721063491495788e-003 	1.4678593133395366e-002
8.7280000000000007e+002 	1.1929896440180937e-002 	1.5289123237381644e-003 	1.3458808763919101e-002
9.2400000000000000e+002 	1.0987802691727867e-002 	1.4018714605699995e-003 	1.2389674152297865e-002
9.7519999999999993e+002 	1.0157889486133213e-002 	1.2887938563591978e-003 	1.1446683342492409e-002
1.0264000000000001e+003 	9.4223574212589922e-003 	1.1878379686532437e-003 	1.0610195389912241e-002
1.0775999999999999e+003 	8.7668783517863193e-003 	1.0974542977289878e-003 	9.8643326495153061e-003
1.1288000000000000e+003 	8.1798105272398586e-003 	1.0163316268277686e-003 	9.1961421540676259e-003
1.1800000000000000e+003 	7.6516101549755399e-003 	9.4595042407087985e-004 	8.5975605790464191e-003
1.2824000000000001e+003 	6.7518608918597693e-003 	8.2525661630578149e-004 	7.5771175081655534e-003
1.3848000000000000e+003 	5.9743727350051682e-003 	7.2130040774214465e-004 	6.6956731427473140e-003
1.4872000000000000e+003 	5.3391147352927224e-003 	6.3490159168561218e-004 	5.9740163269783328e-003
1.5895999999999999e+003 	4.8023209213488129e-003 	5.6318528493364516e-004 	5.3655062062824581e-003
1.6920000000000000e+003 	4.3442513429287734e-003 	5.0344778125885586e-004 	4.8476991241876285e-003
1.7944000000000001e+003 	3.9499141980462223e-003 	4.5340636114595239e-004 	4.4033205591921740e-003
1.8968000000000000e+003 	3.6078161955337145e-003 	4.1121976710228588e-004 	4.0190359626360002e-003
1.9992000000000000e+003 	3.3090268518431933e-003 	3.7542401187313487e-004 	3.6844508637163295e-003
2.1015999999999999e+003 	3.0465066534690554e-003 	3.4485532008634797e-004 	3.3913619735554019e-003
2.2040000000000000e+003 	2.8146298675617762e-003 	3.1858417419160944e-004 	3.1332140417533860e-003
2.3064000000000001e+003 	2.6088440739642170e-003 	2.9690685965174312e-004 	2.9057509336159618e-003
2.5112000000000003e+003 	2.2647636189793300e-003 	2.6141575757439138e-004 	2.5261793765537217e-003
2.7160000000000000e+003 	1.9747703583886645e-003 	2.3180248126537415e-004 	2.2065728396540381e-003
2.9207999999999997e+003 	1.7443359469405107e-003 	2.0812253652082750e-004 	1.9524584834613378e-003
3.1255999999999999e+003 	1.5546060689537883e-003 	1.8902457975511461e-004 	1.7436306487089027e-003
3.3304000000000001e+003 	1.3966460683099986e-003 	1.7335377948151639e-004 	1.5699998477915150e-003
3.5352000000000003e+003 	1.2637556791038882e-003 	1.6023901530853274e-004 	1.4239946944124208e-003
3.7400000000000000e+003 	1.1508735502665608e-003 	1.4905723306139011e-004 	1.2999307833279508e-003
3.9447999999999997e+003 	1.0541338683889992e-003 	1.3936739121399766e-004 	1.1935012596029967e-003
4.1496000000000004e+003 	9.7054859961549127e-004 	1.3085402711854747e-004 	1.1014026267340388e-003
4.3543999999999996e+003 	8.9778161729105633e-004 	1.2328744290563117e-004 	1.0210690601966876e-003
4.5591999999999998e+003 	8.3398719918555803e-004 	1.1649712073547405e-004 	9.5048431992103208e-004
4.7640000000000000e+003 	7.7769315324563069e-004 	1.1035403574560951e-004 	8.8804718899124018e-004
4.9688000000000002e+003 	7.2771505311271863e-004 	1.0494897496501882e-004 	8.3266402807773740e-004
5.3783999999999996e+003 	6.4395106946160392e-004 	9.5415803478553595e-005 	7.3936687294015753e-004
5.7880000000000000e+003 	5.7262955676054170e-004 	8.6878876430049836e-005 	6.5950843319059164e-004
6.1976000000000004e+003 	5.1531269782639322e-004 	7.9472176035993238e-005 	5.9478487386238643e-004
6.6071999999999998e+003 	4.6734150444275213e-004 	7.3022305564107498e-005 	5.4036381000685963e-004
7.0168000000000002e+003 	4.2661815627019343e-004 	6.7354860133289753e-005 	4.9397301640348305e-004
7.4264000000000005e+003 	3.9161096098093548e-004 	6.2331679540227186e-005 	4.5394264052116279e-004
7.8360000000000000e+003 	3.6119038737259792e-004 	5.7848059620304739e-005 	4.1903844699290270e-004
8.2456000000000004e+003 	3.3451019986144716e-004 	5.3822742710585213e-005 	3.8833294257203233e-004
8.6552000000000007e+003 	3.1092491786460482e-004 	5.0190696128478272e-005 	3.6111561399308312e-004
9.0647999999999993e+003 	2.8993326012976005e-004 	4.6898762152178815e-005 	3.3683202228193884e-004
9.4743999999999996e+003 	2.7113930313606339e-004 	4.4007246693407605e-005 	3.1514654982947100e-004
1.0293600000000000e+004 	2.3945078981250348e-004 	3.8930975404940528e-005 	2.7838176521744401e-004
1.1112799999999999e+004 	2.1188593256378608e-004 	3.4427332185461126e-005 	2.4631326474924711e-004
1.1932000000000000e+004 	1.8960131586291847e-004 	3.0574016816936992e-005 	2.2017533267985548e-004
1.2751200000000001e+004 	1.7082042441621495e-004 	2.7263680131173901e-005 	1.9808410454738882e-004
1.3570400000000000e+004 	1.5481912162007867e-004 	2.4395933030349090e-005 	1.7921505465042769e-004
1.4389600000000000e+004 	1.4105411146491352e-004 	2.1893644071229450e-005 	1.6294775553614296e-004
1.5208799999999999e+004 	1.2911263174671106e-004 	1.9697736593284192e-005 	1.4881036833999531e-004
1.6027999999999998e+004 	1.1867614755764210e-004 	1.7761633432803505e-005 	1.3643778099044562e-004
1.6847200000000001e+004 	1.0949498668116077e-004 	1.6047844482071227e-005 	1.2554283116323204e-004
1.7666399999999998e+004 	1.0137065992643815e-004 	1.4525764678691543e-005 	1.1589642460512969e-004
1.8485600000000002e+004 	9.4143387865103936e-005 	1.3225709055405534e-005 	1.0736909692050945e-004
2.0124000000000000e+004 	8.2102395621863944e-005 	1.1021094380763918e-005 	9.3123490002627879e-005
2.1762399999999998e+004 	7.1708703184934135e-005 	9.1407905994958591e-006 	8.0849493784430009e-005
2.3400799999999999e+004 	6.3453497982479014e-005 	7.6158025619567901e-006 	7.1069300544435794e-005
2.5039200000000001e+004 	5.6592083172109746e-005 	6.3786954108990701e-006 	6.2970778583008830e-005
2.6677600000000002e+004 	5.0822740727682535e-005 	5.3710853215922672e-006 	5.6193826049274795e-005
2.8316000000000000e+004 	4.5920608784448784e-005 	4.4654463493004070e-006 	5.0386055133749185e-005
-1600 0
-1.6000000000000000e+003 0.0000000000000000e+000 0.0000000000000000e+000
1
1 1 1 1
1
         t, ms                         dVp, mV                         dVs, mV                         dV, mV
5.0000000000000000e-001 	1.1037266996812206e-001 	1.7487643350524457e-002 	1.2786031331864650e-001
5.9999999999999998e-001 	1.1051154623532561e-001 	1.7472444962888710e-002 	1.2798399119821433e-001
6.9999999999999996e-001 	1.1060283511041166e-001 	1.7457478884702480e-002 	1.2806031399511411e-001
8.0000000000000004e-001 	1.1067472187519606e-001 	1.7443142818755725e-002 	1.2811786469395173e-001
9.0000000000000002e-001 	1.1073553579454001e-001 	1.7429737696306451e-002 	1.2816527349084644e-001
1.0000000000000000e+000 	1.1078847569296464e-001 	1.7417488350600495e-002 	1.2820596404356516e-001
1.1000000000000001e+000 	1.1083524128383743e-001 	1.7406526787601056e-002 	1.2824176807143847e-001
1.2000000000000000e+000 	1.1087696580889768e-001 	1.7396898626487502e-002 	1.2827386443538522e-001
1.3000000000000000e+000 	1.1091449040961014e-001 	1.7388579130483885e-002 	1.2830306954009402e-001
1.3999999999999999e+000 	1.1094846873927645e-001 	1.7381870669377651e-002 	1.2833033940865410e-001
1.6000000000000001e+000 	1.1207774191597436e-001 	1.7371523076961316e-002 	1.2944926499293569e-001
1.8000000000000000e+000 	1.1105877904265879e-001 	1.7363640565511096e-002 	1.2842241960816986e-001
2.0000000000000000e+000 	1.1110212601824278e-001 	1.7358046169089512e-002 	1.2846017218733227e-001
2.2000000000000002e+000 	1.1113981666739860e-001 	1.7353987372050173e-002 	1.2849380403944879e-001
2.3999999999999999e+000 	1.1117298937621518e-001 	1.7350795180803142e-002 	1.2852378455701835e-001
2.6000000000000001e+000 	1.1120249063099519e-001 	1.7347941382683148e-002 	1.2855043201367833e-001
2.7999999999999998e+000 	1.1122895942173269e-001 	1.7345043823963381e-002 	1.2857400324569612e-001
3.0000000000000000e+000 	1.1125288723604439e-001 	1.7341849283145930e-002 	1.2859473651919034e-001
3.2000000000000002e+000 	1.1127465921231519e-001 	1.7338208492314336e-002 	1.2861286770462957e-001
3.3999999999999999e+000 	1.1129458226505180e-001 	1.7334050620464943e-002 	1.2862863288551676e-001
3.6000000000000001e+000 	1.1131290457554738e-001 	1.7329185729255188e-002 	1.2864209030480261e-001
4.0000000000000000e+000 	1.1173716804408287e-001 	1.7318028399995630e-002 	1.2905519644407848e-001
4.4000000000000004e+000 	1.1137413514133700e-001 	1.7305716827148345e-002 	1.2867985196848533e-001
4.7999999999999998e+000 	1.1139903566468426e-001 	1.7292372107730231e-002 	1.2869140777241445e-001
5.2000000000000002e+000 	1.1142114291460177e-001 	1.7278366561921728e-002 	1.2869950947652353e-001
5.5999999999999996e+000 	1.1144105059388840e-001 	1.7264081963172112e-002 	1.2870513255706054e-001
6.0000000000000000e+000 	1.1145925538195603e-001 	1.7249861213696371e-002 	1.2870911659565237e-001
6.4000000000000004e+000 	1.1147617468719043e-001 	1.7235984953894033e-002 	1.2871215964108451e-001
6.7999999999999998e+000 	1.1149215305376542e-001 	1.7222669151717707e-002 	1.2871482220548314e-001
7.2000000000000002e+000 	1.1150746288977267e-001 	1.7210071083622273e-002 	1.2871753397339497e-001
7.5999999999999996e+000 	1.1152230445439258e-001 	1.7198296330911949e-002 	1.2872060078530448e-001
8.0000000000000000e+000 	1.1153680799591263e-001 	1.7187739382267926e-002 	1.2872454737818051e-001
8.8000000000000007e+000 	1.1177871814783370e-001 	1.7169260669649376e-002 	1.2894797881748307e-001
9.5999999999999996e+000 	1.1159169724073835e-001 	1.7153141865194583e-002 	1.2874483910593296e-001
1.0400000000000000e+001 	1.1161638152127903e-001 	1.7139226188696850e-002 	1.2875560770997585e-001
1.1199999999999999e+001 	1.1163810940861893e-001 	1.7126579820256723e-002 	1.2876468922887568e-001
1.2000000000000000e+001 	1.1165585416211997e-001 	1.7114038761777556e-002 	1.2876989292389754e-001
1.2800000000000001e+001 	1.1166858932839152e-001 	1.7100341609989186e-002 	1.2876893093838068e-001
1.3600000000000000e+001 	1.1167536662117476e-001 	1.7084221947225323e-002 	1.2875958856840006e-001
1.4400000000000000e+001 	1.1167535497904173e-001 	1.7064476551825445e-002 	1.2873983153086713e-001
1.5199999999999999e+001 	1.1166785166905242e-001 	1.7040015318436637e-002 	1.2870786698748901e-001
1.6000000000000000e+001 	1.1165227634815321e-001 	1.7009894184445304e-002 	1.2866217053259851e-001
1.6800000000000001e+001 	1.1162815665836240e-001 	1.6973332930741145e-002 	1.2860148958910358e-001
1.7600000000000001e+001 	1.1159511113969917e-001 	1.6929720828906925e-002 	1.2852483196860606e-001
1.8399999999999999e+001 	1.1155283285069972e-001 	1.6875559776887789e-002 	1.2842839262758743e-001
2.0000000000000000e+001 	1.1155576924605172e-001 	1.6742963780636898e-002 	1.2829873302668862e-001
2.1600000000000001e+001 	1.1128683229315793e-001 	1.6585133044701380e-002 	1.2787196533785927e-001
2.3199999999999999e+001 	1.1109425535524889e-001 	1.6398310836795400e-002 	1.2749256619204424e-001
2.4800000000000001e+001 	1.1086131208152790e-001 	1.6184177910303420e-002 	1.2704548999183132e-001
2.6399999999999999e+001 	1.1058800344870201e-001 	1.5945505406387620e-002 	1.2653350885508963e-001
2.8000000000000000e+001 	1.1027469537396997e-001 	1.5685663280793960e-002 	1.2596035865476388e-001
2.9600000000000001e+001 	1.0992209079300606e-001 	1.5408266465434382e-002 	1.2533035725844047e-001
3.1199999999999999e+001 	1.0953119800343772e-001 	1.5116947231928418e-002 	1.2464814523536612e-001
3.2800000000000004e+001 	1.0910329466061845e-001 	1.4815206847008816e-002 	1.2391850150762729e-001
3.4399999999999999e+001 	1.0863988794102770e-001 	1.4506313854278906e-002 	1.2314620179530664e-001
3.6000000000000000e+001 	1.0814267242484760e-001 	1.4193237704442323e-002 	1.2233591012928992e-001
3.7600000000000001e+001 	1.0761348765763432e-001 	1.3879670875147108e-002 	1.2149315853278142e-001
4.0800000000000004e+001 	1.0651538055543745e-001 	1.3259945212232383e-002 	1.1977532576766979e-001
4.4000000000000000e+001 	1.0522293939996301e-001 	1.2656457929257462e-002 	1.1787939732922045e-001
4.7199999999999996e+001 	1.0388841774442649e-001 	1.2077738751456044e-002 	1.1596615649588253e-001
5.0399999999999999e+001 	1.0248128716039853e-001 	1.1529556013147518e-002 	1.1401084317354609e-001
5.3600000000000001e+001 	1.0101579913965114e-001 	1.1015304822755144e-002 	1.1203110396240629e-001
5.6800000000000004e+001 	9.9505001150505409e-002 	1.0536388703416989e-002 	1.1004138985392241e-001
6.0000000000000000e+001 	9.7960578831308293e-002 	1.0092718231966516e-002 	1.0805329706327478e-001
6.3200000000000003e+001 	9.6392819325363463e-002 	9.6831725618198982e-003 	1.0607599188718334e-001
6.6400000000000006e+001 	9.4810653303755224e-002 	9.3059710518259009e-003 	1.0411662435558115e-001
6.9599999999999994e+001 	9.3221744750661278e-002 	8.9589548132816034e-003 	1.0218069956394286e-001
7.2799999999999997e+001 	9.1632606104810485e-002 	8.6487378747069545e-003 	1.0028134397951748e-001
7.9200000000000003e+001 	8.8505429570245209e-002 	8.1007636629203336e-003 	9.6606193233165549e-002
8.5599999999999994e+001 	8.5379469734402413e-002 	7.6167009374304880e-003 	9.2996170671832898e-002
9.2000000000000000e+001 	8.2353343138294913e-002 	7.1994068930253483e-003 	8.9552750031320238e-002
9.8400000000000006e+001 	7.9416763921893577e-002 	6.8383729584089691e-003 	8.6255136880302535e-002
1.0480000000000001e+002 	7.6579583434206913e-002 	6.5237411588240654e-003 	8.3103324593030992e-002
1.1119999999999999e+002 	7.3847401115505057e-002 	6.2470998823463729e-003 	8.0094500997851439e-002
1.1759999999999999e+002 	7.1222689186105859e-002 	6.0015566855200321e-003 	7.7224245871625893e-002
1.2400000000000000e+002 	6.8705688517758781e-002 	5.7815746413928427e-003 	7.4487263159151620e-002
1.3039999999999998e+002 	6.6295083214960249e-002 	5.5827462555034166e-003 	7.1877829470463672e-002
1.3680000000000001e+002 	6.3988494862794842e-002 	5.4015715810143902e-003 	6.9390066443809226e-002
1.4319999999999999e+002 	6.1782839806481908e-002 	5.2395290724231306e-003 	6.7022368878905059e-002
1.5600000000000000e+002 	5.7700330591785254e-002 	4.9501394614667009e-003 	6.2650470053251972e-002
1.6880000000000001e+002 	5.3883634154818540e-002 	4.6890590943988314e-003 	5.8572693249217385e-002
1.8160000000000002e+002 	5.0439581027143632e-002 	4.4568262262818341e-003 	5.4896407253425476e-002
1.9439999999999998e+002 	4.7293026844972871e-002 	4.2484018776547273e-003 	5.1541428722627576e-002
2.0719999999999999e+002 	4.4415771394685208e-002 	4.0595696368397067e-003 	4.8475341031524913e-002
2.2000000000000000e+002 	4.1781646065935700e-002 	3.8869995054468826e-003 	4.5668645571382574e-002
2.3280000000000001e+002 	3.9366750158909045e-002 	3.7281298228785398e-003 	4.3094879981787577e-002
2.4560000000000002e+002 	3.7149470724845639e-002 	3.5809962418794309e-003 	4.0730466966725061e-002
2.5840000000000003e+002 	3.5110384121202050e-002 	3.4440701482054150e-003 	3.8554454269407470e-002
2.7119999999999999e+002 	3.3232098856613608e-002 	3.3161347195379345e-003 	3.6548233576151543e-002
2.8400000000000000e+002 	3.1499074966713649e-002 	3.1961988942963786e-003 	3.4695273861010033e-002
2.9680000000000001e+002 	2.9897439965791747e-002 	3.0834393879659657e-003 	3.2980879353757701e-002
3.0959999999999997e+002 	2.8414812165685678e-002 	2.9793662338850964e-003 	3.1394178399570774e-002
3.3519999999999999e+002 	2.5794564911092398e-002 	2.7881487902020165e-003 	2.8582713701294414e-002
3.6080000000000001e+002 	2.3446904653752678e-002 	2.6117988820730073e-003 	2.6058703535825685e-002
3.8640000000000003e+002 	2.1443115768438901e-002 	2.4516869096698288e-003 	2.3894802678108729e-002
4.1200000000000000e+002 	1.9691838784616587e-002 	2.3061310510618218e-003 	2.1997969835678415e-002
4.3759999999999997e+002 	1.8153012806261346e-002 	2.1733740646649995e-003 	2.0326386870926350e-002
4.6319999999999999e+002 	1.6793801730456824e-002 	2.0518173270347418e-003 	1.8845619057491561e-002
4.8880000000000001e+002 	1.5587283771228715e-002 	1.9401034249371817e-003 	1.7527387196165901e-002
5.1439999999999998e+002 	1.4511304611553772e-002 	1.8370991539796082e-003 	1.6348403765533370e-002
5.4000000000000000e+002 	1.3547539398757327e-002 	1.7418534586678943e-003 	1.5289392857425218e-002
5.6560000000000002e+002 	1.2680744974623308e-002 	1.6535594997439107e-003 	1.4334304474367218e-002
5.9119999999999993e+002 	1.1898168790940838e-002 	1.5715255748207078e-003 	1.3469694365761545e-002
6.1680000000000007e+002 	1.1189081993685126e-002 	1.4971114754078864e-003 	1.2686193469093008e-002
6.6800000000000000e+002 	9.9713515860089513e-003 	1.3630030833780185e-003 	1.1334354669386973e-002
7.1919999999999993e+002 	8.9086488633244483e-003 	1.2416738237583018e-003 	1.0150322687082750e-002
7.7039999999999998e+002 	8.0318505317003176e-003 	1.1343381728075818e-003 	9.1661887045079021e-003
8.2160000000000002e+002 	7.2848332855576384e-003 	1.0394194091308644e-003 	8.3242526946885036e-003
8.7280000000000007e+002 	6.6425447908974563e-003 	9.5526369124229813e-004 	7.5978084821397536e-003
9.2400000000000000e+002 	6.0856213017164108e-003 	8.8038183795403674e-004 	6.9660031396704455e-003
9.7519999999999993e+002 	5.5990107751087044e-003 	8.1351281104361265e-004 	6.4125235861523158e-003
1.0264000000000001e+003 	5.1708995041057533e-003 	7.5360465997132949e-004 	5.9245041640770824e-003
1.0775999999999999e+003 	4.7919136830783119e-003 	6.9977688090676706e-004 	5.4916905639850787e-003
1.1288000000000000e+003 	4.4545340384427581e-003 	6.5128607876692966e-004 	5.1058201172096878e-003
1.1800000000000000e+003 	4.1526664350998730e-003 	6.0905269344575319e-004 	4.7617191285456266e-003
1.2824000000000001e+003 	3.6420669124708933e-003 	5.3621374075705347e-004 	4.1782806532279469e-003
1.3848000000000000e+003 	3.2042519222335287e-003 	4.7299677683576807e-004 	3.6772486990692952e-003
1.4872000000000000e+003 	2.8496875401358727e-003 	4.2003448511867365e-004 	3.2697220252545455e-003
1.5895999999999999e+003 	2.5522188171153253e-003 	3.7572448511647804e-004 	2.9279433022318048e-003
1.6920000000000000e+003 	2.2999698043404738e-003 	3.3850300913553812e-004 	2.6384728134760116e-003
1.7944000000000001e+003 	2.0840212706844351e-003 	3.0703987659229994e-004 	2.3910611472767345e-003
1.8968000000000000e+003 	1.8976054314446462e-003 	2.8026382061281701e-004 	2.1778692520574633e-003
1.9992000000000000e+003 	1.7355120917941190e-003 	2.5732381850248774e-004 	1.9928359102966060e-003
2.1015999999999999e+003 	1.5936679977776752e-003 	2.3754219280797711e-004 	1.8312101905856529e-003
2.2040000000000000e+003 	1.4688417362915876e-003 	2.2037579501440108e-004 	1.6892175313059895e-003
2.3064000000000001e+003 	1.3584355259741668e-003 	2.0605711138674536e-004 	1.5644926373609123e-003
2.5112000000000003e+003 	1.1745959449069683e-003 	1.8229477009316656e-004 	1.3568907150001348e-003
2.7160000000000000e+003 	1.0204332485426626e-003 	1.6218457108789879e-004 	1.1826178196305613e-003
2.9207999999999997e+003 	8.9859139318145583e-004 	1.4586491299280944e-004 	1.0444563061742650e-003
3.1255999999999999e+003 	7.9872275036203875e-004 	1.3252646088677872e-004 	9.3124921124881725e-004
3.3304000000000001e+003 	7.1590659899112795e-004 	1.2145216425365229e-004 	8.3735876324478027e-004
3.5352000000000003e+003 	6.4647800019178726e-004 	1.1209647734627768e-004 	7.5857447753806522e-004
3.7400000000000000e+003 	5.8768596091461666e-004 	1.0406588126817753e-004 	6.9175184218279420e-004
3.9447999999999997e+003 	5.3744122293919330e-004 	9.7077513465591313e-005 	6.3451873640478463e-004
4.1496000000000004e+003 	4.9413702980329315e-004 	9.0924947649033096e-005 	5.8506197745232611e-004
4.3543999999999996e+003 	4.5652273577675707e-004 	8.5454592684954512e-005 	5.4197732846171162e-004
4.5591999999999998e+003 	4.2361410190966777e-004 	8.0549972830164411e-005 	5.0416407473983203e-004
4.7640000000000000e+003 	3.9462881569794675e-004 	7.6121158273585087e-005 	4.7074997397153175e-004
4.9688000000000002e+003 	3.6893945735716563e-004 	7.2241479151139706e-005 	4.4118093650830542e-004
5.3783999999999996e+003 	3.2597710881175667e-004 	6.5428234655642368e-005 	3.9140534346739905e-004
5.7880000000000000e+003 	2.8947731952916697e-004 	5.9350694452592144e-005 	3.4882801398175908e-004
6.1976000000000004e+003 	2.6022336994345957e-004 	5.4115099924023509e-005 	3.1433846986748297e-004
6.6071999999999998e+003 	2.3578927601893476e-004 	4.9586776289841615e-005 	2.8537605230877634e-004
7.0168000000000002e+003 	2.1508245349695170e-004 	4.5632517335194329e-005 	2.6071497083214595e-004
7.4264000000000005e+003 	1.9730781815070381e-004 	4.2148175984488020e-005 	2.3945599413519183e-004
7.8360000000000000e+003 	1.8188085205738899e-004 	3.9054906908613368e-005 	2.2093575896600231e-004
8.2456000000000004e+003 	1.6836485030767993e-004 	3.6291536193640041e-005 	2.0465638650131999e-004
8.6552000000000007e+003 	1.5642751599570975e-004 	3.3809331545454151e-005 	1.9023684754116392e-004
9.0647999999999993e+003 	1.4581132907085824e-004 	3.1568763359765468e-005 	1.7738009243062363e-004
9.4743999999999996e+003 	1.3631326483894097e-004 	2.9612141498954525e-005 	1.6592540633789544e-004
1.0293600000000000e+004 	1.2031379264157012e-004 	2.6192557246249320e-005 	1.4650634988781942e-004
1.1112799999999999e+004 	1.0640579000843432e-004 	2.3167196954812682e-005 	1.2957298696324694e-004
1.1932000000000000e+004 	9.5174673822840536e-005 	2.0593396142822597e-005 	1.1576806996566309e-004
1.2751200000000001e+004 	8.5716695981324415e-005 	1.8393176035371560e-005 	1.0410987201669593e-004
1.3570400000000000e+004 	7.7663749362251062e-005 	1.6495258193952899e-005 	9.4159007556203958e-005
1.4389600000000000e+004 	7.0740077901136961e-005 	1.4845357616329425e-005 	8.5585435517466357e-005
1.5208799999999999e+004 	6.4736465426725628e-005 	1.3401974506556653e-005 	7.8138439933282311e-005
1.6027999999999998e+004 	5.9491647308692443e-005 	1.2132526647399786e-005 	7.1624173956092224e-005
1.6847200000000001e+004 	5.4879349512354315e-005 	1.1010961286484800e-005 	6.5890310798839133e-005
1.7666399999999998e+004 	5.0799270835613023e-005 	1.0016165774039282e-005 	6.0815436609652308e-005
1.8485600000000002e+004 	4.7170731080243270e-005 	9.1681507611174226e-006 	5.6338881841360691e-005
2.0124000000000000e+004 	4.1127779517571621e-005 	7.7293009446352178e-006 	4.8857080462206847e-005
2.1762399999999998e+004 	3.5912919054211720e-005 	6.4981704163112288e-006 	4.2411089470522948e-005
2.3400799999999999e+004 	3.1772972738470292e-005 	5.4974366757455883e-006 	3.7270409414215889e-005
2.5039200000000001e+004 	2.8333098853264172e-005 	4.6822881774056727e-006 	3.3015387030669837e-005
2.6677600000000002e+004 	2.5441489336234367e-005 	4.0145464287431813e-006 	2.9456035764977548e-005
2.8316000000000000e+004 	2.2985076773184802e-005 	3.4122065382488798e-006 	2.6397283311433685e-005
-1000 0
-1.0000000000000000e+003 0.0000000000000000e+000 0.0000000000000000e+000
1
1 1 1 1
1
         t, ms                         dVp, mV                         dVs, mV                         dV, mV
5.0000000000000000e-001 	2.9778777829691773e-002 	5.0703152292302829e-003 	3.4849093058922052e-002
5.9999999999999998e-001 	2.9822024013029809e-002 	5.0854780584626853e-003 	3.4907502071492479e-002
6.9999999999999996e-001 	2.9850451038495478e-002 	5.0993942762165047e-003 	3.4949845314712000e-002
8.0000000000000004e-001 	2.9872836331744545e-002 	5.1110858040879096e-003 	3.4983922135832457e-002
9.0000000000000002e-001 	2.9891773685135889e-002 	5.1210327363650507e-003 	3.5012806421500932e-002
1.0000000000000000e+000 	2.9908259183700998e-002 	5.1296052414520066e-003 	3.5037864425153005e-002
1.1000000000000001e+000 	2.9922822084768302e-002 	5.1370797977722295e-003 	3.5059901882540524e-002
1.2000000000000000e+000 	2.9935815254022544e-002 	5.1436627751458384e-003 	3.5079478029168380e-002
1.3000000000000000e+000 	2.9947500604871880e-002 	5.1495103594459300e-003 	3.5097010964317804e-002
1.3999999999999999e+000 	2.9958081673300201e-002 	5.1545709176224284e-003 	3.5112652590922624e-002
1.6000000000000001e+000 	3.0309774361554895e-002 	5.1632744645953603e-003 	3.5473048826150259e-002
1.8000000000000000e+000 	2.9992433282943473e-002 	5.1708281622035272e-003 	3.5163261445147004e-002
2.0000000000000000e+000 	3.0005932052172293e-002 	5.1772267811385914e-003 	3.5183158833310871e-002
2.2000000000000002e+000 	3.0017669441414055e-002 	5.1826984447233531e-003 	3.5200367886137403e-002
2.3999999999999999e+000 	3.0027999937134182e-002 	5.1874319443529901e-003 	3.5215431881487180e-002
2.6000000000000001e+000 	3.0037187131392810e-002 	5.1915726061194665e-003 	3.5228759737512293e-002
2.7999999999999998e+000 	3.0045430003925327e-002 	5.1952296711551037e-003 	3.5240659675080423e-002
3.0000000000000000e+000 	3.0052881603928168e-002 	5.1984851055282832e-003 	3.5251366709456458e-002
3.2000000000000002e+000 	3.0059661863167574e-002 	5.2014010091003251e-003 	3.5261062872267893e-002
3.3999999999999999e+000 	3.0065866354861828e-002 	5.2040251997614063e-003 	3.5269891554623234e-002
3.6000000000000001e+000 	3.0071572362513333e-002 	5.2063180049042633e-003 	3.5277890367417596e-002
4.0000000000000000e+000 	3.0203702218801066e-002 	5.2102734775439120e-003 	3.5413975696344982e-002
4.4000000000000004e+000 	3.0090641191524697e-002 	5.2136824684770574e-003 	3.5304323660001746e-002
4.7999999999999998e+000 	3.0098396018476744e-002 	5.2165181154596131e-003 	3.5314914133936351e-002
5.2000000000000002e+000 	3.0105281246537236e-002 	5.2188656507751304e-003 	3.5324146897312364e-002
5.5999999999999996e+000 	3.0111482264849224e-002 	5.2208033234198798e-003 	3.5332285588269098e-002
6.0000000000000000e+000 	3.0117154741529196e-002 	5.2223979319674730e-003 	3.5339552673496664e-002
6.4000000000000004e+000 	3.0122430372059063e-002 	5.2237052585262763e-003 	3.5346135630585342e-002
6.7999999999999998e+000 	3.0127419098018936e-002 	5.2247715902040822e-003 	3.5352190688223026e-002
7.2000000000000002e+000 	3.0132209531318496e-002 	5.2256352403306852e-003 	3.5357844771649174e-002
7.5999999999999996e+000 	3.0136869098712948e-002 	5.2263278472510976e-003 	3.5363196945964029e-002
8.0000000000000000e+000 	3.0141444793756935e-002 	5.2268342821015770e-003 	3.5368279075858523e-002
8.8000000000000007e+000 	3.0217026328945726e-002 	5.2275083537243680e-003 	3.5444534682670094e-002
9.5999999999999996e+000 	3.0159201039702974e-002 	5.2279038091681091e-003 	3.5387104848871073e-002
1.0400000000000000e+001 	3.0167619312110573e-002 	5.2280151186908513e-003 	3.5395634430801431e-002
1.1199999999999999e+001 	3.0175517733753529e-002 	5.2278915579777596e-003 	3.5403409291731282e-002
1.2000000000000000e+001 	3.0182687982826802e-002 	5.2275729376174409e-003 	3.5410260920444241e-002
1.2800000000000001e+001 	3.0188925811835958e-002 	5.2270893411934518e-003 	3.5416015153029397e-002
1.3600000000000000e+001 	3.0194052699093463e-002 	5.2264634559365461e-003 	3.5420516155030009e-002
1.4400000000000000e+001 	3.0197926391334201e-002 	5.2257129699509438e-003 	3.5423639361285134e-002
1.5199999999999999e+001 	3.0200443506732750e-002 	5.2248523511779525e-003 	3.5425295857910689e-002
1.6000000000000000e+001 	3.0201537309399888e-002 	5.2238939619859192e-003 	3.5425431271385803e-002
1.6800000000000001e+001 	3.0201173056675901e-002 	5.2228486498231185e-003 	3.5424021706499012e-002
1.7600000000000001e+001 	3.0199342509409574e-002 	5.2217259790138804e-003 	3.5421068488423448e-002
1.8399999999999999e+001 	3.0196058535614818e-002 	5.2205119771381436e-003 	3.5416570512752980e-002
2.0000000000000000e+001 	3.0222014075310472e-002 	5.2179015719447438e-003 	3.5439915647255210e-002
2.1600000000000001e+001 	3.0169308809626993e-002 	5.2151137792577490e-003 	3.5384422588884745e-002
2.3199999999999999e+001 	3.0148447587031762e-002 	5.2121075063344046e-003 	3.5360555093366157e-002
2.4800000000000001e+001 	3.0123215919042171e-002 	5.2088548160691426e-003 	3.5332070735111291e-002
2.6399999999999999e+001 	3.0094099246982569e-002 	5.2053067667559901e-003 	3.5299406013738557e-002
2.8000000000000000e+001 	3.0061567695723903e-002 	5.2013937504354043e-003 	3.5262961446159306e-002
2.9600000000000001e+001 	3.0026060454900562e-002 	5.1970290846023457e-003 	3.5223089539502914e-002
3.1199999999999999e+001 	2.9987976687655821e-002 	5.1921140041956701e-003 	3.5180090691851483e-002
3.2800000000000004e+001 	2.9947671036101436e-002 	5.1865430873918959e-003 	3.5134214123493338e-002
3.4399999999999999e+001 	2.9905452271084737e-002 	5.1802095419518452e-003 	3.5085661813036587e-002
3.6000000000000000e+001 	2.9861584058567373e-002 	5.1730099733064304e-003 	3.5034594031873798e-002
3.7600000000000001e+001 	2.9816287129566545e-002 	5.1644131052676397e-003 	3.4980700234834183e-002
4.0800000000000004e+001 	2.9737261903636680e-002 	5.1437814992392637e-003 	3.4881043402875928e-002
4.4000000000000000e+001 	2.9624133857242056e-002 	5.1192709438885329e-003 	3.4743404801130591e-002
4.7199999999999996e+001 	2.9522502478377351e-002 	5.0900054968340686e-003 	3.4612507975211412e-002
5.0399999999999999e+001 	2.9417635088029172e-002 	5.0558723252047228e-003 	3.4473507413233906e-002
5.3600000000000001e+001 	2.9309601936798917e-002 	5.0169697393332314e-003 	3.4326571676132164e-002
5.6800000000000004e+001 	2.9198328807010870e-002 	4.9735574778164001e-003 	3.4171886284827264e-002
6.0000000000000000e+001 	2.9083659470264374e-002 	4.9260147164650473e-003 	3.4009674186729420e-002
6.3200000000000003e+001 	2.8965405399701154e-002 	4.8748015060073148e-003 	3.3840206905708457e-002
6.6400000000000006e+001 	2.8843381911860144e-002 	4.8204243805625010e-003 	3.3663806292422660e-002
6.9599999999999994e+001 	2.8717432210349857e-002 	4.7634073325504411e-003 	3.3480839542900306e-002
7.2799999999999997e+001 	2.8587441592650933e-002 	4.7038260210364490e-003 	3.3291267613687378e-002
7.9200000000000003e+001 	2.8321733218812321e-002 	4.5809151380434131e-003 	3.2902648356855732e-002
8.5599999999999994e+001 	2.8026781192921655e-002 	4.4563187859539546e-003 	3.2483099978875607e-002
9.2000000000000000e+001 	2.7723011709828743e-002 	4.3313606700425313e-003 	3.2054372379871278e-002
9.8400000000000006e+001 	2.7405020525746431e-002 	4.2078900510973535e-003 	3.1612910576843789e-002
1.0480000000000001e+002 	2.7074282422931958e-002 	4.0873457826122025e-003 	3.1161628205544155e-002
1.1119999999999999e+002 	2.6732453923225555e-002 	3.9707289786597381e-003 	3.0703182901885288e-002
1.1759999999999999e+002 	2.6381261389161925e-002 	3.8586587263595333e-003 	3.0239920115521460e-002
1.2400000000000000e+002 	2.6022415839952229e-002 	3.7514519521342875e-003 	2.9773867792086510e-002
1.3039999999999998e+002 	2.5657554144732548e-002 	3.6492021359932716e-003 	2.9306756280725807e-002
1.3680000000000001e+002 	2.5288202494704919e-002 	3.5518468365735387e-003 	2.8840049331278456e-002
1.4319999999999999e+002 	2.4915756970371752e-002 	3.4608575533345213e-003 	2.8376614523706288e-002
1.5600000000000000e+002 	2.4176260918036787e-002 	3.2920445783559999e-003 	2.7468305496392786e-002
1.6880000000000001e+002 	2.3420709003782722e-002 	3.1355073257884336e-003 	2.6556216329571149e-002
1.8160000000000002e+002 	2.2680645928142788e-002 	2.9922900820443799e-003 	2.5672936010187161e-002
1.9439999999999998e+002 	2.1952540075369946e-002 	2.8609110054690474e-003 	2.4813451080838999e-002
2.0719999999999999e+002 	2.1240122271335406e-002 	2.7398631937179336e-003 	2.3979985465053338e-002
2.2000000000000000e+002 	2.0546102383849969e-002 	2.6277916628172997e-003 	2.3173894046667261e-002
2.3280000000000001e+002 	1.9872362959575455e-002 	2.5235374094609575e-003 	2.2395900369036423e-002
2.4560000000000002e+002 	1.9220133208029209e-002 	2.4261310665235260e-003 	2.1646264274552744e-002
2.5840000000000003e+002 	1.8590133691764977e-002 	2.3347690205386376e-003 	2.0924902712303618e-002
2.7119999999999999e+002 	1.7982692543262218e-002 	2.2487856500454191e-003 	2.0231478193307631e-002
2.8400000000000000e+002 	1.7397837345586118e-002 	2.1676273433506831e-003 	1.9565464688936805e-002
2.9680000000000001e+002 	1.6835367320349050e-002 	2.0908303184032145e-003 	1.8926197638752262e-002
3.0959999999999997e+002 	1.6294909967921708e-002 	2.0192996421140577e-003 	1.8314209610035770e-002
3.3519999999999999e+002 	1.5289048219676433e-002 	1.8867459470184259e-003 	1.7175794166694860e-002
3.6080000000000001e+002 	1.4339818448370213e-002 	1.7638171042402887e-003 	1.6103635552610504e-002
3.8640000000000003e+002 	1.3477743376114940e-002 	1.6513742412959699e-003 	1.5129117617410905e-002
4.1200000000000000e+002 	1.2685174941549863e-002 	1.5483670289602334e-003 	1.4233541970510102e-002
4.3759999999999997e+002 	1.1956411021462802e-002 	1.4537783660445521e-003 	1.3410189387507347e-002
4.6319999999999999e+002 	1.1285935782368809e-002 	1.3667079398673747e-003 	1.2652643722236184e-002
4.8880000000000001e+002 	1.0668539918719995e-002 	1.2863762825536728e-003 	1.1954916201273664e-002
5.1439999999999998e+002 	1.0099383972097628e-002 	1.2121098549027905e-003 	1.1311493827000415e-002
5.4000000000000000e+002 	9.5740232144754193e-003 	1.1433240952412489e-003 	1.0717347309716666e-002
5.6560000000000002e+002 	9.0884077867333761e-003 	1.0795084335449782e-003 	1.0167916220278352e-002
5.9119999999999993e+002 	8.6388677757564345e-003 	1.0202139444841296e-003 	9.6590817202405650e-003
6.1680000000000007e+002 	8.2220898219661324e-003 	9.6638642662400182e-004 	9.1884762485901356e-003
6.6800000000000000e+002 	7.4842020319798195e-003 	8.6957368407165772e-004 	8.3537757160514758e-003
7.1919999999999993e+002 	6.8208753111806356e-003 	7.8253371720332014e-004 	7.6034090283839560e-003
7.7039999999999998e+002 	6.2531424054235200e-003 	7.0597391058538003e-004 	6.9591163160089009e-003
8.2160000000000002e+002 	5.7554184499249532e-003 	6.3862486433963509e-004 	6.3940433142645886e-003
8.7280000000000007e+002 	5.3166590631744262e-003 	5.7926423439733608e-004 	5.8959232975717589e-003
9.2400000000000000e+002 	4.9278028125332250e-003 	5.2680882592005547e-004 	5.4546116384532805e-003
9.7519999999999993e+002 	4.5814206008609575e-003 	4.8032683396090971e-004 	5.0617474348218661e-003
1.0264000000000001e+003 	4.2714031019193983e-003 	4.3902631410594565e-004 	4.7104294160253456e-003
1.0775999999999999e+003 	3.9927021308990823e-003 	4.0223633203487907e-004 	4.3949384629339613e-003
1.1288000000000000e+003 	3.7411229990983643e-003 	3.6938739856977494e-004 	4.1105103976681392e-003
1.1800000000000000e+003 	3.5131597630971723e-003 	3.4104505930963094e-004 	3.8542048224068028e-003
1.2824000000000001e+003 	3.1213848944669433e-003 	2.9284143669486301e-004 	3.4142263311618074e-003
1.3848000000000000e+003 	2.7795876078738329e-003 	2.5178451541099938e-004 	3.0313721232848321e-003
1.4872000000000000e+003 	2.4972921589069517e-003 	2.1806889869285250e-004 	2.7153610575998042e-003
1.5895999999999999e+003 	2.2567044024233767e-003 	1.9041877578805492e-004 	2.4471231782114329e-003
1.6920000000000000e+003 	2.0498742533722049e-003 	1.6768890523152874e-004 	2.2175631586037344e-003
1.7944000000000001e+003 	1.8706679495889332e-003 	1.4892179287401334e-004 	2.0195897424629466e-003
1.8968000000000000e+003 	1.7143160069985810e-003 	1.3334345338535675e-004 	1.8476594603839373e-003
1.9992000000000000e+003 	1.5770660013006605e-003 	1.2033775347874757e-004 	1.6974037547794081e-003
2.1015999999999999e+003 	1.4559277607694861e-003 	1.0941602990434202e-004 	1.5653437906738286e-003
2.2040000000000000e+003 	1.3484888593663564e-003 	1.0018979776194083e-004 	1.4486786571282966e-003
2.3064000000000001e+003 	1.2527807303554124e-003 	9.2725560740787913e-005 	1.3455062910962007e-003
2.5112000000000003e+003 	1.0920234345367197e-003 	8.0812566845184775e-005 	1.1728360013819046e-003
2.7160000000000000e+003 	9.5579131588553127e-004 	7.1145410307656907e-005 	1.0269367261931885e-003
2.9207999999999997e+003 	8.4690817924898279e-004 	6.3645066908172407e-005 	9.1055324615715492e-004
3.1255999999999999e+003 	7.5682724561212749e-004 	5.7765946333447348e-005 	8.1459319194557517e-004
3.3304000000000001e+003 	6.8151481445810212e-004 	5.3066271985558516e-005 	7.3458108644366103e-004
3.5352000000000003e+003 	6.1792181644973942e-004 	4.9217292039409054e-005 	6.6713910848914841e-004
3.7400000000000000e+003 	5.6372826375635822e-004 	4.5987107763738761e-005 	6.0971537152009717e-004
3.9447999999999997e+003 	5.1715075937015754e-004 	4.3215739893563801e-005 	5.6036649926372115e-004
4.1496000000000004e+003 	4.7680308748012637e-004 	4.0792735010434696e-005 	5.1759582249056104e-004
4.3543999999999996e+003 	4.4159614652996800e-004 	3.8640846883794675e-005 	4.8023699341376264e-004
4.5591999999999998e+003 	4.1066576019278453e-004 	3.6705104792236508e-005 	4.4737086498502121e-004
4.7640000000000000e+003 	3.8332001972495619e-004 	3.4945649148287612e-005 	4.1826566887324381e-004
4.9688000000000002e+003 	3.5900037182953520e-004 	3.3380912318587635e-005 	3.9238128414812291e-004
5.3783999999999996e+003 	3.1815103608113398e-004 	3.0592257530865842e-005 	3.4874329361199972e-004
5.7880000000000000e+003 	2.8329225006782342e-004 	2.8071879090659712e-005 	3.1136412915848323e-004
6.1976000000000004e+003 	2.5520301721065870e-004 	2.5848914047953019e-005 	2.8105193125861172e-004
6.6071999999999998e+003 	2.3164608298945861e-004 	2.3883121521522088e-005 	2.5552920451098074e-004
7.0168000000000002e+003 	2.1161428655814846e-004 	2.2131804606202427e-005 	2.3374609116435084e-004
7.4264000000000005e+003 	1.9436973041609063e-004 	2.0559800337712442e-005 	2.1492953075380312e-004
7.8360000000000000e+003 	1.7936652966172025e-004 	1.9140377349695070e-005 	1.9850690701141534e-004
8.2456000000000004e+003 	1.6619455371512956e-004 	1.7852770999810760e-005 	1.8404732471494030e-004
8.6552000000000007e+003 	1.5454019674262354e-004 	1.6680139857509576e-005 	1.7122033660013308e-004
9.0647999999999993e+003 	1.4415939352093916e-004 	1.5608421189867343e-005 	1.5976781471080653e-004
9.4743999999999996e+003 	1.3485902139783314e-004 	1.4656033623296333e-005 	1.4951505502112949e-004
1.0293600000000000e+004 	1.1916310062998932e-004 	1.2969147061295176e-005 	1.3213224769128456e-004
1.1112799999999999e+004 	1.0550067929956642e-004 	1.1464347498299862e-005 	1.1696502679786627e-004
1.1932000000000000e+004 	9.4443240622250413e-005 	1.0162643684723754e-005 	1.0460588430697418e-004
1.2751200000000001e+004 	8.5117331666054584e-005 	9.0338364754520362e-006 	9.4151168141506605e-005
1.3570400000000000e+004 	7.7166655536650420e-005 	8.0480919454344999e-006 	8.5214747482084910e-005
1.4389600000000000e+004 	7.0323490314938984e-005 	7.1820255181885652e-006 	7.7505515833127539e-005
1.5208799999999999e+004 	6.4384164345247005e-005 	6.4176512258687720e-006 	7.0801815571115757e-005
1.6027999999999998e+004 	5.9191318830693641e-005 	5.7406560376673294e-006 	6.4931974868360956e-005
1.6847200000000001e+004 	5.4621491842700144e-005 	5.1393522674666152e-006 	5.9760844110166785e-005
1.7666399999999998e+004 	5.0576448541652461e-005 	4.6040483584842790e-006 	5.5180496900136757e-005
1.8485600000000002e+004 	4.6977054640970270e-005 	4.1452159544194759e-006 	5.1122270595389746e-005
2.0124000000000000e+004 	4.0978017035875531e-005 	3.3679056441908481e-006 	4.4345922680066387e-005
2.1762399999999998e+004 	3.5798385260860328e-005 	2.7087487984525110e-006 	3.8507134059312841e-005
2.3400799999999999e+004 	3.1682578259016916e-005 	2.1763218141562343e-006 	3.3858900073173145e-005
2.5039200000000001e+004 	2.8260630266537274e-005 	1.7476198107477193e-006 	3.0008250077285002e-005
2.6677600000000002e+004 	2.5382589199971661e-005 	1.4021284015201410e-006 	2.6784717601491799e-005
2.8316000000000000e+004 	2.2936632357119439e-005 	1.0937007523822310e-006 	2.4030333109501664e-005
