-2050 0
-2.0500000000000000e+003 0.0000000000000000e+000 0.0000000000000000e+000
1
1 1 1 1
1
         t, ms                         dVp, mV                         dVs, mV                         dV, mV
5.0000000000000000e-001 	1.3769920912665240e-001 	1.1241541786716103e-002 	1.4894075091336853e-001
5.9999999999999998e-001 	1.3787825850263793e-001 	1.1191676125758760e-002 	1.4906993462839671e-001
6.9999999999999996e-001 	1.3799595432703213e-001 	1.1145055887476151e-002 	1.4914101021450829e-001
8.0000000000000004e-001 	1.3808863565261742e-001 	1.1104404015112843e-002 	1.4919303966773026e-001
9.0000000000000002e-001 	1.3816704122719176e-001 	1.1068797271196664e-002 	1.4923583849838842e-001
1.0000000000000000e+000 	1.3823529517353594e-001 	1.1037527893475308e-002 	1.4927282306701123e-001
1.1000000000000001e+000 	1.3829558884786375e-001 	1.1010042818685851e-002 	1.4930563166654956e-001
1.2000000000000000e+000 	1.3834938327942900e-001 	1.0985887459877091e-002 	1.4933527073930608e-001
1.3000000000000000e+000 	1.3839776290725669e-001 	1.0964668600005051e-002 	1.4936243150726167e-001
1.3999999999999999e+000 	1.3844157045689043e-001 	1.0946792474070341e-002 	1.4938836293096072e-001
1.6000000000000001e+000 	1.3989755019814792e-001 	1.0917237378633126e-002 	1.5081478757678105e-001
1.8000000000000000e+000 	1.3858379153177861e-001 	1.0892718020062080e-002 	1.4947650955184061e-001
2.0000000000000000e+000 	1.3863967815282677e-001 	1.0873110542755034e-002 	1.4951278869558188e-001
2.2000000000000002e+000 	1.3868827223122843e-001 	1.0857199522954601e-002 	1.4954547175418306e-001
2.3999999999999999e+000 	1.3873104144821882e-001 	1.0843928395135802e-002 	1.4957496984335461e-001
2.6000000000000001e+000 	1.3876907715086373e-001 	1.0832463233328869e-002 	1.4960154038419257e-001
2.7999999999999998e+000 	1.3880320316914685e-001 	1.0822182693486608e-002 	1.4962538586263341e-001
3.0000000000000000e+000 	1.3883405316381184e-001 	1.0812644079703396e-002 	1.4964669724351526e-001
3.2000000000000002e+000 	1.3886212368304224e-001 	1.0803545089948038e-002 	1.4966566877299028e-001
3.3999999999999999e+000 	1.3888781042260656e-001 	1.0794688783634186e-002 	1.4968249920624066e-001
3.6000000000000001e+000 	1.3891143335601466e-001 	1.0785968240869991e-002 	1.4969740159688466e-001
4.0000000000000000e+000 	1.3945843954765444e-001 	1.0768631153817924e-002 	1.5022707070147240e-001
4.4000000000000004e+000 	1.3899037803170294e-001 	1.0751388518522297e-002 	1.4974176655022525e-001
4.7999999999999998e+000 	1.3902248247572102e-001 	1.0734348620898873e-002 	1.4975683109661991e-001
5.2000000000000002e+000 	1.3905098587265866e-001 	1.0717574806488980e-002 	1.4976856067914768e-001
5.5999999999999996e+000 	1.3907665421688095e-001 	1.0701190775212874e-002 	1.4977784499209373e-001
6.0000000000000000e+000 	1.3910012894304977e-001 	1.0685337589501895e-002 	1.4978546653255170e-001
6.4000000000000004e+000 	1.3912195005228756e-001 	1.0670140768472995e-002 	1.4979209082076056e-001
6.7999999999999998e+000 	1.3914256461398258e-001 	1.0655700689189560e-002 	1.4979826530317211e-001
7.2000000000000002e+000 	1.3916232791831307e-001 	1.0642093771105136e-002 	1.4980442168941813e-001
7.5999999999999996e+000 	1.3918150362326137e-001 	1.0629375377413803e-002 	1.4981087900067516e-001
8.0000000000000000e+000 	1.3920026660612034e-001 	1.0617942758694879e-002 	1.4981820936481516e-001
8.8000000000000007e+000 	1.3951242522535454e-001 	1.0597934813355671e-002 	1.5011036003871020e-001
9.5999999999999996e+000 	1.3927175123626542e-001 	1.0580719404840113e-002 	1.4985247064110557e-001
1.0400000000000000e+001 	1.3930436861619760e-001 	1.0566500525657566e-002 	1.4987086914185513e-001
1.1199999999999999e+001 	1.3933361134115849e-001 	1.0554753255904914e-002 	1.4988836459706351e-001
1.2000000000000000e+001 	1.3935827953751204e-001 	1.0544746772228011e-002 	1.4990302630974001e-001
1.2800000000000001e+001 	1.3937717955790899e-001 	1.0535648874902116e-002 	1.4991282843281112e-001
1.3600000000000000e+001 	1.3938922167354750e-001 	1.0526592950749990e-002 	1.4991581462429759e-001
1.4400000000000000e+001 	1.3939346860464527e-001 	1.0516729821585118e-002 	1.4991019842623038e-001
1.5199999999999999e+001 	1.3938914866910335e-001 	1.0505270091347921e-002 	1.4989441876045129e-001
1.6000000000000000e+001 	1.3937564733371011e-001 	1.0491515193961092e-002 	1.4986716252767132e-001
1.6800000000000001e+001 	1.3935248797731609e-001 	1.0474876353459103e-002 	1.4982736433077520e-001
1.7600000000000001e+001 	1.3931930914760601e-001 	1.0454882836028431e-002 	1.4977419198363440e-001
1.8399999999999999e+001 	1.3927584259768364e-001 	1.0429617347618892e-002 	1.4970545994530252e-001
2.0000000000000000e+001 	1.3930770253776190e-001 	1.0366632201137998e-002 	1.4967433473889979e-001
2.1600000000000001e+001 	1.3899591727027955e-001 	1.0290475068568597e-002 	1.4928639233884808e-001
2.3199999999999999e+001 	1.3879172014178273e-001 	1.0199183370731547e-002 	1.4899090351251432e-001
2.4800000000000001e+001 	1.3854474858380231e-001 	1.0093680500438471e-002 	1.4863842908424080e-001
2.6399999999999999e+001 	1.3825549109376462e-001 	9.9755217071222906e-003 	1.4823101280088691e-001
2.8000000000000000e+001 	1.3792474410356706e-001 	9.8465972101332688e-003 	1.4777134131370032e-001
2.9600000000000001e+001 	1.3755357419332864e-001 	9.7088832196830666e-003 	1.4726245741301167e-001
3.1199999999999999e+001 	1.3714328437144269e-001 	9.5643058322560110e-003 	1.4670759020369872e-001
3.2800000000000004e+001 	1.3669538091794081e-001 	9.4146706440856927e-003 	1.4611005156202653e-001
3.4399999999999999e+001 	1.3621153919858175e-001 	9.2616186791939885e-003 	1.4547315787777573e-001
3.6000000000000000e+001 	1.3569356856395051e-001 	9.1065993692552548e-003 	1.4480016793320585e-001
3.7600000000000001e+001 	1.3514337736831936e-001 	8.9513240055427313e-003 	1.4409470137386221e-001
4.0800000000000004e+001 	1.3401661336660944e-001 	8.6439715108709569e-003 	1.4266058487748037e-001
4.4000000000000000e+001 	1.3266629565612881e-001 	8.3435845149619093e-003 	1.4100988017109078e-001
4.7199999999999996e+001 	1.3128644287744343e-001 	8.0537369800640409e-003 	1.3934017985750752e-001
5.0399999999999999e+001 	1.2983192452155023e-001 	7.7767582661961926e-003 	1.3760868278774646e-001
5.3600000000000001e+001 	1.2831636417848410e-001 	7.5139503489190735e-003 	1.3583031452740321e-001
5.6800000000000004e+001 	1.2675217096223093e-001 	7.2658080632811203e-003 	1.3401797902551205e-001
6.0000000000000000e+001 	1.2515043174206239e-001 	7.0322733310348206e-003 	1.3218270507309726e-001
6.3200000000000003e+001 	1.2352090723049511e-001 	6.8129423473425018e-003 	1.3033384957783761e-001
6.6400000000000006e+001 	1.2187209240624543e-001 	6.6072073694807181e-003 	1.2847929977572614e-001
6.9599999999999994e+001 	1.2021131377944656e-001 	6.4143504925764545e-003 	1.2662566427202296e-001
7.2799999999999997e+001 	1.1854484424355051e-001 	6.2376941025202148e-003 	1.2478253834607070e-001
7.9200000000000003e+001 	1.1525185570749152e-001 	5.9173490013049983e-003 	1.2116920470879650e-001
8.5599999999999994e+001 	1.1192633069260412e-001 	5.6274323029175460e-003 	1.1755376299552170e-001
9.2000000000000000e+001 	1.0868481584650418e-001 	5.3704612207133400e-003 	1.1405527706721751e-001
9.8400000000000006e+001 	1.0551263737150239e-001 	5.1427003316176570e-003 	1.1065533770312010e-001
1.0480000000000001e+002 	1.0242140184310831e-001 	4.9403291580383162e-003 	1.0736173100114661e-001
1.1119999999999999e+002 	9.9418700739927507e-002 	4.7598093901328907e-003 	1.0417851013006045e-001
1.1759999999999999e+002 	9.6509090234607145e-002 	4.5979928524319787e-003 	1.0110708308703911e-001
1.2400000000000000e+002 	9.3694880993623622e-002 	4.4521415678552981e-003 	9.8147022561478947e-002
1.3039999999999998e+002 	9.0976741668960609e-002 	4.3199075887459517e-003 	9.5296649257706603e-002
1.3680000000000001e+002 	8.8354149947198937e-002 	4.1992935131086647e-003 	9.2553443460307597e-002
1.4319999999999999e+002 	8.5825727205991312e-002 	4.0914888887734150e-003 	8.9917216094764732e-002
1.5600000000000000e+002 	8.1092225655219882e-002 	3.8991096099288084e-003 	8.4991335265148682e-002
1.6880000000000001e+002 	7.6599555425315838e-002 	3.7253465241099981e-003 	8.0324901949425875e-002
1.8160000000000002e+002 	7.2483849905262715e-002 	3.5702301770045436e-003 	7.6054080082267272e-002
1.9439999999999998e+002 	6.8669154033014324e-002 	3.4300902202373676e-003 	7.2099244253251663e-002
2.0719999999999999e+002 	6.5132219354350276e-002 	3.3018164793415386e-003 	6.8434035833691842e-002
2.2000000000000000e+002 	6.1850617973351757e-002 	3.1829451493698931e-003 	6.5033563122721669e-002
2.3280000000000001e+002 	5.8803199214488844e-002 	3.0716319841858309e-003 	6.1874831198674658e-002
2.4560000000000002e+002 	5.5970309549495001e-002 	2.9665431394702894e-003 	5.8936852688965272e-002
2.5840000000000003e+002 	5.3333861850904093e-002 	2.8667216484416481e-003 	5.6200583499345751e-002
2.7119999999999999e+002 	5.0877313896034948e-002 	2.7714741549550175e-003 	5.3648788050989951e-002
2.8400000000000000e+002 	4.8585595741154931e-002 	2.6802891218929131e-003 	5.1265884863047867e-002
2.9680000000000001e+002 	4.6445011110515314e-002 	2.5927811243031031e-003 	4.9037792234818404e-002
3.0959999999999997e+002 	4.4443128215189920e-002 	2.5099808895643204e-003 	4.6953109104754233e-002
3.3519999999999999e+002 	4.0853070909402080e-002 	2.3537054010134288e-003 	4.3206776310415515e-002
3.6080000000000001e+002 	3.7587271489549448e-002 	2.2057379498728641e-003 	3.9793009439422343e-002
3.8640000000000003e+002 	3.4746586483205541e-002 	2.0675181993746040e-003 	3.6814104682580139e-002
4.1200000000000000e+002 	3.2223786630278750e-002 	1.9387690883181676e-003 	3.4162555718596915e-002
4.3759999999999997e+002 	2.9973920481111083e-002 	1.8188970294016542e-003 	3.1792817510512737e-002
4.6319999999999999e+002 	2.7959269213973830e-002 	1.7072258729693966e-003 	2.9666495086943231e-002
4.8880000000000001e+002 	2.6148196935753491e-002 	1.6031335538881886e-003 	2.7751330489641683e-002
5.1439999999999998e+002 	2.4514099725045205e-002 	1.5060684192194983e-003 	2.6020168144264715e-002
5.4000000000000000e+002 	2.3034517377017564e-002 	1.4155317607372269e-003 	2.4450049137754788e-002
5.6560000000000002e+002 	2.1690404424681758e-002 	1.3310632971660675e-003 	2.3021467721847839e-002
5.9119999999999993e+002 	2.0465538087081177e-002 	1.2522339113744557e-003 	2.1717771998455631e-002
6.1680000000000007e+002 	1.9346038448570465e-002 	1.1806624089192341e-003 	2.0526700857489703e-002
6.6800000000000000e+002 	1.7400875817396043e-002 	1.0516375428015997e-003 	1.8452513360197653e-002
7.1919999999999993e+002 	1.5683557097532736e-002 	9.3482155978237807e-004 	1.6618378657315112e-002
7.7039999999999998e+002 	1.4245775867942586e-002 	8.3189007962236822e-004 	1.5077665947564958e-002
8.2160000000000002e+002 	1.3006486784245645e-002 	7.4161348315569212e-004 	1.3748100267401335e-002
8.7280000000000007e+002 	1.1929896440180724e-002 	6.6243249077483474e-004 	1.2592328930955556e-002
9.2400000000000000e+002 	1.0987802691727982e-002 	5.9285106588906269e-004 	1.1580653757617042e-002
9.7519999999999993e+002 	1.0157889486133274e-002 	5.3157508156746270e-004 	1.0689464567700742e-002
1.0264000000000001e+003 	9.4223574212591067e-003 	4.7751194586879287e-004 	9.8998693671278996e-003
1.0775999999999999e+003 	8.7668783517862846e-003 	4.2973694329947418e-004 	9.1966152950857596e-003
1.1288000000000000e+003 	8.1798105272398898e-003 	3.8746141383209660e-004 	8.5672719410719838e-003
1.1800000000000000e+003 	7.6516101549753846e-003 	3.5172773302452013e-004 	8.0033378879999038e-003
1.2824000000000001e+003 	6.7518608918598752e-003 	2.9199393027480906e-004 	7.0438548221346845e-003
1.3848000000000000e+003 	5.9743727350051430e-003 	2.4143426198217050e-004 	6.2158069969873130e-003
1.4872000000000000e+003 	5.3391147352927631e-003 	2.0093159865528046e-004 	5.5400463339480453e-003
1.5895999999999999e+003 	4.8023209213487669e-003 	1.6887154876175079e-004 	4.9711924701105166e-003
1.6920000000000000e+003 	4.3442513429287899e-003 	1.4355308694879887e-004 	4.4878044298775899e-003
1.7944000000000001e+003 	3.9499141980461755e-003 	1.2352452284069746e-004 	4.0734387208868732e-003
1.8968000000000000e+003 	3.6078161955337938e-003 	1.0764131562363820e-004 	3.7154575111574321e-003
1.9992000000000000e+003 	3.3090268518431664e-003 	9.5015937958154042e-005 	3.4040427898013193e-003
2.1015999999999999e+003 	3.0465066534691057e-003 	8.4957222183773150e-005 	3.1314638756528789e-003
2.2040000000000000e+003 	2.8146298675617220e-003 	7.6923211427140615e-005 	2.8915530789888613e-003
2.3064000000000001e+003 	2.6088440739642487e-003 	7.1054622453754217e-005 	2.6798986964180040e-003
2.5112000000000003e+003 	2.2647636189793456e-003 	6.2478056198126265e-005 	2.3272416751774719e-003
2.7160000000000000e+003 	1.9747703583886610e-003 	5.5674887991297819e-005 	2.0304452463799599e-003
2.9207999999999997e+003 	1.7443359469405018e-003 	5.0927004148712598e-005 	1.7952629510892136e-003
3.1255999999999999e+003 	1.5546060689537980e-003 	4.7655933738113417e-005 	1.6022620026919113e-003
3.3304000000000001e+003 	1.3966460683099999e-003 	4.5305965182505677e-005 	1.4419520334925055e-003
3.5352000000000003e+003 	1.2637556791039038e-003 	4.3493615610980207e-005 	1.3072492947148839e-003
3.7400000000000000e+003 	1.1508735502665530e-003 	4.1987454152390014e-005 	1.1928610044189432e-003
3.9447999999999997e+003 	1.0541338683889888e-003 	4.0654152990922618e-005 	1.0947880213799115e-003
4.1496000000000004e+003 	9.7054859961548108e-004 	3.9418426933528414e-005 	1.0099670265490092e-003
4.3543999999999996e+003 	8.9778161729105340e-004 	3.8238901684578506e-005 	9.3602051897563197e-004
4.5591999999999998e+003 	8.3398719918556942e-004 	3.7094033595390800e-005 	8.7108123278096009e-004
4.7640000000000000e+003 	7.7769315324562158e-004 	3.5973763055584562e-005 	8.1366691630120592e-004
4.9688000000000002e+003 	7.2771505311272047e-004 	3.4947963749662475e-005 	7.6266301686238292e-004
5.3783999999999996e+003 	6.4395106946160316e-004 	3.2920393616611625e-005 	6.7687146307821445e-004
5.7880000000000000e+003 	5.7262955676054984e-004 	3.0803026463193158e-005 	6.0343258322374306e-004
6.1976000000000004e+003 	5.1531269782639192e-004 	2.8827781334186255e-005 	5.4414047916057811e-004
6.6071999999999998e+003 	4.6734150444275170e-004 	2.7016655327333838e-005 	4.9435815977008559e-004
7.0168000000000002e+003 	4.2661815627019245e-004 	2.5346476333760556e-005 	4.5196463260395312e-004
7.4264000000000005e+003 	3.9161096098093358e-004 	2.3803076368712050e-005 	4.1541403734964564e-004
7.8360000000000000e+003 	3.6119038737259960e-004 	2.2379444105787054e-005 	3.8356983147838652e-004
8.2456000000000004e+003 	3.3451019986144732e-004 	2.1069551766222926e-005 	3.5557975162767006e-004
8.6552000000000007e+003 	3.1092491786460536e-004 	1.9866417900558599e-005 	3.3079133576516392e-004
9.0647999999999993e+003 	2.8993326012975831e-004 	1.8762236853757748e-005 	3.0869549698351602e-004
9.4743999999999996e+003 	2.7113930313606355e-004 	1.7810293687661949e-005 	2.8894959682372546e-004
1.0293600000000000e+004 	2.3945078981250584e-004 	1.6111223537591380e-005 	2.5556201335009721e-004
1.1112799999999999e+004 	2.1188593256378385e-004 	1.4538679454098804e-005 	2.2642461201788263e-004
1.1932000000000000e+004 	1.8960131586291871e-004 	1.3214092454751604e-005 	2.0281540831767033e-004
1.2751200000000001e+004 	1.7082042441621370e-004 	1.2095307757097689e-005 	1.8291573217331139e-004
1.3570400000000000e+004 	1.5481912162007851e-004 	1.1136518605120768e-005 	1.6595564022519926e-004
1.4389600000000000e+004 	1.4105411146491341e-004 	1.0307042173506666e-005 	1.5136115363842008e-004
1.5208799999999999e+004 	1.2911263174671114e-004 	9.5847762668182950e-006 	1.3869740801352942e-004
1.6027999999999998e+004 	1.1867614755764225e-004 	8.9521586306525437e-006 	1.2762830618829479e-004
1.6847200000000001e+004 	1.0949498668115980e-004 	8.3947713438656749e-006 	1.1788975802502546e-004
1.7666399999999998e+004 	1.0137065992644095e-004 	7.9007302910456495e-006 	1.0927139021748653e-004
1.8485600000000002e+004 	9.4143387865103082e-005 	7.4884797839523534e-006 	1.0163186764905543e-004
2.0124000000000000e+004 	8.2102395621863809e-005 	6.7729540899808625e-006 	8.8875349711844680e-005
2.1762399999999998e+004 	7.1708703184933782e-005 	6.1254909427448058e-006 	7.7834194127678587e-005
2.3400799999999999e+004 	6.3453497982478662e-005 	5.5918280951585692e-006 	6.9045326077637209e-005
2.5039200000000001e+004 	5.6592083172110234e-005 	5.1424720110290758e-006 	6.1734555183139318e-005
2.6677600000000002e+004 	5.0822740727682888e-005 	4.7553004187037214e-006 	5.5578041146386580e-005
2.8316000000000000e+004 	4.5920608784448756e-005 	4.3951164221520951e-006 	5.0315725206600882e-005
-2350 0
-2.3500000000000000e+003 0.0000000000000000e+000 0.0000000000000000e+000
1
1 1 1 1
1
         t, ms                         dVp, mV                         dVs, mV                         dV, mV
5.0000000000000000e-001 	1.1037266996818915e-001 	5.6102212730555212e-003 	1.1598289124124468e-001
5.9999999999999998e-001 	1.1051154623524258e-001 	5.5679098842958625e-003 	1.1607945611953846e-001
6.9999999999999996e-001 	1.1060283511033457e-001 	5.5282781239842996e-003 	1.1613111323431879e-001
8.0000000000000004e-001 	1.1067472187517781e-001 	5.4936016507287190e-003 	1.1616832352590653e-001
9.0000000000000002e-001 	1.1073553579455669e-001 	5.4631667517328836e-003 	1.1619870254628953e-001
1.0000000000000000e+000 	1.1078847569303714e-001 	5.4364236069036872e-003 	1.1622489929994083e-001
1.1000000000000001e+000 	1.1083524128373469e-001 	5.4129353144327054e-003 	1.1624817659816740e-001
1.2000000000000000e+000 	1.1087696580882894e-001 	5.3923336264815524e-003 	1.1626929943531049e-001
1.3000000000000000e+000 	1.1091449040949680e-001 	5.3742914103467893e-003 	1.1628878181984362e-001
1.3999999999999999e+000 	1.1094846873940711e-001 	5.3591727438710556e-003 	1.1630764148327817e-001
1.6000000000000001e+000 	1.1207774191600255e-001 	5.3343580622439929e-003 	1.1741209997824653e-001
1.8000000000000000e+000 	1.1105877904254498e-001 	5.3139407964483739e-003 	1.1637271983899344e-001
2.0000000000000000e+000 	1.1110212601825853e-001 	5.2977983118046093e-003 	1.1639992433006309e-001
2.2000000000000002e+000 	1.1113981666751571e-001 	5.2848527250363752e-003 	1.1642466939255208e-001
2.3999999999999999e+000 	1.1117298937621398e-001 	5.2741690757612111e-003 	1.1644715845197520e-001
2.6000000000000001e+000 	1.1120249063095260e-001 	5.2650122698826669e-003 	1.1646750290083528e-001
2.7999999999999998e+000 	1.1122895942174195e-001 	5.2568378143610052e-003 	1.1648579723610296e-001
3.0000000000000000e+000 	1.1125288723594440e-001 	5.2492609606487476e-003 	1.1650214819659306e-001
3.2000000000000002e+000 	1.1127465921242756e-001 	5.2420219754070740e-003 	1.1651668118783466e-001
3.3999999999999999e+000 	1.1129458226502256e-001 	5.2349544371052851e-003 	1.1652953670212784e-001
3.6000000000000001e+000 	1.1131290457559886e-001 	5.2279621152048431e-003 	1.1654086669080370e-001
4.0000000000000000e+000 	1.1173716804411951e-001 	5.2139979521131190e-003 	1.1695116599623263e-001
4.4000000000000004e+000 	1.1137413514131411e-001 	5.2000673413625156e-003 	1.1657420248267666e-001
4.7999999999999998e+000 	1.1139903566469082e-001 	5.1862729265569098e-003 	1.1658530859124772e-001
5.2000000000000002e+000 	1.1142114291461107e-001 	5.1726954012519645e-003 	1.1659383831586308e-001
5.5999999999999996e+000 	1.1144105059383107e-001 	5.1594597308880627e-003 	1.1660051032471914e-001
6.0000000000000000e+000 	1.1145925538200842e-001 	5.1466987568724769e-003 	1.1660595413888088e-001
6.4000000000000004e+000 	1.1147617468715942e-001 	5.1345268478022975e-003 	1.1661070153496174e-001
6.7999999999999998e+000 	1.1149215305380576e-001 	5.1230328135027647e-003 	1.1661518586730855e-001
7.2000000000000002e+000 	1.1150746288971987e-001 	5.1122815758664576e-003 	1.1661974446558628e-001
7.5999999999999996e+000 	1.1152230445443165e-001 	5.1023171649350694e-003 	1.1662462161936674e-001
8.0000000000000000e+000 	1.1153680799590411e-001 	5.0934745003517320e-003 	1.1663028249625582e-001
8.8000000000000007e+000 	1.1177871814781802e-001 	5.0782415073392017e-003 	1.1685695965515720e-001
9.5999999999999996e+000 	1.1159169724075174e-001 	5.0653428156267289e-003 	1.1665704005637849e-001
1.0400000000000000e+001 	1.1161638152126090e-001 	5.0548747170779812e-003 	1.1667125623833885e-001
1.1199999999999999e+001 	1.1163810940863106e-001 	5.0462933803687281e-003 	1.1668440278899980e-001
1.2000000000000000e+001 	1.1165585416211896e-001 	5.0388757766470131e-003 	1.1669472993876601e-001
1.2800000000000001e+001 	1.1166858932839011e-001 	5.0318142792799194e-003 	1.1670040360767005e-001
1.3600000000000000e+001 	1.1167536662118882e-001 	5.0242788429619278e-003 	1.1669964546415078e-001
1.4400000000000000e+001 	1.1167535497902048e-001 	5.0154651890340273e-003 	1.1669082016805450e-001
1.5199999999999999e+001 	1.1166785166906060e-001 	5.0046336305481637e-003 	1.1667248529960877e-001
1.6000000000000000e+001 	1.1165227634815510e-001 	4.9911371672808911e-003 	1.1664341351543599e-001
1.6800000000000001e+001 	1.1162815665837249e-001 	4.9744383596358258e-003 	1.1660259501800829e-001
1.7600000000000001e+001 	1.1159511113968321e-001 	4.9541163069726536e-003 	1.1654922744665580e-001
1.8399999999999999e+001 	1.1155283285070983e-001 	4.9282487817567198e-003 	1.1648108163246657e-001
2.0000000000000000e+001 	1.1155576924605128e-001 	4.8636442803033295e-003 	1.1641941352635463e-001
2.1600000000000001e+001 	1.1128683229315177e-001 	4.7856729277361131e-003 	1.1607250522088788e-001
2.3199999999999999e+001 	1.1109425535525523e-001 	4.6925201198811687e-003 	1.1578677547513638e-001
2.4800000000000001e+001 	1.1086131208152457e-001 	4.5853483828193252e-003 	1.1544666046434386e-001
2.6399999999999999e+001 	1.1058800344869761e-001 	4.4659430180191487e-003 	1.1505394646671677e-001
2.8000000000000000e+001 	1.1027469537396845e-001 	4.3364054833658411e-003 	1.1461110085733427e-001
2.9600000000000001e+001 	1.0992209079300562e-001 	4.1989109107991203e-003 	1.1412100170380476e-001
3.1199999999999999e+001 	1.0953119800344246e-001 	4.0555696778646743e-003 	1.1358676768130717e-001
3.2800000000000004e+001 	1.0910329466061622e-001 	3.9083514683150014e-003 	1.1301164612893118e-001
3.4399999999999999e+001 	1.0863988794102648e-001 	3.7590382614499842e-003 	1.1239892620247642e-001
3.6000000000000000e+001 	1.0814267242484056e-001 	3.6091969777776161e-003 	1.1175186940261816e-001
3.7600000000000001e+001 	1.0761348765763727e-001 	3.4612767514043087e-003 	1.1107476440904154e-001
4.0800000000000004e+001 	1.0651538055543955e-001 	3.1737413137690362e-003 	1.0968912186920862e-001
4.4000000000000000e+001 	1.0522293939996313e-001 	2.8986442130157779e-003 	1.0812158361297890e-001
4.7199999999999996e+001 	1.0388841774442355e-001 	2.6405587004542843e-003 	1.0652897644487787e-001
5.0399999999999999e+001 	1.0248128716039667e-001 	2.4017061808016271e-003 	1.0488299334119830e-001
5.3600000000000001e+001 	1.0101579913965693e-001 	2.1830514716657326e-003 	1.0319885061132267e-001
5.6800000000000004e+001 	9.9505001150501204e-002 	1.9846027423776123e-003 	1.0148960389287884e-001
6.0000000000000000e+001 	9.7960578831307557e-002 	1.8057160761273683e-003 	9.9766294907434910e-002
6.3200000000000003e+001 	9.6392819325364851e-002 	1.6453434557623155e-003 	9.8038162781127161e-002
6.6400000000000006e+001 	9.4810653303756390e-002 	1.5022107041640785e-003 	9.6312864007920523e-002
6.9599999999999994e+001 	9.3221744750659460e-002 	1.3749406575348675e-003 	9.4596685408194353e-002
7.2799999999999997e+001 	9.1632606104809222e-002 	1.2666953501285676e-003 	9.2899301454937772e-002
7.9200000000000003e+001 	8.8505429570243099e-002 	1.0871781191612376e-003 	8.9592607689404288e-002
8.5599999999999994e+001 	8.5379469734404217e-002 	9.3973574289120973e-004 	8.6319205477295394e-002
9.2000000000000000e+001 	8.2353343138295412e-002 	8.2536100040906074e-004 	8.3178704138704471e-002
9.8400000000000006e+001 	7.9416763921893035e-002 	7.3826338331304934e-004 	8.0155027305206086e-002
1.0480000000000001e+002 	7.6579583434207316e-002 	6.7304701989322907e-004 	7.7252630454100565e-002
1.1119999999999999e+002 	7.3847401115503669e-002 	6.2509584139661557e-004 	7.4472496956900280e-002
1.1759999999999999e+002 	7.1222689186106275e-002 	5.9060839333283631e-004 	7.1813297579439134e-002
1.2400000000000000e+002 	6.8705688517755936e-002 	5.6652177928905967e-004 	6.9272210297045014e-002
1.3039999999999998e+002 	6.6295083214962164e-002 	5.5040153450088545e-004 	6.6845484749463044e-002
1.3680000000000001e+002 	6.3988494862795356e-002 	5.4032816172203384e-004 	6.4528823024517387e-002
1.4319999999999999e+002 	6.1782839806482158e-002 	5.3580326525416223e-004 	6.2318643071736318e-002
1.5600000000000000e+002 	5.7700330591786059e-002 	5.3493882021924495e-004 	5.8235269412005297e-002
1.6880000000000001e+002 	5.3883634154818498e-002 	5.3861469881900654e-004 	5.4422248853637500e-002
1.8160000000000002e+002 	5.0439581027142709e-002 	5.4558200241340571e-004 	5.0985163029556115e-002
1.9439999999999998e+002 	4.7293026844974231e-002 	5.5377949478112407e-004 	4.7846806339755334e-002
2.0719999999999999e+002 	4.4415771394685624e-002 	5.6177754946490290e-004 	4.4977548944150514e-002
2.2000000000000000e+002 	4.1781646065935381e-002 	5.6865514576994966e-004 	4.2350301211705341e-002
2.3280000000000001e+002 	3.9366750158909475e-002 	5.7390299542175787e-004 	3.9940653154331249e-002
2.4560000000000002e+002 	3.7149470724845909e-002 	5.7731127520310721e-004 	3.7726782000049017e-002
2.5840000000000003e+002 	3.5110384121201821e-002 	5.7886095121038449e-004 	3.5689245072412203e-002
2.7119999999999999e+002 	3.3232098856612706e-002 	5.7864176014571034e-004 	3.3810740616758421e-002
2.8400000000000000e+002 	3.1499074966714335e-002 	5.7679918080974220e-004 	3.2075874147524081e-002
2.9680000000000001e+002 	2.9897439965791559e-002 	5.7350274029217547e-004 	3.0470942706083737e-002
3.0959999999999997e+002 	2.8414812165685869e-002 	5.6871138479660003e-004 	2.8983523550482455e-002
3.3519999999999999e+002 	2.5794564911092818e-002 	5.5619288563771318e-004 	2.6350757796730510e-002
3.6080000000000001e+002 	2.3446904653752466e-002 	5.4091935448117223e-004 	2.3987824008233648e-002
3.8640000000000003e+002 	2.1443115768438450e-002 	5.2331160389661288e-004 	2.1966427372335080e-002
4.1200000000000000e+002 	1.9691838784616576e-002 	5.0431076837227488e-004 	2.0196149552988853e-002
4.3759999999999997e+002 	1.8153012806261349e-002 	4.8455052355346842e-004 	1.8637563329814810e-002
4.6319999999999999e+002 	1.6793801730456713e-002 	4.6445341509782025e-004 	1.7258255145554541e-002
4.8880000000000001e+002 	1.5587283771228994e-002 	4.4433743360365520e-004 	1.6031621204832650e-002
5.1439999999999998e+002 	1.4511304611553557e-002 	4.2445014390369396e-004 	1.4935754755457246e-002
5.4000000000000000e+002 	1.3547539398757330e-002 	4.0497803803558907e-004 	1.3952517436792917e-002
5.6560000000000002e+002 	1.2680744974623463e-002 	3.8605471260551939e-004 	1.3066799687228986e-002
5.9119999999999993e+002 	1.1898168790940661e-002 	3.6777067774306356e-004 	1.2265939468683722e-002
6.1680000000000007e+002 	1.1189081993685016e-002 	3.5065473391652965e-004 	1.1539736727601547e-002
6.6800000000000000e+002 	9.9713515860091542e-003 	3.1869783330914613e-004 	1.0290049419318303e-002
7.1919999999999993e+002 	8.9086488633243546e-003 	2.8857988778365249e-004 	9.1972287511080091e-003
7.7039999999999998e+002 	8.0318505317004737e-003 	2.6107856822866224e-004 	8.2929290999291336e-003
8.2160000000000002e+002 	7.2848332855574866e-003 	2.3631576454880465e-004 	7.5211490501062937e-003
8.7280000000000007e+002 	6.6425447908975161e-003 	2.1412188862122652e-004 	6.8566666795187425e-003
9.2400000000000000e+002 	6.0856213017164889e-003 	1.9424435503916776e-004 	6.2798656567556576e-003
9.7519999999999993e+002 	5.5990107751087382e-003 	1.7644292822740815e-004 	5.7754537033361444e-003
1.0264000000000001e+003 	5.1708995041056674e-003 	1.6050566496650276e-004 	5.3314051690721703e-003
1.0775999999999999e+003 	4.7919136830782598e-003 	1.4624441916056530e-004 	4.9381581022388240e-003
1.1288000000000000e+003 	4.4545340384426696e-003 	1.3348989108091539e-004 	4.5880239295235867e-003
1.1800000000000000e+003 	4.1526664351000135e-003 	1.2267543567186882e-004 	4.2753418707718819e-003
1.2824000000000001e+003 	3.6420669124708708e-003 	1.0443398190948968e-004 	3.7465008943803613e-003
1.3848000000000000e+003 	3.2042519222335235e-003 	8.8692543398807258e-005 	3.2929444656323308e-003
1.4872000000000000e+003 	2.8496875401358788e-003 	7.5969649246045398e-005 	2.9256571893819250e-003
1.5895999999999999e+003 	2.5522188171152775e-003 	6.5897369559837982e-005 	2.6181161866751157e-003
1.6920000000000000e+003 	2.2999698043404933e-003 	5.7968055322821239e-005 	2.3579378596633141e-003
1.7944000000000001e+003 	2.0840212706844529e-003 	5.1721981828833440e-005 	2.1357432525132866e-003
1.8968000000000000e+003 	1.8976054314446419e-003 	4.6793855532474567e-005 	1.9443992869771171e-003
1.9992000000000000e+003 	1.7355120917941121e-003 	4.2899770168659720e-005 	1.7784118619627715e-003
2.1015999999999999e+003 	1.5936679977776905e-003 	3.9817161052657642e-005 	1.6334851588303482e-003
2.2040000000000000e+003 	1.4688417362915842e-003 	3.7370018536496844e-005 	1.5062117548280808e-003
2.3064000000000001e+003 	1.3584355259741445e-003 	3.5636898592508998e-005 	1.3940724245666534e-003
2.5112000000000003e+003 	1.1745959449069828e-003 	3.3099767827932484e-005 	1.2076957127349144e-003
2.7160000000000000e+003 	1.0204332485426783e-003 	3.0939105282629013e-005 	1.0513723538253074e-003
2.9207999999999997e+003 	8.9859139318143729e-004 	2.9361824487011222e-005 	9.2795321766844839e-004
3.1255999999999999e+003 	7.9872275036205111e-004 	2.8210290855798626e-005 	8.2693304121785017e-004
3.3304000000000001e+003 	7.1590659899112654e-004 	2.7299924755868748e-005 	7.4320652374699515e-004
3.5352000000000003e+003 	6.4647800019180070e-004 	2.6507103194883579e-005 	6.7298510338668438e-004
3.7400000000000000e+003 	5.8768596091460928e-004 	2.5765180783170861e-005 	6.1345114169777991e-004
3.9447999999999997e+003 	5.3744122293920751e-004 	2.5041922749575107e-005 	5.6248314568878234e-004
4.1496000000000004e+003 	4.9413702980328350e-004 	2.4323487973034370e-005 	5.1846051777631791e-004
4.3543999999999996e+003 	4.5652273577675436e-004 	2.3605574009478246e-005 	4.8012830978623266e-004
4.5591999999999998e+003 	4.2361410190967319e-004 	2.2888686589264685e-005 	4.4650278849893790e-004
4.7640000000000000e+003 	3.9462881569793910e-004 	2.2175551805279591e-005 	4.1680436750321861e-004
4.9688000000000002e+003 	3.6893945735716173e-004 	2.1510630483602361e-005 	3.9045008784076399e-004
5.3783999999999996e+003 	3.2597710881175819e-004 	2.0196706148393459e-005 	3.4617381496015174e-004
5.7880000000000000e+003 	2.8947731952916821e-004 	1.8844557054944420e-005 	3.0832187658411277e-004
6.1976000000000004e+003 	2.6022336994346233e-004 	1.7586435634741473e-005 	2.7780980557820398e-004
6.6071999999999998e+003 	2.3578927601893482e-004 	1.6435557584756783e-005 	2.5222483360369161e-004
7.0168000000000002e+003 	2.1508245349694921e-004 	1.5379014304985124e-005 	2.3046146780193440e-004
7.4264000000000005e+003 	1.9730781815070251e-004 	1.4408005382184276e-005 	2.1171582353288670e-004
7.8360000000000000e+003 	1.8188085205739194e-004 	1.3517076488777383e-005 	1.9539792854616936e-004
8.2456000000000004e+003 	1.6836485030767906e-004 	1.2701126828379143e-005 	1.8106597713605824e-004
8.6552000000000007e+003 	1.5642751599571059e-004 	1.1954615105094144e-005 	1.6838213110080482e-004
9.0647999999999993e+003 	1.4581132907085680e-004 	1.1271741281250861e-005 	1.5708307035210763e-004
9.4743999999999996e+003 	1.3631326483894081e-004 	1.0682630886172761e-005 	1.4699589572511355e-004
1.0293600000000000e+004 	1.2031379264157159e-004 	9.6360660716817686e-006 	1.2994985871325336e-004
1.1112799999999999e+004 	1.0640579000843285e-004 	8.6751883844084966e-006 	1.1508097839284132e-004
1.1932000000000000e+004 	9.5174673822840658e-005 	7.8661879941502243e-006 	1.0304086181699088e-004
1.2751200000000001e+004 	8.5716695981323900e-005 	7.1828351006504941e-006 	9.2899531081974384e-005
1.3570400000000000e+004 	7.7663749362250588e-005 	6.5976373664262003e-006 	8.4261386728676764e-005
1.4389600000000000e+004 	7.0740077901137503e-005 	6.0918235122963883e-006 	7.6831901413433883e-005
1.5208799999999999e+004 	6.4736465426724747e-005 	5.6516968035018407e-006 	7.0388162230226571e-005
1.6027999999999998e+004 	5.9491647308693697e-005 	5.2663935067214722e-006 	6.4758040815415167e-005
1.6847200000000001e+004 	5.4879349512353840e-005 	4.9270515032991133e-006 	5.9806401015652959e-005
1.7666399999999998e+004 	5.0799270835613687e-005 	4.6264058158918265e-006 	5.5425676651505503e-005
1.8485600000000002e+004 	4.7170731080243291e-005 	4.3748815924472160e-006 	5.1545612672690523e-005
2.0124000000000000e+004 	4.1127779517571241e-005 	3.9396615011154681e-006 	4.5067441018686713e-005
2.1762399999999998e+004 	3.5912919054211645e-005 	3.5484684618173121e-006 	3.9461387516028964e-005
2.3400799999999999e+004 	3.1772972738470312e-005 	3.2261491251005374e-006 	3.4999121863570851e-005
2.5039200000000001e+004 	2.8333098853264199e-005 	2.9553905476230328e-006 	3.1288489400887237e-005
2.6677600000000002e+004 	2.5441489336234435e-005 	2.7230717102029536e-006 	2.8164561046437390e-005
2.8316000000000000e+004 	2.2985076773184931e-005 	2.5074863867346229e-006 	2.5492563159919555e-005
-1750 0
-1.7500000000000000e+003 0.0000000000000000e+000 0.0000000000000000e+000
1
1 1 1 1
1
         t, ms                         dVp, mV                         dVs, mV                         dV, mV
5.0000000000000000e-001 	2.9778777829741671e-002 	5.5991595862369733e-003 	3.5377937415978639e-002
5.9999999999999998e-001 	2.9822024013099521e-002 	5.5903667499713717e-003 	3.5412390763070907e-002
6.9999999999999996e-001 	2.9850451038476552e-002 	5.5822200613015105e-003 	3.5432671099778074e-002
8.0000000000000004e-001 	2.9872836331898547e-002 	5.5752355872494587e-003 	3.5448071919148019e-002
9.0000000000000002e-001 	2.9891773685178865e-002 	5.5691827888244743e-003 	3.5460956474003325e-002
1.0000000000000000e+000 	2.9908259183563074e-002 	5.5638865691291150e-003 	3.5472145752692183e-002
1.1000000000000001e+000 	2.9922822084675199e-002 	5.5592165304485701e-003 	3.5482038615123779e-002
1.2000000000000000e+000 	2.9935815254334863e-002 	5.5550740925401085e-003 	3.5490889346874978e-002
1.3000000000000000e+000 	2.9947500604848406e-002 	5.5513823422796696e-003 	3.5498882947128059e-002
1.3999999999999999e+000 	2.9958081673287288e-002 	5.5481920179257993e-003 	3.5506273691213078e-002
1.6000000000000001e+000 	3.0309774361488958e-002 	5.5427358917210547e-003 	3.5852510253210013e-002
1.8000000000000000e+000 	2.9992433283049104e-002 	5.5380381245010114e-003 	3.5530471407550120e-002
2.0000000000000000e+000 	3.0005932052139320e-002 	5.5340942102125477e-003 	3.5540026262351865e-002
2.2000000000000002e+000 	3.0017669441384051e-002 	5.5307381369413466e-003 	3.5548407578325378e-002
2.3999999999999999e+000 	3.0027999937138405e-002 	5.5278246682894886e-003 	3.5555824605427902e-002
2.6000000000000001e+000 	3.0037187131382679e-002 	5.5252371661491020e-003 	3.5562424297531800e-002
2.7999999999999998e+000 	3.0045430003935936e-002 	5.5228860896709168e-003 	3.5568316093606833e-002
3.0000000000000000e+000 	3.0052881603940113e-002 	5.5207047925013089e-003 	3.5573586396441419e-002
3.2000000000000002e+000 	3.0059661863119300e-002 	5.5186449201032389e-003 	3.5578306783222546e-002
3.3999999999999999e+000 	3.0065866354826637e-002 	5.5166721949463701e-003 	3.5582538549773009e-002
3.6000000000000001e+000 	3.0071572362510124e-002 	5.5147778413411081e-003 	3.5586350203851216e-002
4.0000000000000000e+000 	3.0203702218820273e-002 	5.5111070716807294e-003 	3.5714809290500978e-002
4.4000000000000004e+000 	3.0090641191460644e-002 	5.5075297592784376e-003 	3.5598170950739076e-002
4.7999999999999998e+000 	3.0098396018530454e-002 	5.5040559538111922e-003 	3.5602451972341631e-002
5.2000000000000002e+000 	3.0105281246514334e-002 	5.5006650432055330e-003 	3.5605946289719866e-002
5.5999999999999996e+000 	3.0111482264924133e-002 	5.4973529807773210e-003 	3.5608835245701451e-002
6.0000000000000000e+000 	3.0117154741492118e-002 	5.4941255786996072e-003 	3.5611280320191722e-002
6.4000000000000004e+000 	3.0122430372074398e-002 	5.4909916505023002e-003 	3.5613422022576703e-002
6.7999999999999998e+000 	3.0127419098037275e-002 	5.4879604149227186e-003 	3.5615379512959996e-002
7.2000000000000002e+000 	3.0132209531307522e-002 	5.4850410083189059e-003 	3.5617250539626409e-002
7.5999999999999996e+000 	3.0136869098691826e-002 	5.4822423667407194e-003 	3.5619111465432556e-002
8.0000000000000000e+000 	3.0141444793757251e-002 	5.4796284585850548e-003 	3.5621073252342303e-002
8.8000000000000007e+000 	3.0217026328954660e-002 	5.4748390410728218e-003 	3.5691865370027505e-002
9.5999999999999996e+000 	3.0159201039687177e-002 	5.4705240413029039e-003 	3.5629725080990056e-002
1.0400000000000000e+001 	3.0167619312134950e-002 	5.4667753766328223e-003 	3.5634394688767786e-002
1.1199999999999999e+001 	3.0175517733733621e-002 	5.4635863464674072e-003 	3.5639104080201024e-002
1.2000000000000000e+001 	3.0182687982847546e-002 	5.4609228259602863e-003 	3.5643610808807839e-002
1.2800000000000001e+001 	3.0188925811829383e-002 	5.4587359629872760e-003 	3.5647661774816673e-002
1.3600000000000000e+001 	3.0194052699062099e-002 	5.4569685988359743e-003 	3.5651021297898072e-002
1.4400000000000000e+001 	3.0197926391363369e-002 	5.4555598873480774e-003 	3.5653486278711434e-002
1.5199999999999999e+001 	3.0200443506732438e-002 	5.4544492774690626e-003 	3.5654892784201524e-002
1.6000000000000000e+001 	3.0201537309383276e-002 	5.4535794906696907e-003 	3.5655116800052976e-002
1.6800000000000001e+001 	3.0201173056660539e-002 	5.4528982740331359e-003 	3.5654071330693669e-002
1.7600000000000001e+001 	3.0199342509409352e-002 	5.4523590914984247e-003 	3.5651701600907776e-002
1.8399999999999999e+001 	3.0196058535600385e-002 	5.4519362316138680e-003 	3.5647994767214253e-002
2.0000000000000000e+001 	3.0222014075316675e-002 	5.4512022594561818e-003 	3.5673216334772877e-002
2.1600000000000001e+001 	3.0169308809636908e-002 	5.4504174862548636e-003 	3.5619726295891774e-002
2.3199999999999999e+001 	3.0148447587028896e-002 	5.4494581610520223e-003 	3.5597905748080916e-002
2.4800000000000001e+001 	3.0123215919046823e-002 	5.4481743802605766e-003 	3.5571390299307400e-002
2.6399999999999999e+001 	3.0094099247000874e-002 	5.4464238542249171e-003 	3.5540523101225796e-002
2.8000000000000000e+001 	3.0061567695707288e-002 	5.4440732706000075e-003 	3.5505640966307310e-002
2.9600000000000001e+001 	3.0026060454904607e-002 	5.4409875319407653e-003 	3.5467047986845357e-002
3.1199999999999999e+001 	2.9987976687651196e-002 	5.4370314239783899e-003 	3.5425008111629581e-002
3.2800000000000004e+001 	2.9947671036090525e-002 	5.4320763331716015e-003 	3.5379747369262131e-002
3.4399999999999999e+001 	2.9905452271092224e-002 	5.4260049323877641e-003 	3.5331457203479973e-002
3.6000000000000000e+001 	2.9861584058564632e-002 	5.4187133959388558e-003 	3.5280297454503493e-002
3.7600000000000001e+001 	2.9816287129573849e-002 	5.4095534293399812e-003 	3.5225840558913826e-002
4.0800000000000004e+001 	2.9737261903631594e-002 	5.3867960289628800e-003 	3.5124057932594467e-002
4.4000000000000000e+001 	2.9624133857244234e-002 	5.3592127115681034e-003 	3.4983346568812350e-002
4.7199999999999996e+001 	2.9522502478383998e-002 	5.3258654552814427e-003 	3.4848367933665442e-002
5.0399999999999999e+001 	2.9417635088028291e-002 	5.2867825142911143e-003 	3.4704417602319411e-002
5.3600000000000001e+001 	2.9309601936791885e-002 	5.2422087175077485e-003 	3.4551810654299644e-002
5.6800000000000004e+001 	2.9198328807018930e-002 	5.1925398874766012e-003 	3.4390868694495529e-002
6.0000000000000000e+001 	2.9083659470263663e-002 	5.1382792495267239e-003 	3.4221938719790380e-002
6.3200000000000003e+001 	2.8965405399698829e-002 	5.0799992753669202e-003 	3.4045404675065741e-002
6.6400000000000006e+001 	2.8843381911861091e-002 	5.0183058187997761e-003 	3.3861687730660887e-002
6.9599999999999994e+001 	2.8717432210348965e-002 	4.9538078660602758e-003 	3.3671240076409245e-002
7.2799999999999997e+001 	2.8587441592652668e-002 	4.8866549554841135e-003 	3.3474096548136767e-002
7.9200000000000003e+001 	2.8321733218813153e-002 	4.7486003427053749e-003 	3.3070333561518526e-002
8.5599999999999994e+001 	2.8026781192920038e-002 	4.6090487314859666e-003 	3.2635829924406001e-002
9.2000000000000000e+001 	2.7723011709829225e-002 	4.4694775569753724e-003 	3.2192489266804597e-002
9.8400000000000006e+001 	2.7405020525746435e-002 	4.3318625479163717e-003 	3.1736883073662805e-002
1.0480000000000001e+002 	2.7074282422932992e-002 	4.1977204927107683e-003 	3.1272002915643762e-002
1.1119999999999999e+002 	2.6732453923226488e-002 	4.0680885454800857e-003 	3.0800542468706556e-002
1.1759999999999999e+002 	2.6381261389162133e-002 	3.9435932714236011e-003 	3.0324854660585744e-002
1.2400000000000000e+002 	2.6022415839953312e-002 	3.8245433133336838e-003 	2.9846959153286987e-002
1.3039999999999998e+002 	2.5657554144730595e-002 	3.7110165610811123e-003 	2.9368570705811708e-002
1.3680000000000001e+002 	2.5288202494705026e-002 	3.6029319119570066e-003 	2.8891134406662026e-002
1.4319999999999999e+002 	2.4915756970372582e-002 	3.5019323656753231e-003 	2.8417689336047894e-002
1.5600000000000000e+002 	2.4176260918036381e-002 	3.3146010071966447e-003 	2.7490861925233024e-002
1.6880000000000001e+002 	2.3420709003782882e-002 	3.1409762280379260e-003 	2.6561685231820804e-002
1.8160000000000002e+002 	2.2680645928141768e-002 	2.9823003904876273e-003 	2.5662946318629386e-002
1.9439999999999998e+002 	2.1952540075370106e-002 	2.8370065790065571e-003 	2.4789546654376663e-002
2.0719999999999999e+002 	2.1240122271333640e-002 	2.7034586584567181e-003 	2.3943580929790358e-002
2.2000000000000000e+002 	2.0546102383850660e-002 	2.5801541160155859e-003 	2.3126256499866261e-002
2.3280000000000001e+002 	1.9872362959573817e-002 	2.4657937893439452e-003 	2.2338156748917766e-002
2.4560000000000002e+002 	1.9220133208029636e-002 	2.3592852531919019e-003 	2.1579418461221547e-002
2.5840000000000003e+002 	1.8590133691764949e-002 	2.2597180762502296e-003 	2.0849851768015175e-002
2.7119999999999999e+002 	1.7982692543262797e-002 	2.1663327918089222e-003 	2.0149025335071725e-002
2.8400000000000000e+002 	1.7397837345586656e-002 	2.0784925250426729e-003 	1.9476329870629333e-002
2.9680000000000001e+002 	1.6835367320348311e-002 	1.9956594475687320e-003 	1.8831026767917043e-002
3.0959999999999997e+002 	1.6294909967921486e-002 	1.9188893331317780e-003 	1.8213799301053258e-002
3.3519999999999999e+002 	1.5289048219676077e-002 	1.7773391077225331e-003 	1.7066387327398614e-002
3.6080000000000001e+002 	1.4339818448370586e-002 	1.6466090559923443e-003 	1.5986427504362931e-002
3.8640000000000003e+002 	1.3477743376114924e-002 	1.5277120015927169e-003 	1.5005455377707642e-002
4.1200000000000000e+002 	1.2685174941550043e-002 	1.4194713559303900e-003 	1.4104646297480433e-002
4.3759999999999997e+002 	1.1956411021462741e-002 	1.3206936863586673e-003 	1.3277104707821402e-002
4.6319999999999999e+002 	1.1285935782368504e-002 	1.2303068281909323e-003 	1.2516242610559433e-002
4.8880000000000001e+002 	1.0668539918720375e-002 	1.1473921535701743e-003 	1.1815932072290548e-002
5.1439999999999998e+002 	1.0099383972097564e-002 	1.0711679896968451e-003 	1.1170551961794407e-002
5.4000000000000000e+002 	9.5740232144755008e-003 	1.0009635532720633e-003 	1.0574986767747563e-002
5.6560000000000002e+002 	9.0884077867331558e-003 	9.3619686986573037e-004 	1.0024604656598891e-002
5.9119999999999993e+002 	8.6388677757566670e-003 	8.7635821967865725e-004 	9.5152259954353231e-003
6.1680000000000007e+002 	8.2220898219661793e-003 	8.2252878509417500e-004 	9.0446186070603542e-003
6.6800000000000000e+002 	7.4842020319795307e-003 	7.2655433089493615e-004 	8.2107563628744662e-003
7.1919999999999993e+002 	6.8208753111807172e-003 	6.4080564549938641e-004 	7.4616809566801015e-003
7.7039999999999998e+002 	6.2531424054234680e-003 	5.6617980172322523e-004 	6.8193222071466914e-003
8.2160000000000002e+002 	5.7554184499249679e-003 	5.0134997873502792e-004 	6.2567684286599957e-003
8.7280000000000007e+002 	5.3166590631741487e-003 	4.4494639536442614e-004 	5.7616054585385755e-003
9.2400000000000000e+002 	4.9278028125332640e-003 	3.9574180909692522e-004 	5.3235446216301895e-003
9.7519999999999993e+002 	4.5814206008609930e-003 	3.5269580536248762e-004 	4.9341164062234807e-003
1.0264000000000001e+003 	4.2714031019195995e-003 	3.1493893132503203e-004 	4.5863420332446295e-003
1.0775999999999999e+003 	3.9927021308991031e-003 	2.8174387594669635e-004 	4.2744460068457994e-003
1.1288000000000000e+003 	3.7411229990984857e-003 	2.5249892837947050e-004 	3.9936219274779557e-003
1.1800000000000000e+003 	3.5131597630968774e-003 	2.2781060257722811e-004 	3.7409703656741062e-003
1.2824000000000001e+003 	3.1213848944670669e-003 	1.8669479804911727e-004 	3.3080796925161861e-003
1.3848000000000000e+003 	2.7795876078738086e-003 	1.5218027083129239e-004 	2.9317678787051014e-003
1.4872000000000000e+003 	2.4972921589069860e-003 	1.2463565313471534e-004 	2.6219278120417008e-003
1.5895999999999999e+003 	2.2567044024233806e-003 	1.0283000478569401e-004 	2.3595344072090733e-003
1.6920000000000000e+003 	2.0498742533722027e-003 	8.5581721947903402e-005 	2.1354559753201069e-003
1.7944000000000001e+003 	1.8706679495888682e-003 	7.1907972179319186e-005 	1.9425759217681878e-003
1.8968000000000000e+003 	1.7143160069986645e-003 	6.1036633956562095e-005 	1.7753526409552260e-003
1.9992000000000000e+003 	1.5770660013006397e-003 	5.2369591361070653e-005 	1.6294355926617108e-003
2.1015999999999999e+003 	1.4559277607695215e-003 	4.5442468299844578e-005 	1.5013702290693665e-003
2.2040000000000000e+003 	1.3484888593663072e-003 	3.9892566822959267e-005 	1.3883814261892657e-003
2.3064000000000001e+003 	1.2527807303554664e-003 	3.5782913914805532e-005 	1.2885636442702718e-003
2.5112000000000003e+003 	1.0920234345367208e-003 	2.9775137415178803e-005 	1.1217985719518995e-003
2.7160000000000000e+003 	9.5579131588551111e-004 	2.5148487446783052e-005 	9.8093980333229447e-004
2.9207999999999997e+003 	8.4690817924899266e-004 	2.1981344556360689e-005 	8.6888952380535333e-004
3.1255999999999999e+003 	7.5682724561212434e-004 	1.9857189014608872e-005 	7.7668443462673318e-004
3.3304000000000001e+003 	6.8151481445810570e-004 	1.8407724752795079e-005 	6.9992253921090082e-004
3.5352000000000003e+003 	6.1792181644974061e-004 	1.7375123584597226e-005 	6.3529694003433795e-004
3.7400000000000000e+003 	5.6372826375635714e-004 	1.6596034468061175e-005 	5.8032429822441837e-004
3.9447999999999997e+003 	5.1715075937013326e-004 	1.5970334194467518e-005 	5.3312109356460084e-004
4.1496000000000004e+003 	4.7680308748012631e-004 	1.5437211995585100e-005 	4.9224029947571128e-004
4.3543999999999996e+003 	4.4159614652996806e-004 	1.4959998335639101e-005 	4.5655614486560730e-004
4.5591999999999998e+003 	4.1066576019279136e-004 	1.4516891504487221e-005 	4.2518265169727863e-004
4.7640000000000000e+003 	3.8332001972495451e-004 	1.4095250790687670e-005 	3.9741527051564209e-004
4.9688000000000002e+003 	3.5900037182954101e-004 	1.3721047285290473e-005 	3.7272141911483156e-004
5.3783999999999996e+003 	3.1815103608113105e-004 	1.2982822341333079e-005 	3.3113385842246424e-004
5.7880000000000000e+003 	2.8329225006783020e-004 	1.2194759019292956e-005 	2.9548700908712324e-004
6.1976000000000004e+003 	2.5520301721065468e-004 	1.1457436542473140e-005 	2.6666045375312779e-004
6.6071999999999998e+003 	2.3164608298945790e-004 	1.0779405206848904e-005 	2.4242548819630681e-004
7.0168000000000002e+003 	2.1161428655815006e-004 	1.0150063559218333e-005 	2.2176435011736842e-004
7.4264000000000005e+003 	1.9436973041609011e-004 	9.5637585051510221e-006 	2.0393348892124119e-004
7.8360000000000000e+003 	1.7936652966171870e-004 	9.0186903205346482e-006 	1.8838521998225331e-004
8.2456000000000004e+003 	1.6619455371513062e-004 	8.5137214191749252e-006 	1.7470827513430551e-004
8.6552000000000007e+003 	1.5454019674262311e-004 	8.0472300716677713e-006 	1.6258742681429076e-004
9.0647999999999993e+003 	1.4415939352093899e-004 	7.6170557426174922e-006 	1.5177644926355654e-004
9.4743999999999996e+003 	1.3485902139783333e-004 	7.2465763324889120e-006 	1.4210559773032225e-004
1.0293600000000000e+004 	1.1916310062999016e-004 	6.5807977544924513e-006 	1.2574389838448263e-004
1.1112799999999999e+004 	1.0550067929956562e-004 	5.9574038840335637e-006 	1.1145808318359913e-004
1.1932000000000000e+004 	9.4443240622250535e-005 	5.4319818974057937e-006 	9.9875222519656362e-005
1.2751200000000001e+004 	8.5117331666053852e-005 	4.9882489709838749e-006 	9.0105580637037710e-005
1.3570400000000000e+004 	7.7166655536650718e-005 	4.6075795686737590e-006 	8.1774235105324457e-005
1.4389600000000000e+004 	7.0323490314938293e-005 	4.2778286186322739e-006 	7.4601318933570579e-005
1.5208799999999999e+004 	6.4384164345248035e-005 	3.9904110988430470e-006 	6.8374575444091039e-005
1.6027999999999998e+004 	5.9191318830692536e-005 	3.7384878901310891e-006 	6.2929806720823627e-005
1.6847200000000001e+004 	5.4621491842699541e-005 	3.5163920040245620e-006 	5.8137883846724103e-005
1.7666399999999998e+004 	5.0576448541654575e-005 	3.3194155429565168e-006 	5.3895864084611078e-005
1.8485600000000002e+004 	4.6977054640969444e-005 	3.1556571238214285e-006 	5.0132711764790878e-005
2.0124000000000000e+004 	4.0978017035875856e-005 	2.8701791408727211e-006 	4.3848196176748590e-005
2.1762399999999998e+004 	3.5798385260860003e-005 	2.6094063669951417e-006 	3.8407791627855146e-005
2.3400799999999999e+004 	3.1682578259016652e-005 	2.3943593503323669e-006 	3.4076937609348997e-005
2.5039200000000001e+004 	2.8260630266537745e-005 	2.2126861716900891e-006 	3.0473316438227832e-005
2.6677600000000002e+004 	2.5382589199971919e-005 	2.0552486442563326e-006 	2.7437837844228253e-005
2.8316000000000000e+004 	2.2936632357119313e-005 	1.9082816655807833e-006 	2.4844914022700095e-005
