-2300 0
-2.3000000000000000e+003 0.0000000000000000e+000 0.0000000000000000e+000
1
1 1 1 1
1
         t, ms                         dVp, mV                         dVs, mV                         dV, mV
5.0000000000000000e-001 	1.3769920912653319e-001 	-3.4987901986330574e-003 	1.3420041892790016e-001
5.9999999999999998e-001 	1.3787825850265062e-001 	-3.5131545554011809e-003 	1.3436510394724946e-001
6.9999999999999996e-001 	1.3799595432713008e-001 	-3.5266165697427024e-003 	1.3446933775738734e-001
8.0000000000000004e-001 	1.3808863565248539e-001 	-3.5383795382696549e-003 	1.3455025611421584e-001
9.0000000000000002e-001 	1.3816704122713561e-001 	-3.5486386409126448e-003 	1.3461840258622296e-001
1.0000000000000000e+000 	1.3823529517360200e-001 	-3.5575606984855693e-003 	1.3467773447511641e-001
1.1000000000000001e+000 	1.3829558884805770e-001 	-3.5652924265034188e-003 	1.3473029642155424e-001
1.2000000000000000e+000 	1.3834938327918486e-001 	-3.5719676014841434e-003 	1.3477741567770074e-001
1.3000000000000000e+000 	1.3839776290739678e-001 	-3.5777109440015701e-003 	1.3482005196339519e-001
1.3999999999999999e+000 	1.3844157045676980e-001 	-3.5824061797462190e-003 	1.3485916427702363e-001
1.6000000000000001e+000 	1.3989755019818598e-001 	-3.5898855958791903e-003 	1.3630766460230676e-001
1.8000000000000000e+000 	1.3858379153178463e-001 	-3.5958540377323133e-003 	1.3498793749405227e-001
2.0000000000000000e+000 	1.3863967815284303e-001 	-3.6003837277869444e-003 	1.3503929442505608e-001
2.2000000000000002e+000 	1.3868827223113972e-001 	-3.6038735599740633e-003 	1.3508439867116562e-001
2.3999999999999999e+000 	1.3873104144821699e-001 	-3.6066603445767918e-003 	1.3512438110364020e-001
2.6000000000000001e+000 	1.3876907715091427e-001 	-3.6090015396655216e-003 	1.3516007561124879e-001
2.7999999999999998e+000 	1.3880320316912909e-001 	-3.6110814088688623e-003 	1.3519212176026019e-001
3.0000000000000000e+000 	1.3883405316390057e-001 	-3.6130242950660222e-003 	1.3522102886883453e-001
3.2000000000000002e+000 	1.3886212368297768e-001 	-3.6149087778198185e-003 	1.3524721490515776e-001
3.3999999999999999e+000 	1.3888781042267198e-001 	-3.6167803568990472e-003 	1.3527103006577290e-001
3.6000000000000001e+000 	1.3891143335596151e-001 	-3.6186657124161071e-003 	1.3529276764354542e-001
4.0000000000000000e+000 	1.3945843954760281e-001 	-3.6225038586398871e-003 	1.3583593568896291e-001
4.4000000000000004e+000 	1.3899037803179046e-001 	-3.6263578922614737e-003 	1.3536402013952897e-001
4.7999999999999998e+000 	1.3902248247566037e-001 	-3.6301679728494088e-003 	1.3539231450281100e-001
5.2000000000000002e+000 	1.3905098587267156e-001 	-3.6339326188697938e-003 	1.3541705325380177e-001
5.5999999999999996e+000 	1.3907665421686233e-001 	-3.6376138944956646e-003 	1.3543904032236673e-001
6.0000000000000000e+000 	1.3910012894303439e-001 	-3.6411595453437412e-003 	1.3545896939769064e-001
6.4000000000000004e+000 	1.3912195005230202e-001 	-3.6445228708701116e-003 	1.3547742718143196e-001
6.7999999999999998e+000 	1.3914256461392535e-001 	-3.6476661627600319e-003 	1.3549489845116533e-001
7.2000000000000002e+000 	1.3916232791837507e-001 	-3.6505576462942091e-003 	1.3551177027208086e-001
7.5999999999999996e+000 	1.3918150362324427e-001 	-3.6531688590807185e-003 	1.3552833476416354e-001
8.0000000000000000e+000 	1.3920026660612869e-001 	-3.6553400258986465e-003 	1.3554492658023007e-001
8.8000000000000007e+000 	1.3951242522536120e-001 	-3.6586296982588635e-003 	1.3585379552710222e-001
9.5999999999999996e+000 	1.3927175123626861e-001 	-3.6607893943673433e-003 	1.3561096184190122e-001
1.0400000000000000e+001 	1.3930436861618981e-001 	-3.6616163296161980e-003 	1.3564275228657355e-001
1.1199999999999999e+001 	1.3933361134116712e-001 	-3.6611526725157202e-003 	1.3567245866865146e-001
1.2000000000000000e+001 	1.3935827953749239e-001 	-3.6595116285587041e-003 	1.3569876790893365e-001
1.2800000000000001e+001 	1.3937717955791654e-001 	-3.6568248940420833e-003 	1.3572035466387453e-001
1.3600000000000000e+001 	1.3938922167356510e-001 	-3.6532173013991811e-003 	1.3573600437216612e-001
1.4400000000000000e+001 	1.3939346860463739e-001 	-3.6487912784598647e-003 	1.3574467732617762e-001
1.5199999999999999e+001 	1.3938914866909594e-001 	-3.6436158060550532e-003 	1.3574553286304092e-001
1.6000000000000000e+001 	1.3937564733372387e-001 	-3.6377209803668993e-003 	1.3573792635335699e-001
1.6800000000000001e+001 	1.3935248797732119e-001 	-3.6310985139132584e-003 	1.3572138946340792e-001
1.7600000000000001e+001 	1.3931930914762228e-001 	-3.6237068158221147e-003 	1.3569560233180017e-001
1.8399999999999999e+001 	1.3927584259768783e-001 	-3.6150700030882846e-003 	1.3566077259459947e-001
2.0000000000000000e+001 	1.3930770253775618e-001 	-3.5946614430100916e-003 	1.3571304109474602e-001
2.1600000000000001e+001 	1.3899591727027594e-001 	-3.5705349918215400e-003 	1.3542538227845433e-001
2.3199999999999999e+001 	1.3879172014177948e-001 	-3.5415430473406595e-003 	1.3525017709443882e-001
2.4800000000000001e+001 	1.3854474858380092e-001 	-3.5071898238403830e-003 	1.3503755875996054e-001
2.6399999999999999e+001 	1.3825549109375054e-001 	-3.4672026724629238e-003 	1.3478828842128771e-001
2.8000000000000000e+001 	1.3792474410358521e-001 	-3.4215194528902934e-003 	1.3450322465069495e-001
2.9600000000000001e+001 	1.3755357419332501e-001 	-3.3703103508204608e-003 	1.3418326384250459e-001
3.1199999999999999e+001 	1.3714328437144288e-001 	-3.3139380206974509e-003 	1.3382934635074550e-001
3.2800000000000004e+001 	1.3669538091795391e-001 	-3.2528948178841780e-003 	1.3344248610006981e-001
3.4399999999999999e+001 	1.3621153919857557e-001 	-3.1877513427413821e-003 	1.3302378785583419e-001
3.6000000000000000e+001 	1.3569356856396012e-001 	-3.1191197078961480e-003 	1.3257444885606393e-001
3.7600000000000001e+001 	1.3514337736830906e-001 	-3.0470005703295893e-003 	1.3209637679797948e-001
4.0800000000000004e+001 	1.3401661336661252e-001 	-2.8975406326177447e-003 	1.3111907273399473e-001
4.4000000000000000e+001 	1.3266629565612659e-001 	-2.7455925515707650e-003 	1.2992070310455578e-001
4.7199999999999996e+001 	1.3128644287743968e-001 	-2.5928807483406938e-003 	1.2869356212909902e-001
5.0399999999999999e+001 	1.2983192452155312e-001 	-2.4419382584060859e-003 	1.2738998626314704e-001
5.3600000000000001e+001 	1.2831636417848527e-001 	-2.2948145585417858e-003 	1.2602154961994350e-001
5.6800000000000004e+001 	1.2675217096222724e-001 	-2.1529942130809839e-003 	1.2459917674914620e-001
6.0000000000000000e+001 	1.2515043174206372e-001 	-2.0174226305625003e-003 	1.2313300911150124e-001
6.3200000000000003e+001 	1.2352090723049601e-001 	-1.8885878149465789e-003 	1.2163231941554935e-001
6.6400000000000006e+001 	1.2187209240624348e-001 	-1.7666277901154108e-003 	1.2010546461612809e-001
6.9599999999999994e+001 	1.2021131377944906e-001 	-1.6514337068507855e-003 	1.1855988007259824e-001
7.2799999999999997e+001 	1.1854484424355027e-001 	-1.5449365246974556e-003 	1.1699990771885280e-001
7.9200000000000003e+001 	1.1525185570749276e-001 	-1.3496981787264649e-003 	1.1390215752876631e-001
8.5599999999999994e+001 	1.1192633069260396e-001 	-1.1707366138151696e-003 	1.1075559407878877e-001
9.2000000000000000e+001 	1.0868481584650320e-001 	-1.0091984667021810e-003 	1.0767561737980103e-001
9.8400000000000006e+001 	1.0551263737150306e-001 	-8.6285968287957895e-004 	1.0464977768862350e-001
1.0480000000000001e+002 	1.0242140184310693e-001 	-7.2958739704763258e-004 	1.0169181444605929e-001
1.1119999999999999e+002 	9.9418700739928020e-002 	-6.0759541834677351e-004 	9.8811105321581189e-002
1.1759999999999999e+002 	9.6509090234606507e-002 	-4.9546655393564211e-004 	9.6013623680670887e-002
1.2400000000000000e+002 	9.3694880993625385e-002 	-3.9209071234481242e-004 	9.3302790281280537e-002
1.3039999999999998e+002 	9.0976741668960637e-002 	-2.9659145352035020e-004 	9.0680150215440264e-002
1.3680000000000001e+002 	8.8354149947198382e-002 	-2.0826483149422476e-004 	8.8145885115704162e-002
1.4319999999999999e+002 	8.5825727205990257e-002 	-1.2868179717596853e-004 	8.5697045408814301e-002
1.5600000000000000e+002 	8.1092225655219591e-002 	1.2707662824883696e-005 	8.1104933318044484e-002
1.6880000000000001e+002 	7.6599555425315755e-002 	1.3733886164708889e-004 	7.6736894286962856e-002
1.8160000000000002e+002 	7.2483849905264616e-002 	2.4368849841235115e-004 	7.2727538403677003e-002
1.9439999999999998e+002 	6.8669154033012769e-002 	3.3371475818330280e-004 	6.9002868791196076e-002
2.0719999999999999e+002 	6.5132219354351678e-002 	4.0933296184082177e-004 	6.5541552316192506e-002
2.2000000000000000e+002 	6.1850617973351361e-002 	4.7224143085813653e-004 	6.2322859404209487e-002
2.3280000000000001e+002 	5.8803199214490058e-002 	5.2396871840005568e-004 	5.9327167932890092e-002
2.4560000000000002e+002 	5.5970309549494321e-002 	5.6590833017898870e-004 	5.6536217879673327e-002
2.5840000000000003e+002 	5.3333861850904350e-002 	5.9932183949224155e-004 	5.3933183690396624e-002
2.7119999999999999e+002 	5.0877313896035246e-002 	6.2533723628841983e-004 	5.1502651132323662e-002
2.8400000000000000e+002 	4.8585595741153696e-002 	6.4495339562127812e-004 	4.9230549136775027e-002
2.9680000000000001e+002 	4.6445011110516216e-002 	6.5904965378284534e-004 	4.7104060764299072e-002
3.0959999999999997e+002 	4.4443128215189968e-002 	6.6722927193435240e-004 	4.5110357487124338e-002
3.3519999999999999e+002 	4.0853070909402031e-002 	6.7259627251788231e-004 	4.1525667181919912e-002
3.6080000000000001e+002 	3.7587271489549282e-002 	6.6866996281834696e-004 	3.8255941452367617e-002
3.8640000000000003e+002 	3.4746586483205978e-002 	6.5608839688915499e-004 	3.5402674880095145e-002
4.1200000000000000e+002 	3.2223786630278597e-002 	6.3735600913495435e-004 	3.2861142639413546e-002
4.3759999999999997e+002 	2.9973920481111131e-002 	6.1438952735106236e-004 	3.0588310008462197e-002
4.6319999999999999e+002 	2.7959269213974243e-002 	5.8861274636758207e-004 	2.8547881960341834e-002
4.8880000000000001e+002 	2.6148196935752845e-002 	5.6111676629930674e-004 	2.6709313702052165e-002
5.1439999999999998e+002 	2.4514099725045480e-002 	5.3273893403478891e-004 	2.5046838659080271e-002
5.4000000000000000e+002 	2.3034517377017463e-002 	5.0410977669432472e-004 	2.3538627153711789e-002
5.6560000000000002e+002 	2.1690404424681842e-002 	4.7569347941899882e-004 	2.2166097904100835e-002
5.9119999999999993e+002 	2.0465538087081164e-002 	4.4782420361511163e-004 	2.0913362290696274e-002
6.1680000000000007e+002 	1.9346038448570513e-002 	4.2140985646729132e-004 	1.9767448305037801e-002
6.6800000000000000e+002 	1.7400875817396147e-002 	3.7171884982589595e-004 	1.7772594667222037e-002
7.1919999999999993e+002 	1.5683557097532757e-002 	3.2484043988131926e-004 	1.6008397537414076e-002
7.7039999999999998e+002 	1.4245775867942487e-002 	2.8209438853992521e-004 	1.4527870256482415e-002
8.2160000000000002e+002 	1.3006486784245784e-002 	2.4379551658891419e-004 	1.3250282300834701e-002
8.7280000000000007e+002 	1.1929896440180939e-002 	2.0975741937792334e-004 	1.2139653859558858e-002
9.2400000000000000e+002 	1.0987802691727867e-002 	1.7962232750846503e-004 	1.1167425019236331e-002
9.7519999999999993e+002 	1.0157889486133212e-002 	1.5301669147035587e-004 	1.0310906177603569e-002
1.0264000000000001e+003 	9.4223574212589940e-003 	1.2958828546230105e-004 	9.5519457067212970e-003
1.0775999999999999e+003 	8.7668783517863228e-003 	1.0901065755214545e-004 	8.8758890093384654e-003
1.1288000000000000e+003 	8.1798105272398551e-003 	9.0983110879168185e-005 	8.2707936381190231e-003
1.1800000000000000e+003 	7.6516101549755399e-003 	7.6203359009075237e-005 	7.7278135139846188e-003
1.2824000000000001e+003 	6.7518608918597711e-003 	5.2249946490204071e-005 	6.8041108383499757e-003
1.3848000000000000e+003 	5.9743727350051682e-003 	3.2346497059025496e-005 	6.0067192320641949e-003
1.4872000000000000e+003 	5.3391147352927215e-003 	1.7284423224412732e-005 	5.3563991585171347e-003
1.5895999999999999e+003 	4.8023209213488138e-003 	6.3949564773713165e-006 	4.8087158778261840e-003
1.6920000000000000e+003 	4.3442513429287734e-003 	-1.1993786562314123e-006 	4.3430519642725408e-003
1.7944000000000001e+003 	3.9499141980462223e-003 	-6.2806610421040230e-006 	3.9436335370041167e-003
1.8968000000000000e+003 	3.6078161955337140e-003 	-9.4640258581016803e-006 	3.5983521696756125e-003
1.9992000000000000e+003 	3.3090268518431928e-003 	-1.1221663198418672e-005 	3.2978051886447743e-003
2.1015999999999999e+003 	3.0465066534690532e-003 	-1.1917944266532393e-005 	3.0345887092025213e-003
2.2040000000000000e+003 	2.8146298675617767e-003 	-1.1835817149231309e-005 	2.8027940504125452e-003
2.3064000000000001e+003 	2.6088440739642170e-003 	-1.0909991931804449e-005 	2.5979340820324135e-003
2.5112000000000003e+003 	2.2647636189793300e-003 	-8.2585790998117791e-006 	2.2565050398795188e-003
2.7160000000000000e+003 	1.9747703583886649e-003 	-5.7137426249483174e-006 	1.9690566157637163e-003
2.9207999999999997e+003 	1.7443359469405107e-003 	-2.9559674243436545e-006 	1.7413799795161665e-003
3.1255999999999999e+003 	1.5546060689537885e-003 	-1.5753368230819529e-007 	1.5544485352714799e-003
3.3304000000000001e+003 	1.3966460683099986e-003 	2.4575044141638754e-006 	1.3991035727241624e-003
3.5352000000000003e+003 	1.2637556791038884e-003 	4.7600458110328636e-006 	1.2685157249149206e-003
3.7400000000000000e+003 	1.1508735502665610e-003 	6.7086554159244920e-006 	1.1575822056824855e-003
3.9447999999999997e+003 	1.0541338683889988e-003 	8.3111491945371691e-006 	1.0624450175835364e-003
4.1496000000000004e+003 	9.7054859961549116e-004 	9.5977664696196487e-006 	9.8014636608511068e-004
4.3543999999999996e+003 	8.9778161729105622e-004 	1.0606947047694875e-005 	9.0838856433875139e-004
4.5591999999999998e+003 	8.3398719918555836e-004 	1.1378309882365662e-005 	8.4536550906792361e-004
4.7640000000000000e+003 	7.7769315324563079e-004 	1.1949276201668723e-005 	7.8964242944729935e-004
4.9688000000000002e+003 	7.2771505311271841e-004 	1.2376904808533326e-005 	7.4009195792125188e-004
5.3783999999999996e+003 	6.4395106946160392e-004 	1.2825320649719052e-005 	6.5677639011132299e-004
5.7880000000000000e+003 	5.7262955676054160e-004 	1.2833717762374044e-005 	5.8546327452291573e-004
6.1976000000000004e+003 	5.1531269782639322e-004 	1.2640392752121925e-005 	5.2795309057851513e-004
6.6071999999999998e+003 	4.6734150444275224e-004 	1.2336967377330791e-005 	4.7967847182008288e-004
7.0168000000000002e+003 	4.2661815627019327e-004 	1.1957242483180686e-005 	4.3857539875337398e-004
7.4264000000000005e+003 	3.9161096098093548e-004 	1.1531269123226386e-005 	4.0314223010416196e-004
7.8360000000000000e+003 	3.6119038737259803e-004 	1.1085538893595336e-005 	3.7227592626619334e-004
8.2456000000000004e+003 	3.3451019986144716e-004 	1.0639400051149642e-005 	3.4514959991259676e-004
8.6552000000000007e+003 	3.1092491786460487e-004 	1.0205321720698074e-005 	3.2113023958530297e-004
9.0647999999999993e+003 	2.8993326012975999e-004 	9.7906442373816639e-006 	2.9972390436714162e-004
9.4743999999999996e+003 	2.7113930313606350e-004 	9.4424296923609471e-006 	2.8058173282842432e-004
1.0293600000000000e+004 	2.3945078981250353e-004 	8.7901224447587497e-006 	2.4824091225726224e-004
1.1112799999999999e+004 	2.1188593256378608e-004 	8.1288742204251880e-006 	2.2001480678421123e-004
1.1932000000000000e+004 	1.8960131586291849e-004 	7.5813166146235823e-006 	1.9718263247754206e-004
1.2751200000000001e+004 	1.7082042441621495e-004 	7.1289066882505296e-006 	1.7794933110446546e-004
1.3570400000000000e+004 	1.5481912162007861e-004 	6.7458167936481531e-006 	1.6156493841372674e-004
1.4389600000000000e+004 	1.4105411146491352e-004 	6.4173473028663947e-006 	1.4747145876777996e-004
1.5208799999999999e+004 	1.2911263174671112e-004 	6.1338526840878370e-006 	1.3524648443079894e-004
1.6027999999999998e+004 	1.1867614755764214e-004 	5.8874906607308712e-006 	1.2456363821837301e-004
1.6847200000000001e+004 	1.0949498668116080e-004 	5.6715286397569858e-006 	1.1516651532091776e-004
1.7666399999999998e+004 	1.0137065992643815e-004 	5.4802631693017017e-006 	1.0685092309573982e-004
1.8485600000000002e+004 	9.4143387865103923e-005 	5.3277893432884868e-006 	9.9471177208392434e-005
2.0124000000000000e+004 	8.2102395621863944e-005 	5.0494931561999742e-006 	8.7151888778063915e-005
2.1762399999999998e+004 	7.1708703184934135e-005 	4.7686593981615115e-006 	7.6477362583095634e-005
2.3400799999999999e+004 	6.3453497982478987e-005 	4.5311617580838862e-006 	6.7984659740562913e-005
2.5039200000000001e+004 	5.6592083172109746e-005 	4.3197748935930425e-006 	6.0911858065702794e-005
2.6677600000000002e+004 	5.0822740727682542e-005 	4.1233947305416932e-006 	5.4946135458224240e-005
2.8316000000000000e+004 	4.5920608784448777e-005 	3.9329505005944188e-006 	4.9853559285043183e-005
-2600 0
-2.6000000000000000e+003 0.0000000000000000e+000 0.0000000000000000e+000
1
1 1 1 1
1
         t, ms                         dVp, mV                         dVs, mV                         dV, mV
5.0000000000000000e-001 	1.1037266996812205e-001 	-6.2115718135462737e-003 	1.0416109815457578e-001
5.9999999999999998e-001 	1.1051154623532562e-001 	-6.2152337803689220e-003 	1.0429631245495671e-001
6.9999999999999996e-001 	1.1060283511041159e-001 	-6.2187680272288081e-003 	1.0438406708318285e-001
8.0000000000000004e-001 	1.1067472187519604e-001 	-6.2220047974749192e-003 	1.0445271707772112e-001
9.0000000000000002e-001 	1.1073553579454004e-001 	-6.2248773246957921e-003 	1.0451065846984428e-001
1.0000000000000000e+000 	1.1078847569296463e-001 	-6.2273522901069769e-003 	1.0456112340285771e-001
1.1000000000000001e+000 	1.1083524128383745e-001 	-6.2294250835670233e-003 	1.0460581620027039e-001
1.2000000000000000e+000 	1.1087696580889771e-001 	-6.2311124210361959e-003 	1.0464585338786153e-001
1.3000000000000000e+000 	1.1091449040961016e-001 	-6.2324451811873209e-003 	1.0468204522842285e-001
1.3999999999999999e+000 	1.1094846873927647e-001 	-6.2333739946420124e-003 	1.0471509474463442e-001
1.6000000000000001e+000 	1.1207774191597435e-001 	-6.2345061964831396e-003 	1.0584323571949121e-001
1.8000000000000000e+000 	1.1105877904265879e-001 	-6.2350935422573976e-003 	1.0482368550040139e-001
2.0000000000000000e+000 	1.1110212601824274e-001 	-6.2351952149517272e-003 	1.0486693080329106e-001
2.2000000000000002e+000 	1.1113981666739862e-001 	-6.2349906750465006e-003 	1.0490482599235210e-001
2.3999999999999999e+000 	1.1117298937621521e-001 	-6.2346262451277281e-003 	1.0493836313108745e-001
2.6000000000000001e+000 	1.1120249063099517e-001 	-6.2342079031670354e-003 	1.0496828272782813e-001
2.7999999999999998e+000 	1.1122895942173273e-001 	-6.2338049930852251e-003 	1.0499515442864746e-001
3.0000000000000000e+000 	1.1125288723604436e-001 	-6.2334574577311433e-003 	1.0501942977831318e-001
3.2000000000000002e+000 	1.1127465921231521e-001 	-6.2331835406395338e-003 	1.0504147567167570e-001
3.3999999999999999e+000 	1.1129458226505184e-001 	-6.2329866939625075e-003 	1.0506159557108932e-001
3.6000000000000001e+000 	1.1131290457554739e-001 	-6.2328779013643542e-003 	1.0508002667418302e-001
4.0000000000000000e+000 	1.1173716804408289e-001 	-6.2328302410217511e-003 	1.0550433780306111e-001
4.4000000000000004e+000 	1.1137413514133696e-001 	-6.2328750258971409e-003 	1.0514126011543982e-001
4.7999999999999998e+000 	1.1139903566468426e-001 	-6.2329635889718489e-003 	1.0516607207571242e-001
5.2000000000000002e+000 	1.1142114291460180e-001 	-6.2330814424525535e-003 	1.0518806147214926e-001
5.5999999999999996e+000 	1.1144105059388842e-001 	-6.2331959116978530e-003 	1.0520785468219056e-001
6.0000000000000000e+000 	1.1145925538195606e-001 	-6.2332700460649704e-003 	1.0522598533589107e-001
6.4000000000000004e+000 	1.1147617468719044e-001 	-6.2332746765055101e-003 	1.0524290001068494e-001
6.7999999999999998e+000 	1.1149215305376547e-001 	-6.2331887150374561e-003 	1.0525896433872797e-001
7.2000000000000002e+000 	1.1150746288977270e-001 	-6.2329953780534443e-003 	1.0527446751171923e-001
7.5999999999999996e+000 	1.1152230445439254e-001 	-6.2326794422219636e-003 	1.0528962501217054e-001
8.0000000000000000e+000 	1.1153680799591260e-001 	-6.2321642309253154e-003 	1.0530464376498729e-001
8.8000000000000007e+000 	1.1177871814783372e-001 	-6.2306483363684124e-003 	1.0554806981146535e-001
9.5999999999999996e+000 	1.1159169724073836e-001 	-6.2286098043593157e-003 	1.0536308743637905e-001
1.0400000000000000e+001 	1.1161638152127899e-001 	-6.2259564140626977e-003 	1.0539042510721630e-001
1.1199999999999999e+001 	1.1163810940861893e-001 	-6.2227129547201970e-003 	1.0541539645389873e-001
1.2000000000000000e+001 	1.1165585416211998e-001 	-6.2189415570769093e-003 	1.0543691260504309e-001
1.2800000000000001e+001 	1.1166858932839148e-001 	-6.2147037249573401e-003 	1.0545388560343416e-001
1.3600000000000000e+001 	1.1167536662117473e-001 	-6.2100426975849896e-003 	1.0546532392358972e-001
1.4400000000000000e+001 	1.1167535497904175e-001 	-6.2049736806539411e-003 	1.0547038129838779e-001
1.5199999999999999e+001 	1.1166785166905242e-001 	-6.1994779314176558e-003 	1.0546837373763469e-001
1.6000000000000000e+001 	1.1165227634815320e-001 	-6.1935014682323432e-003 	1.0545877487992088e-001
1.6800000000000001e+001 	1.1162815665836240e-001 	-6.1869584864766335e-003 	1.0544119817188578e-001
1.7600000000000001e+001 	1.1159511113969912e-001 	-6.1797382041789382e-003 	1.0541537293552022e-001
1.8399999999999999e+001 	1.1155283285069971e-001 	-6.1712837280228760e-003 	1.0538154912267687e-001
2.0000000000000000e+001 	1.1155576924605171e-001 	-6.1510731558079915e-003 	1.0540469609024368e-001
2.1600000000000001e+001 	1.1128683229315793e-001 	-6.1267871830733940e-003 	1.0516004511008452e-001
2.3199999999999999e+001 	1.1109425535524885e-001 	-6.0971232843639147e-003 	1.0499713207088499e-001
2.4800000000000001e+001 	1.1086131208152787e-001 	-6.0614994971498106e-003 	1.0479981258437809e-001
2.6399999999999999e+001 	1.1058800344870201e-001 	-6.0196091588373361e-003 	1.0456839428986467e-001
2.8000000000000000e+001 	1.1027469537397000e-001 	-5.9713956149587046e-003 	1.0430329975901122e-001
2.9600000000000001e+001 	1.0992209079300604e-001 	-5.9170495599328004e-003 	1.0400504123307326e-001
3.1199999999999999e+001 	1.0953119800343775e-001 	-5.8569583768546653e-003 	1.0367423962658305e-001
3.2800000000000004e+001 	1.0910329466061848e-001 	-5.7916398555075566e-003 	1.0331165480511091e-001
3.4399999999999999e+001 	1.0863988794102775e-001 	-5.7216878509536310e-003 	1.0291820009007412e-001
3.6000000000000000e+001 	1.0814267242484764e-001 	-5.6477327579002356e-003 	1.0249493966694739e-001
3.7600000000000001e+001 	1.0761348765763434e-001 	-5.5695916197039622e-003 	1.0204389603793036e-001
4.0800000000000004e+001 	1.0651538055543741e-001 	-5.4065151165783188e-003 	1.0110886543885916e-001
4.4000000000000000e+001 	1.0522293939996297e-001 	-5.2392768484718841e-003 	9.9983662551491104e-002
4.7199999999999996e+001 	1.0388841774442650e-001 	-5.0692612713939319e-003 	9.8819156473032563e-002
5.0399999999999999e+001 	1.0248128716039855e-001 	-4.8989623147393160e-003 	9.7582324845659221e-002
5.3600000000000001e+001 	1.0101579913965116e-001 	-4.7304364592981561e-003 	9.6285362680352982e-002
5.6800000000000004e+001 	9.9505001150505409e-002 	-4.5652211686989215e-003 	9.4939779981806471e-002
6.0000000000000000e+001 	9.7960578831308279e-002 	-4.4043659357309957e-003 	9.3556212895577293e-002
6.3200000000000003e+001 	9.6392819325363449e-002 	-4.2485126485282522e-003 	9.2144306676835180e-002
6.6400000000000006e+001 	9.4810653303755210e-002 	-4.0979934868370788e-003 	9.0712659816918159e-002
6.9599999999999994e+001 	9.3221744750661251e-002 	-3.9529212669562460e-003 	8.9268823483705004e-002
7.2799999999999997e+001 	9.1632606104810485e-002 	-3.8152337077341082e-003 	8.7817372397076404e-002
7.9200000000000003e+001 	8.8505429570245223e-002 	-3.5556830832565315e-003 	8.4949746486988720e-002
8.5599999999999994e+001 	8.5379469734402441e-002 	-3.3115877562679423e-003 	8.2067881978134458e-002
9.2000000000000000e+001 	8.2353343138294899e-002 	-3.0848813629799194e-003 	7.9268461775314963e-002
9.8400000000000006e+001 	7.9416763921893563e-002 	-2.8744275186445138e-003 	7.6542336403249034e-002
1.0480000000000001e+002 	7.6579583434206913e-002 	-2.6789632205776659e-003 	7.3900620213629253e-002
1.1119999999999999e+002 	7.3847401115505057e-002 	-2.4973168241641248e-003 	7.1350084291340918e-002
1.1759999999999999e+002 	7.1222689186105859e-002 	-2.3284511006508319e-003 	6.8894238085455042e-002
1.2400000000000000e+002 	6.8705688517758753e-002 	-2.1714444910869123e-003 	6.6534244026671879e-002
1.3039999999999998e+002 	6.6295083214960249e-002 	-2.0254640005673082e-003 	6.4269619214392962e-002
1.3680000000000001e+002 	6.3988494862794842e-002 	-1.8897452535771523e-003 	6.2098749609217671e-002
1.4319999999999999e+002 	6.1782839806481922e-002 	-1.7667259489021413e-003 	6.0016113857579767e-002
1.5600000000000000e+002 	5.7700330591785247e-002 	-1.5464732950692163e-003 	5.6153857296716049e-002
1.6880000000000001e+002 	5.3883634154818547e-002 	-1.3502013315822678e-003 	5.2533432823236276e-002
1.8160000000000002e+002 	5.0439581027143646e-002 	-1.1798496791242984e-003 	4.9259731348019330e-002
1.9439999999999998e+002 	4.7293026844972864e-002 	-1.0323442345655095e-003 	4.6260682610407340e-002
2.0719999999999999e+002 	4.4415771394685194e-002 	-9.0465130987639410e-004 	4.3511120084808799e-002
2.2000000000000000e+002 	4.1781646065935700e-002 	-7.9407705951138705e-004 	4.0987569006424314e-002
2.3280000000000001e+002 	3.9366750158909045e-002 	-6.9826629323601025e-004 	3.8668483865673023e-002
2.4560000000000002e+002 	3.7149470724845639e-002 	-6.1516658629980439e-004 	3.6534304138545838e-002
2.5840000000000003e+002 	3.5110384121202050e-002 	-5.4300198662369473e-004 	3.4567382134578363e-002
2.7119999999999999e+002 	3.3232098856613615e-002 	-4.8024676884345351e-004 	3.2751852087770143e-002
2.8400000000000000e+002 	3.1499074966713649e-002 	-4.2559586154811168e-004 	3.1073479105165544e-002
2.9680000000000001e+002 	2.9897439965791747e-002 	-3.7793473352204054e-004 	2.9519505232269708e-002
3.0959999999999997e+002 	2.8414812165685685e-002 	-3.3791929361673835e-004 	2.8076892872068940e-002
3.3519999999999999e+002 	2.5794564911092395e-002 	-2.7219330747565101e-004 	2.5522371603616752e-002
3.6080000000000001e+002 	2.3446904653752678e-002 	-2.1867908277882681e-004 	2.3228225570973850e-002
3.8640000000000003e+002 	2.1443115768438898e-002 	-1.7714418786855571e-004 	2.1265971580570343e-002
4.1200000000000000e+002 	1.9691838784616597e-002 	-1.4491666734798092e-004 	1.9546922117268609e-002
4.3759999999999997e+002 	1.8153012806261339e-002 	-1.1987930241501361e-004 	1.8033133503846333e-002
4.6319999999999999e+002 	1.6793801730456824e-002 	-1.0042284079424442e-004 	1.6693378889662578e-002
4.8880000000000001e+002 	1.5587283771228724e-002 	-8.5302954614923748e-005 	1.5501980816613798e-002
5.1439999999999998e+002 	1.4511304611553767e-002 	-7.3552898811982175e-005 	1.4437751712741784e-002
5.4000000000000000e+002 	1.3547539398757328e-002 	-6.4424752091916352e-005 	1.3483114646665403e-002
5.6560000000000002e+002 	1.2680744974623313e-002 	-5.7341601173251776e-005 	1.2623403373450057e-002
5.9119999999999993e+002 	1.1898168790940834e-002 	-5.1858090095782482e-005 	1.1846310700845051e-002
6.1680000000000007e+002 	1.1189081993685126e-002 	-4.7752230660450219e-005 	1.1141329763024675e-002
6.6800000000000000e+002 	9.9713515860089513e-003 	-4.2071221917938077e-005 	9.9292803640910147e-003
7.1919999999999993e+002 	8.9086488633244466e-003 	-3.8660057893380451e-005 	8.8699888054310679e-003
7.7039999999999998e+002 	8.0318505317003158e-003 	-3.6932988572010701e-005 	7.9949175431283069e-003
8.2160000000000002e+002 	7.2848332855576384e-003 	-3.6130899900833973e-005 	7.2487023856568043e-003
8.7280000000000007e+002 	6.6425447908974554e-003 	-3.5848137417445478e-005 	6.6066966534800093e-003
9.2400000000000000e+002 	6.0856213017164091e-003 	-3.5854217702662273e-005 	6.0497670840137484e-003
9.7519999999999993e+002 	5.5990107751087044e-003 	-3.5996124124389741e-005 	5.5630146509843131e-003
1.0264000000000001e+003 	5.1708995041057524e-003 	-3.6167758221413167e-005 	5.1347317458843396e-003
1.0775999999999999e+003 	4.7919136830783119e-003 	-3.6298055705876263e-005 	4.7556156273724365e-003
1.1288000000000000e+003 	4.4545340384427590e-003 	-3.6342358728940113e-005 	4.4181916797138201e-003
1.1800000000000000e+003 	4.1526664350998730e-003 	-3.6068581180410852e-005 	4.1165978539194625e-003
1.2824000000000001e+003 	3.6420669124708929e-003 	-3.5175024755196517e-005 	3.6068918877156966e-003
1.3848000000000000e+003 	3.2042519222335291e-003 	-3.4343656966219876e-005 	3.1699082652673089e-003
1.4872000000000000e+003 	2.8496875401358727e-003 	-3.3151402386744125e-005 	2.8165361377491295e-003
1.5895999999999999e+003 	2.5522188171153253e-003 	-3.1522981824095726e-005 	2.5206958352912302e-003
1.6920000000000000e+003 	2.2999698043404738e-003 	-2.9560855386630669e-005 	2.2704089489538433e-003
1.7944000000000001e+003 	2.0840212706844351e-003 	-2.7388044575651200e-005 	2.0566332261087836e-003
1.8968000000000000e+003 	1.8976054314446466e-003 	-2.5100984615837929e-005 	1.8725044468288086e-003
1.9992000000000000e+003 	1.7355120917941192e-003 	-2.2770650665800458e-005 	1.7127414411283188e-003
2.1015999999999999e+003 	1.5936679977776754e-003 	-2.0450201275605966e-005 	1.5732177965020687e-003
2.2040000000000000e+003 	1.4688417362915883e-003 	-1.8179858556266466e-005 	1.4506618777353221e-003
2.3064000000000001e+003 	1.3584355259741671e-003 	-1.5936393788853076e-005 	1.3424991321853139e-003
2.5112000000000003e+003 	1.1745959449069683e-003 	-1.1839201277088300e-005 	1.1627567436298797e-003
2.7160000000000000e+003 	1.0204332485426624e-003 	-8.4117948158710370e-006 	1.0120214537267915e-003
2.9207999999999997e+003 	8.9859139318145562e-004 	-5.4533461353764698e-006 	8.9313804704607908e-004
3.1255999999999999e+003 	7.9872275036203886e-004 	-2.9003416515433399e-006 	7.9582240871049553e-004
3.3304000000000001e+003 	7.1590659899112795e-004 	-7.4968062182564262e-007 	7.1515691836930215e-004
3.5352000000000003e+003 	6.4647800019178726e-004 	1.0193907083106736e-006 	6.4749739090009834e-004
3.7400000000000000e+003 	5.8768596091461677e-004 	2.4480320318638465e-006 	5.9013399294648064e-004
3.9447999999999997e+003 	5.3744122293919320e-004 	3.5845486898411698e-006 	5.4102577162903442e-004
4.1496000000000004e+003 	4.9413702980329293e-004 	4.4758609622648463e-006 	4.9861289076555783e-004
4.3543999999999996e+003 	4.5652273577675702e-004 	5.1640658000836884e-006 	4.6168680157684071e-004
4.5591999999999998e+003 	4.2361410190966777e-004 	5.6855511916429352e-006 	4.2929965310131062e-004
4.7640000000000000e+003 	3.9462881569794685e-004 	6.0711402175051576e-006 	4.0069995591545196e-004
4.9688000000000002e+003 	3.6893945735716574e-004 	6.3531725814499320e-006 	3.7529262993861554e-004
5.3783999999999996e+003 	3.2597710881175662e-004 	6.6626514902125550e-006 	3.3263976030196919e-004
5.7880000000000000e+003 	2.8947731952916697e-004 	6.7166983872832569e-006 	2.9619401791645023e-004
6.1976000000000004e+003 	2.6022336994345951e-004 	6.6415945892763020e-006 	2.6686496453273587e-004
6.6071999999999998e+003 	2.3578927601893468e-004 	6.4941632574612243e-006 	2.4228343927639600e-004
7.0168000000000002e+003 	2.1508245349695170e-004 	6.2985230097626912e-006 	2.2138097650671435e-004
7.4264000000000005e+003 	1.9730781815070384e-004 	6.0743087195264509e-006 	2.0338212687023028e-004
7.8360000000000000e+003 	1.8188085205738896e-004 	5.8375860987669002e-006 	1.8771843815615586e-004
8.2456000000000004e+003 	1.6836485030767990e-004 	5.5996808881289600e-006 	1.7396453119580889e-004
8.6552000000000007e+003 	1.5642751599570967e-004 	5.3677574182042594e-006 	1.6179527341391396e-004
9.0647999999999993e+003 	1.4581132907085827e-004 	5.1459872064432988e-006 	1.5095731627730145e-004
9.4743999999999996e+003 	1.3631326483894097e-004 	4.9587241183972340e-006 	1.4127198895733819e-004
1.0293600000000000e+004 	1.2031379264157015e-004 	4.6086270664124491e-006 	1.2492241970798261e-004
1.1112799999999999e+004 	1.0640579000843432e-004 	4.2559993230997913e-006 	1.1066178933153404e-004
1.1932000000000000e+004 	9.5174673822840495e-005 	3.9631709604001173e-006 	9.9137844783240604e-005
1.2751200000000001e+004 	8.5716695981324375e-005 	3.7206093131702157e-006 	8.9437305294494605e-005
1.3570400000000000e+004 	7.7663749362251076e-005 	3.5149764100130464e-006 	8.1178725772264093e-005
1.4389600000000000e+004 	7.0740077901136961e-005 	3.3385484557250212e-006 	7.4078626356861957e-005
1.5208799999999999e+004 	6.4736465426725628e-005 	3.1861950753053021e-006 	6.7922660502030936e-005
1.6027999999999998e+004 	5.9491647308692443e-005 	3.0537411718348527e-006 	6.2545388480527293e-005
1.6847200000000001e+004 	5.4879349512354315e-005 	2.9376101741825787e-006 	5.7816959686536887e-005
1.7666399999999998e+004 	5.0799270835613010e-005 	2.8347764879857137e-006 	5.3634047323598743e-005
1.8485600000000002e+004 	4.7170731080243270e-005 	2.7524524156802740e-006 	4.9923183495923550e-005
2.0124000000000000e+004 	4.1127779517571621e-005 	2.6029526195378474e-006 	4.3730732137109452e-005
2.1762399999999998e+004 	3.5912919054211720e-005 	2.4534969140297481e-006 	3.8366415968241458e-005
2.3400799999999999e+004 	3.1772972738470285e-005 	2.3272682892125021e-006 	3.4100241027682786e-005
2.5039200000000001e+004 	2.8333098853264161e-005 	2.2153552416154280e-006 	3.0548454094879598e-005
2.6677600000000002e+004 	2.5441489336234370e-005 	2.1119189670314304e-006 	2.7553408303265799e-005
2.8316000000000000e+004 	2.2985076773184806e-005 	2.0118754669554827e-006 	2.4996952240140285e-005
-2000 0
-2.0000000000000000e+003 0.0000000000000000e+000 0.0000000000000000e+000
1
1 1 1 1
1
         t, ms                         dVp, mV                         dVs, mV                         dV, mV
5.0000000000000000e-001 	2.9778777829691776e-002 	2.3757114454492842e-003 	3.2154489275141071e-002
5.9999999999999998e-001 	2.9822024013029819e-002 	2.3655616643712095e-003 	3.2187585677401029e-002
6.9999999999999996e-001 	2.9850451038495488e-002 	2.3561651569421172e-003 	3.2206616195437604e-002
8.0000000000000004e-001 	2.9872836331744569e-002 	2.3481247807497119e-003 	3.2220961112494284e-002
9.0000000000000002e-001 	2.9891773685135889e-002 	2.3411739351413630e-003 	3.2232947620277265e-002
1.0000000000000000e+000 	2.9908259183701005e-002 	2.3351098902975550e-003 	3.2243369073998558e-002
1.1000000000000001e+000 	2.9922822084768319e-002 	2.3297811476493679e-003 	3.2252603232417687e-002
1.2000000000000000e+000 	2.9935815254022575e-002 	2.3250725908642925e-003 	3.2260887844886864e-002
1.3000000000000000e+000 	2.9947500604871904e-002 	2.3208939145336854e-003 	3.2268394519405594e-002
1.3999999999999999e+000 	2.9958081673300219e-002 	2.3173042145195563e-003 	3.2275385887819759e-002
1.6000000000000001e+000 	3.0309774361554909e-002 	2.3112093379476640e-003 	3.2620983699502580e-002
1.8000000000000000e+000 	2.9992433282943473e-002 	2.3060025873489964e-003 	3.2298435870292477e-002
2.0000000000000000e+000 	3.0005932052172307e-002 	2.3016780125250549e-003 	3.2307610064697359e-002
2.2000000000000002e+000 	3.0017669441414069e-002 	2.2980408911021056e-003 	3.2315710332516179e-002
2.3999999999999999e+000 	3.0027999937134196e-002 	2.2949214646301825e-003 	3.2322921401764383e-002
2.6000000000000001e+000 	3.0037187131392834e-002 	2.2921837313938142e-003 	3.2329370862786665e-002
2.7999999999999998e+000 	3.0045430003925330e-002 	2.2897233602284482e-003 	3.2335153364153782e-002
3.0000000000000000e+000 	3.0052881603928192e-002 	2.2874625747488931e-003 	3.2340344178677080e-002
3.2000000000000002e+000 	3.0059661863167601e-002 	2.2853447025060780e-003 	3.2345006565673670e-002
3.3999999999999999e+000 	3.0065866354861841e-002 	2.2833292798196442e-003 	3.2349195634681485e-002
3.6000000000000001e+000 	3.0071572362513364e-002 	2.2814049597127618e-003 	3.2352977322226112e-002
4.0000000000000000e+000 	3.0203702218801091e-002 	2.2776912760344575e-003 	3.2481393494835545e-002
4.4000000000000004e+000 	3.0090641191524711e-002 	2.2740807475094410e-003 	3.2364721939034155e-002
4.7999999999999998e+000 	3.0098396018476754e-002 	2.2705823770677682e-003 	3.2368978395544534e-002
5.2000000000000002e+000 	3.0105281246537240e-002 	2.2671728008848680e-003 	3.2372454047422117e-002
5.5999999999999996e+000 	3.0111482264849242e-002 	2.2638484973241417e-003 	3.2375330762173381e-002
6.0000000000000000e+000 	3.0117154741529206e-002 	2.2606179822710626e-003 	3.2377772723800269e-002
6.4000000000000004e+000 	3.0122430372059080e-002 	2.2574937618014242e-003 	3.2379924133860503e-002
6.7999999999999998e+000 	3.0127419098018960e-002 	2.2544889532227323e-003 	3.2381908051241678e-002
7.2000000000000002e+000 	3.0132209531318514e-002 	2.2516163237682870e-003 	3.2383825855086798e-002
7.5999999999999996e+000 	3.0136869098712955e-002 	2.2488878944831071e-003 	3.2385756993196083e-002
8.0000000000000000e+000 	3.0141444793756945e-002 	2.2463810171617334e-003 	3.2387825810918688e-002
8.8000000000000007e+000 	3.0217026328945747e-002 	2.2418923726711584e-003 	3.2458918701616900e-002
9.5999999999999996e+000 	3.0159201039702991e-002 	2.2379695452010295e-003 	3.2397170584904024e-002
1.0400000000000000e+001 	3.0167619312110594e-002 	2.2347190109580548e-003 	3.2402338323068644e-002
1.1199999999999999e+001 	3.0175517733753543e-002 	2.2321293147536162e-003 	3.2407647048507168e-002
1.2000000000000000e+001 	3.0182687982826820e-002 	2.2301578728313358e-003 	3.2412845855658144e-002
1.2800000000000001e+001 	3.0188925811835972e-002 	2.2287460485954941e-003 	3.2417671860431464e-002
1.3600000000000000e+001 	3.0194052699093477e-002 	2.2278268260044350e-003 	3.2421879525097910e-002
1.4400000000000000e+001 	3.0197926391334215e-002 	2.2273301619269220e-003 	3.2425256553261145e-002
1.5199999999999999e+001 	3.0200443506732760e-002 	2.2271874529962541e-003 	3.2427630959729024e-002
1.6000000000000000e+001 	3.0201537309399909e-002 	2.2273348387698644e-003 	3.2428872148169759e-002
1.6800000000000001e+001 	3.0201173056675922e-002 	2.2277151771386843e-003 	3.2428888233814609e-002
1.7600000000000001e+001 	3.0199342509409591e-002 	2.2282788878044300e-003 	3.2427621397214022e-002
1.8399999999999999e+001 	3.0196058535614842e-002 	2.2290170159421125e-003 	3.2425075551556951e-002
2.0000000000000000e+001 	3.0222014075310485e-002 	2.2307482533656148e-003 	3.2452762328676096e-002
2.1600000000000001e+001 	3.0169308809627017e-002 	2.2326116787751474e-003 	3.2401920488402174e-002
2.3199999999999999e+001 	3.0148447587031772e-002 	2.2345680364809651e-003 	3.2383015623512729e-002
2.4800000000000001e+001 	3.0123215919042177e-002 	2.2365461579486436e-003 	3.2359762076990831e-002
2.6399999999999999e+001 	3.0094099246982593e-002 	2.2384936192867150e-003 	3.2332592866269300e-002
2.8000000000000000e+001 	3.0061567695723913e-002 	2.2403728979863671e-003 	3.2301940593710284e-002
2.9600000000000001e+001 	3.0026060454900590e-002 	2.2421439669765182e-003 	3.2268204421877111e-002
3.1199999999999999e+001 	2.9987976687655838e-002 	2.2437606082748264e-003 	3.2231737295930665e-002
3.2800000000000004e+001 	2.9947671036101454e-002 	2.2451730966221331e-003 	3.2192844132723594e-002
3.4399999999999999e+001 	2.9905452271084751e-002 	2.2463299403341803e-003 	3.2151782211418935e-002
3.6000000000000000e+001 	2.9861584058567384e-002 	2.2471782428944848e-003 	3.2108762301461868e-002
3.7600000000000001e+001 	2.9816287129566556e-002 	2.2474799345379398e-003 	3.2063767064104499e-002
4.0800000000000004e+001 	2.9737261903636698e-002 	2.2466255531410572e-003 	3.1983887456777750e-002
4.4000000000000000e+001 	2.9624133857242069e-002 	2.2439844303325344e-003 	3.1868118287574611e-002
4.7199999999999996e+001 	2.9522502478377361e-002 	2.2390405763449976e-003 	3.1761543054722355e-002
5.0399999999999999e+001 	2.9417635088029196e-002 	2.2315880713116710e-003 	3.1649223159340871e-002
5.3600000000000001e+001 	2.9309601936798931e-002 	2.2215212486363361e-003 	3.1531123185435293e-002
5.6800000000000004e+001 	2.9198328807010877e-002 	2.2088294303026848e-003 	3.1407158237313562e-002
6.0000000000000000e+001 	2.9083659470264398e-002 	2.1935918935480645e-003 	3.1277251363812465e-002
6.3200000000000003e+001 	2.8965405399701168e-002 	2.1759656702731293e-003 	3.1141371069974291e-002
6.6400000000000006e+001 	2.8843381911860155e-002 	2.1561665781905091e-003 	3.0999548490050672e-002
6.9599999999999994e+001 	2.8717432210349884e-002 	2.1344490825989052e-003 	3.0851881292948795e-002
7.2799999999999997e+001 	2.8587441592650951e-002 	2.1106735351292144e-003 	3.0698115127780166e-002
7.9200000000000003e+001 	2.8321733218812331e-002 	2.0596946064425012e-003 	3.0381427825254836e-002
8.5599999999999994e+001 	2.8026781192921665e-002 	2.0065387912527525e-003 	3.0033319984174422e-002
9.2000000000000000e+001 	2.7723011709828764e-002 	1.9519011014679909e-003 	2.9674912811296760e-002
9.8400000000000006e+001 	2.7405020525746438e-002 	1.8970570861093906e-003 	2.9302077611855829e-002
1.0480000000000001e+002 	2.7074282422931958e-002 	1.8430576943811502e-003 	2.8917340117313117e-002
1.1119999999999999e+002 	2.6732453923225551e-002 	1.7906745809958861e-003 	2.8523128504221451e-002
1.1759999999999999e+002 	2.6381261389161935e-002 	1.7404192978959748e-003 	2.8121680687057921e-002
1.2400000000000000e+002 	2.6022415839952236e-002 	1.6925897212033613e-003 	2.7715005561155602e-002
1.3039999999999998e+002 	2.5657554144732555e-002 	1.6473203629561934e-003 	2.7304874507688745e-002
1.3680000000000001e+002 	2.5288202494704929e-002 	1.6046270705527225e-003 	2.6892829565257639e-002
1.4319999999999999e+002 	2.4915756970371766e-002 	1.5653078539616739e-003 	2.6481064824333440e-002
1.5600000000000000e+002 	2.4176260918036797e-002 	1.4935822538168989e-003 	2.5669843171853696e-002
1.6880000000000001e+002 	2.3420709003782732e-002 	1.4281438997629497e-003 	2.4848852903545687e-002
1.8160000000000002e+002 	2.2680645928142784e-002 	1.3693845160025039e-003 	2.4050030444145287e-002
1.9439999999999998e+002 	2.1952540075369949e-002 	1.3163580733298562e-003 	2.3268898148699809e-002
2.0719999999999999e+002 	2.1240122271335416e-002 	1.2680945980104311e-003 	2.2508216869345846e-002
2.2000000000000000e+002 	2.0546102383849980e-002 	1.2237185775976509e-003 	2.1769820961447618e-002
2.3280000000000001e+002 	1.9872362959575469e-002 	1.1824989553871261e-003 	2.1054861914962589e-002
2.4560000000000002e+002 	1.9220133208029212e-002 	1.1438527892675037e-003 	2.0363985997296719e-002
2.5840000000000003e+002 	1.8590133691764987e-002 	1.1073261026101793e-003 	1.9697459794375163e-002
2.7119999999999999e+002 	1.7982692543262221e-002 	1.0725693052680129e-003 	1.9055261848530229e-002
2.8400000000000000e+002 	1.7397837345586118e-002 	1.0393147750153381e-003 	1.8437152120601458e-002
2.9680000000000001e+002 	1.6835367320349050e-002 	1.0073584255934540e-003 	1.7842725745942506e-002
3.0959999999999997e+002 	1.6294909967921708e-002 	9.7694472872026056e-004 	1.7271854696641969e-002
3.3519999999999999e+002 	1.5289048219676440e-002 	9.1908457794049865e-004 	1.6208132797616938e-002
3.6080000000000001e+002 	1.4339818448370218e-002 	8.6385008638194488e-004 	1.5203668534752161e-002
3.8640000000000003e+002 	1.3477743376114938e-002 	8.1164552606518225e-004 	1.4289388902180112e-002
4.1200000000000000e+002 	1.2685174941549865e-002 	7.6235928595874962e-004 	1.3447534227508618e-002
4.3759999999999997e+002 	1.1956411021462793e-002 	7.1583541720802275e-004 	1.2672246438670818e-002
4.6319999999999999e+002 	1.1285935782368809e-002 	6.7192252973759020e-004 	1.1957858312106396e-002
4.8880000000000001e+002 	1.0668539918719994e-002 	6.3049364424411941e-004 	1.1299033562964116e-002
5.1439999999999998e+002 	1.0099383972097626e-002 	5.9143972600473943e-004 	1.0690823698102370e-002
5.4000000000000000e+002 	9.5740232144754193e-003 	5.5465933424739928e-004 	1.0128682548722819e-002
5.6560000000000002e+002 	9.0884077867333761e-003 	5.2005242596440905e-004 	9.6084602126977857e-003
5.9119999999999993e+002 	8.6388677757564345e-003 	4.8751806815768727e-004 	9.1263858439141234e-003
6.1680000000000007e+002 	8.2220898219661324e-003 	4.5773182124221362e-004 	8.6798216432083432e-003
6.6800000000000000e+002 	7.4842020319798195e-003 	4.0366185281467373e-004 	7.8878638847944948e-003
7.1919999999999993e+002 	6.8208753111806382e-003 	3.5452442741996172e-004 	7.1753997386005989e-003
7.7039999999999998e+002 	6.2531424054235209e-003 	3.1104890149692336e-004 	6.5641913069204444e-003
8.2160000000000002e+002 	5.7554184499249532e-003 	2.7281416663999458e-004 	6.0282326165649472e-003
8.7280000000000007e+002 	5.3166590631744236e-003 	2.3924800452463271e-004 	5.5559070676990579e-003
9.2400000000000000e+002 	4.9278028125332215e-003 	2.0977877484951128e-004 	5.1375815873827349e-003
9.7519999999999993e+002 	4.5814206008609575e-003 	1.8389382547686589e-004 	4.7653144263378232e-003
1.0264000000000001e+003 	4.2714031019193991e-003 	1.6114647038475329e-004 	4.4325495723041546e-003
1.0775999999999999e+003 	3.9927021308990840e-003 	1.4114893252831985e-004 	4.1338510634274031e-003
1.1288000000000000e+003 	3.7411229990983634e-003 	1.2356402809794148e-004 	3.8646870271963067e-003
1.1800000000000000e+003 	3.5131597630971719e-003 	1.0885185755847671e-004 	3.6220116206556480e-003
1.2824000000000001e+003 	3.1213848944669424e-003 	8.4580343690823272e-005 	3.2059652381577668e-003
1.3848000000000000e+003 	2.7795876078738316e-003 	6.4329852102194970e-005 	2.8439174599760278e-003
1.4872000000000000e+003 	2.4972921589069517e-003 	4.8469097039320121e-005 	2.5457612559462721e-003
1.5895999999999999e+003 	2.2567044024233776e-003 	3.6271636558303253e-005 	2.2929760389816811e-003
1.6920000000000000e+003 	2.0498742533722053e-003 	2.6977177766048991e-005 	2.0768514311382534e-003
1.7944000000000001e+003 	1.8706679495889330e-003 	1.9938441009663485e-005 	1.8906063905985968e-003
1.8968000000000000e+003 	1.7143160069985803e-003 	1.4646009428217803e-005 	1.7289620164267984e-003
1.9992000000000000e+003 	1.5770660013006603e-003 	1.0705945747286529e-005 	1.5877719470479470e-003
2.1015999999999999e+003 	1.4559277607694866e-003 	7.8127455438650530e-006 	1.4637405063133518e-003
2.2040000000000000e+003 	1.3484888593663564e-003 	5.7281800208256441e-006 	1.3542170393871819e-003
2.3064000000000001e+003 	1.2527807303554126e-003 	4.4937176123332505e-006 	1.2572744479677459e-003
2.5112000000000003e+003 	1.0920234345367197e-003 	3.1783069402155389e-006 	1.0952017414769355e-003
2.7160000000000000e+003 	9.5579131588553171e-004 	2.3980209960815994e-006 	9.5818933688161334e-004
2.9207999999999997e+003 	8.4690817924898247e-004 	2.2730891251555937e-006 	8.4918126837413808e-004
3.1255999999999999e+003 	7.5682724561212781e-004 	2.5744927392290103e-006 	7.5940173835135666e-004
3.3304000000000001e+003 	6.8151481445810223e-004 	3.0803543895920475e-006 	6.8459516884769426e-004
3.5352000000000003e+003 	6.1792181644973964e-004 	3.6447330671281631e-006 	6.2156654951686739e-004
3.7400000000000000e+003 	5.6372826375635811e-004 	4.1878784253921950e-006 	5.6791614218175044e-004
3.9447999999999997e+003 	5.1715075937015754e-004 	4.6713511628686022e-006 	5.2182211053302611e-004
4.1496000000000004e+003 	4.7680308748012637e-004 	5.0799471318378310e-006 	4.8188303461196402e-004
4.3543999999999996e+003 	4.4159614652996789e-004 	5.4110781298033399e-006 	4.4700722465977139e-004
4.5591999999999998e+003 	4.1066576019278453e-004 	5.6687547235370790e-006 	4.1633451491632174e-004
4.7640000000000000e+003 	3.8332001972495613e-004 	5.8601484864155551e-006 	3.8918016821137179e-004
4.9688000000000002e+003 	3.5900037182953537e-004 	6.0101133288694627e-006 	3.6501048515840475e-004
5.3783999999999996e+003 	3.1815103608113382e-004 	6.1551348128066712e-006 	3.2430617089394055e-004
5.7880000000000000e+003 	2.8329225006782342e-004 	6.1137117065054528e-006 	2.8940596177432903e-004
6.1976000000000004e+003 	2.5520301721065875e-004 	5.9981218501123238e-006 	2.6120113906077106e-004
6.6071999999999998e+003 	2.3164608298945866e-004 	5.8437216621428941e-006 	2.3748980465160158e-004
7.0168000000000002e+003 	2.1161428655814844e-004 	5.6605736554884503e-006 	2.1727486021363686e-004
7.4264000000000005e+003 	1.9436973041609074e-004 	5.4593420171486126e-006 	1.9982907243323934e-004
7.8360000000000000e+003 	1.7936652966172030e-004 	5.2506100803534392e-006 	1.8461713974207366e-004
8.2456000000000004e+003 	1.6619455371512956e-004 	5.0424982508653388e-006 	1.7123705196599496e-004
8.6552000000000007e+003 	1.5454019674262354e-004 	4.8403715541578939e-006 	1.5938056829678141e-004
9.0647999999999993e+003 	1.4415939352093918e-004 	4.6474358709547371e-006 	1.4880682939189389e-004
9.4743999999999996e+003 	1.3485902139783314e-004 	4.4864227021343906e-006 	1.3934544409996755e-004
1.0293600000000000e+004 	1.1916310062998938e-004 	4.1840480204957550e-006 	1.2334714865048512e-004
1.1112799999999999e+004 	1.0550067929956643e-004 	3.8752391263769877e-006 	1.0937591842594343e-004
1.1932000000000000e+004 	9.4443240622250400e-005 	3.6203197502368738e-006 	9.8063560372487277e-005
1.2751200000000001e+004 	8.5117331666054597e-005 	3.4102951247714228e-006 	8.8527626790825989e-005
1.3570400000000000e+004 	7.7166655536650407e-005 	3.2326790301921443e-006 	8.0399334566842560e-005
1.4389600000000000e+004 	7.0323490314938957e-005 	3.0804955630936675e-006 	7.3403985878032655e-005
1.5208799999999999e+004 	6.4384164345247005e-005 	2.9492285016642339e-006 	6.7333392846911225e-005
1.6027999999999998e+004 	5.9191318830693641e-005 	2.8352091267329662e-006 	6.2026527957426616e-005
1.6847200000000001e+004 	5.4621491842700151e-005 	2.7352796954226174e-006 	5.7356771538122762e-005
1.7666399999999998e+004 	5.0576448541652461e-005 	2.6467606568415101e-006 	5.3223209198493986e-005
1.8485600000000002e+004 	4.6977054640970284e-005 	2.5765370291059725e-006 	4.9553591670076246e-005
2.0124000000000000e+004 	4.0978017035875545e-005 	2.4476155646210287e-006 	4.3425632600496568e-005
2.1762399999999998e+004 	3.5798385260860328e-005 	2.3161272378793957e-006 	3.8114512498739723e-005
2.3400799999999999e+004 	3.1682578259016916e-005 	2.2047652110707054e-006 	3.3887343470087627e-005
2.5039200000000001e+004 	2.8260630266537271e-005 	2.1052137115410686e-006 	3.0365843978078340e-005
2.6677600000000002e+004 	2.5382589199971651e-005 	2.0122036632623784e-006 	2.7394792863234040e-005
2.8316000000000000e+004 	2.2936632357119442e-005 	1.9217416781420851e-006 	2.4858374035261522e-005
