-2300 0
-2.3000000000000000e+003 0.0000000000000000e+000 0.0000000000000000e+000
1
1 1 1 1
1
         t, ms                         dVp, mV                         dVs, mV                         dV, mV
5.0000000000000000e-001 	1.3769920912653319e-001 	-2.9167950612741177e-004 	1.3740752962040578e-001
5.9999999999999998e-001 	1.3787825850265062e-001 	-2.9167950614446595e-004 	1.3758657899650611e-001
6.9999999999999996e-001 	1.3799595432713008e-001 	-2.9167950601501286e-004 	1.3770427482111505e-001
8.0000000000000004e-001 	1.3808863565248539e-001 	-2.9167950576504045e-004 	1.3779695614672036e-001
9.0000000000000002e-001 	1.3816704122713561e-001 	-2.9167950547227079e-004 	1.3787536172166337e-001
1.0000000000000000e+000 	1.3823529517360200e-001 	-2.9167950522853841e-004 	1.3794361566837338e-001
1.1000000000000001e+000 	1.3829558884805770e-001 	-2.9167950510871363e-004 	1.3800390934294898e-001
1.2000000000000000e+000 	1.3834938327918486e-001 	-2.9167950515387227e-004 	1.3805770377403101e-001
1.3000000000000000e+000 	1.3839776290739678e-001 	-2.9167950536794550e-004 	1.3810608340202887e-001
1.3999999999999999e+000 	1.3844157045676980e-001 	-2.9167950572353383e-004 	1.3814989095104629e-001
1.6000000000000001e+000 	1.3989755019818598e-001 	-2.9167950658627974e-004 	1.3960587069159971e-001
1.8000000000000000e+000 	1.3858379153178463e-001 	-2.9167950737810972e-004 	1.3829211202440647e-001
2.0000000000000000e+000 	1.3863967815284303e-001 	-2.9167950780160332e-004 	1.3834799864504135e-001
2.2000000000000002e+000 	1.3868827223113972e-001 	-2.9167950770503089e-004 	1.3839659272343463e-001
2.3999999999999999e+000 	1.3873104144821699e-001 	-2.9167950709191553e-004 	1.3843936194112511e-001
2.6000000000000001e+000 	1.3876907715091427e-001 	-2.9167950608392724e-004 	1.3847739764483039e-001
2.7999999999999998e+000 	1.3880320316912909e-001 	-2.9167950486396149e-004 	1.3851152366426508e-001
3.0000000000000000e+000 	1.3883405316390057e-001 	-2.9167950362093926e-004 	1.3854237366027963e-001
3.2000000000000002e+000 	1.3886212368297768e-001 	-2.9167950250902472e-004 	1.3857044418046865e-001
3.3999999999999999e+000 	1.3888781042267198e-001 	-2.9167950162569875e-004 	1.3859613092104622e-001
3.6000000000000001e+000 	1.3891143335596151e-001 	-2.9167950100733386e-004 	1.3861975385495412e-001
4.0000000000000000e+000 	1.3945843954760281e-001 	-2.9167950039170961e-004 	1.3916676004721104e-001
4.4000000000000004e+000 	1.3899037803179046e-001 	-2.9167950029516590e-004 	1.3869869853149530e-001
4.7999999999999998e+000 	1.3902248247566037e-001 	-2.9167950040105705e-004 	1.3873080297525930e-001
5.2000000000000002e+000 	1.3905098587267156e-001 	-2.9167950064677272e-004 	1.3875930637202483e-001
5.5999999999999996e+000 	1.3907665421686233e-001 	-2.9167950129438695e-004 	1.3878497471556808e-001
6.0000000000000000e+000 	1.3910012894303439e-001 	-2.9167950286307847e-004 	1.3880844944017123e-001
6.4000000000000004e+000 	1.3912195005230202e-001 	-2.9167950596997570e-004 	1.3883027054633204e-001
6.7999999999999998e+000 	1.3914256461392535e-001 	-2.9167951114148210e-004 	1.3885088510278387e-001
7.2000000000000002e+000 	1.3916232791837507e-001 	-2.9167951864830186e-004 	1.3887064839972676e-001
7.5999999999999996e+000 	1.3918150362324427e-001 	-2.9167952839761243e-004 	1.3888982409484668e-001
8.0000000000000000e+000 	1.3920026660612869e-001 	-2.9167953989490779e-004 	1.3890858706623377e-001
8.8000000000000007e+000 	1.3951242522536120e-001 	-2.9167956269970203e-004 	1.3922074566266146e-001
9.5999999999999996e+000 	1.3927175123626861e-001 	-2.9167957842132173e-004 	1.3898007165784734e-001
1.0400000000000000e+001 	1.3930436861618981e-001 	-2.9167957796710558e-004 	1.3901268903822273e-001
1.1199999999999999e+001 	1.3933361134116712e-001 	-2.9167955429438441e-004 	1.3904193178687274e-001
1.2000000000000000e+001 	1.3935827953749239e-001 	-2.9167950417652208e-004 	1.3906660003331578e-001
1.2800000000000001e+001 	1.3937717955791654e-001 	-2.9167942896463935e-004 	1.3908550012895185e-001
1.3600000000000000e+001 	1.3938922167356510e-001 	-2.9167933437871898e-004 	1.3909754233918642e-001
1.4400000000000000e+001 	1.3939346860463739e-001 	-2.9167922956838176e-004 	1.3910178937506901e-001
1.5199999999999999e+001 	1.3938914866909594e-001 	-2.9167912576440029e-004 	1.3909746954333152e-001
1.6000000000000000e+001 	1.3937564733372387e-001 	-2.9167903482552087e-004 	1.3908396829889830e-001
1.6800000000000001e+001 	1.3935248797732119e-001 	-2.9167896791419164e-004 	1.3906080900940695e-001
1.7600000000000001e+001 	1.3931930914762228e-001 	-2.9167893444624382e-004 	1.3902763021317607e-001
1.8399999999999999e+001 	1.3927584259768783e-001 	-2.9167894137786961e-004 	1.3898416365630989e-001
2.0000000000000000e+001 	1.3930770253775618e-001 	-2.9167908809703903e-004 	1.3901602344965910e-001
2.1600000000000001e+001 	1.3899591727027594e-001 	-2.9167939817134592e-004 	1.3870423787210456e-001
2.3199999999999999e+001 	1.3879172014177948e-001 	-2.9167983556923060e-004 	1.3850004030621019e-001
2.4800000000000001e+001 	1.3854474858380092e-001 	-2.9168034450378563e-004 	1.3825306823929712e-001
2.6399999999999999e+001 	1.3825549109375054e-001 	-2.9168085961237851e-004 	1.3796381023413817e-001
2.8000000000000000e+001 	1.3792474410358521e-001 	-2.9168131598378424e-004 	1.3763306278760146e-001
2.9600000000000001e+001 	1.3755357419332501e-001 	-2.9168165706663517e-004 	1.3726189253625842e-001
3.1199999999999999e+001 	1.3714328437144288e-001 	-2.9168183977464621e-004 	1.3685160253166828e-001
3.2800000000000004e+001 	1.3669538091795391e-001 	-2.9168183688148253e-004 	1.3640369908107244e-001
3.4399999999999999e+001 	1.3621153919857557e-001 	-2.9168163720178891e-004 	1.3591985756137367e-001
3.6000000000000000e+001 	1.3569356856396012e-001 	-2.9168124419779790e-004 	1.3540188731976230e-001
3.7600000000000001e+001 	1.3514337736830906e-001 	-2.9168067363176040e-004 	1.3485169669467731e-001
4.0800000000000004e+001 	1.3401661336661252e-001 	-2.9167915311608300e-004 	1.3372493421349646e-001
4.4000000000000000e+001 	1.3266629565612659e-001 	-2.9167731598923115e-004 	1.3237461834013725e-001
4.7199999999999996e+001 	1.3128644287743968e-001 	-2.9167543102606036e-004 	1.3099476744641370e-001
5.0399999999999999e+001 	1.2983192452155312e-001 	-2.9167375222632712e-004 	1.2954025076932679e-001
5.3600000000000001e+001 	1.2831636417848527e-001 	-2.9167248965487126e-004 	1.2802469168883049e-001
5.6800000000000004e+001 	1.2675217096222724e-001 	-2.9167179352320333e-004 	1.2646049916870394e-001
6.0000000000000000e+001 	1.2515043174206372e-001 	-2.9167174940449009e-004 	1.2485875999265923e-001
6.3200000000000003e+001 	1.2352090723049601e-001 	-2.9167238187699843e-004 	1.2322923484861893e-001
6.6400000000000006e+001 	1.2187209240624348e-001 	-2.9167366390416715e-004 	1.2158041874233931e-001
6.9599999999999994e+001 	1.2021131377944906e-001 	-2.9167552952107085e-004 	1.1991963824992800e-001
7.2799999999999997e+001 	1.1854484424355027e-001 	-2.9167788772916883e-004 	1.1825316635582112e-001
7.9200000000000003e+001 	1.1525185570749276e-001 	-2.9168355248919057e-004 	1.1496017215500361e-001
8.5599999999999994e+001 	1.1192633069260396e-001 	-2.9169002557267185e-004 	1.1163464066703126e-001
9.2000000000000000e+001 	1.0868481584650320e-001 	-2.9169676557796000e-004 	1.0839311908092519e-001
9.8400000000000006e+001 	1.0551263737150306e-001 	-2.9170335424234480e-004 	1.0522093401726074e-001
1.0480000000000001e+002 	1.0242140184310693e-001 	-2.9170941376800404e-004 	1.0212969242933892e-001
1.1119999999999999e+002 	9.9418700739928020e-002 	-2.9171444529376404e-004 	9.9126986294634248e-002
1.1759999999999999e+002 	9.6509090234606507e-002 	-2.9171764242472278e-004 	9.6217372592181813e-002
1.2400000000000000e+002 	9.3694880993625385e-002 	-2.9171773737118466e-004 	9.3403163256254140e-002
1.3039999999999998e+002 	9.0976741668960637e-002 	-2.9171290832356064e-004 	9.0685028760637082e-002
1.3680000000000001e+002 	8.8354149947198382e-002 	-2.9170074633028592e-004 	8.8062449200868073e-002
1.4319999999999999e+002 	8.5825727205990257e-002 	-2.9167827055822786e-004 	8.5534048935432011e-002
1.5600000000000000e+002 	8.1092225655219591e-002 	-2.9158246206085288e-004 	8.0800643193158703e-002
1.6880000000000001e+002 	7.6599555425315755e-002 	-2.9139635838240754e-004 	7.6308159066933348e-002
1.8160000000000002e+002 	7.2483849905264616e-002 	-2.9108750032933096e-004 	7.2192762404935315e-002
1.9439999999999998e+002 	6.8669154033012769e-002 	-2.9062412349900395e-004 	6.8378529909513749e-002
2.0719999999999999e+002 	6.5132219354351678e-002 	-2.8997814978460825e-004 	6.4842241204567108e-002
2.2000000000000000e+002 	6.1850617973351361e-002 	-2.8912718347578467e-004 	6.1561490789875571e-002
2.3280000000000001e+002 	5.8803199214490058e-002 	-2.8805556367821040e-004 	5.8515143650811827e-002
2.4560000000000002e+002 	5.5970309549494321e-002 	-2.8675462897243822e-004 	5.5683554920521891e-002
2.5840000000000003e+002 	5.3333861850904350e-002 	-2.8522237551063768e-004 	5.3048639475393726e-002
2.7119999999999999e+002 	5.0877313896035246e-002 	-2.8346268840949185e-004 	5.0593851207625759e-002
2.8400000000000000e+002 	4.8585595741153696e-002 	-2.8148432666069435e-004 	4.8304111414493013e-002
2.9680000000000001e+002 	4.6445011110516216e-002 	-2.7929982390968218e-004 	4.6165711286606535e-002
3.0959999999999997e+002 	4.4443128215189968e-002 	-2.7692442607178891e-004 	4.4166203789118189e-002
3.3519999999999999e+002 	4.0853070909402031e-002 	-2.7169368882289514e-004 	4.0581377220579133e-002
3.6080000000000001e+002 	3.7587271489549282e-002 	-2.6591840857821019e-004 	3.7321353080971072e-002
3.8640000000000003e+002 	3.4746586483205978e-002 	-2.5973073964711478e-004 	3.4486855743558885e-002
4.1200000000000000e+002 	3.2223786630278597e-002 	-2.5325445559666571e-004 	3.1970532174681918e-002
4.3759999999999997e+002 	2.9973920481111131e-002 	-2.4659770167161565e-004 	2.9727322779439527e-002
4.6319999999999999e+002 	2.7959269213974243e-002 	-2.3985102075796570e-004 	2.7719418193216286e-002
4.8880000000000001e+002 	2.6148196935752845e-002 	-2.3308837082444716e-004 	2.5915108564928398e-002
5.1439999999999998e+002 	2.4514099725045480e-002 	-2.2636883366587468e-004 	2.4287730891379613e-002
5.4000000000000000e+002 	2.3034517377017463e-002 	-2.1973823358469510e-004 	2.2814779143432773e-002
5.6560000000000002e+002 	2.1690404424681842e-002 	-2.1323084501588871e-004 	2.1477173579665949e-002
5.9119999999999993e+002 	2.0465538087081164e-002 	-2.0687128882612967e-004 	2.0258666798255033e-002
6.1680000000000007e+002 	1.9346038448570513e-002 	-2.0067643737677293e-004 	1.9145362011193739e-002
6.6800000000000000e+002 	1.7400875817396147e-002 	-1.8882418762592381e-004 	1.7212051629770218e-002
7.1919999999999993e+002 	1.5683557097532757e-002 	-1.7769756374349374e-004 	1.5505859533789260e-002
7.7039999999999998e+002 	1.4245775867942487e-002 	-1.6729202866618451e-004 	1.4078483839276301e-002
8.2160000000000002e+002 	1.3006486784245784e-002 	-1.5758079421712668e-004 	1.2848905990028660e-002
8.7280000000000007e+002 	1.1929896440180939e-002 	-1.4852406315328493e-004 	1.1781372377027652e-002
9.2400000000000000e+002 	1.0987802691727867e-002 	-1.4007645913734399e-004 	1.0847726232590525e-002
9.7519999999999993e+002 	1.0157889486133212e-002 	-1.3219132281226702e-004 	1.0025698163320945e-002
1.0264000000000001e+003 	9.4223574212589940e-003 	-1.2482298060384061e-004 	9.2975344406551544e-003
1.0775999999999999e+003 	8.7668783517863228e-003 	-1.1792809227078548e-004 	8.6489502595155331e-003
1.1288000000000000e+003 	8.1798105272398551e-003 	-1.1146647191033265e-004 	8.0683440553295238e-003
1.1800000000000000e+003 	7.6516101549755399e-003 	-1.0540147687672951e-004 	7.5462086780988102e-003
1.2824000000000001e+003 	6.7518608918597711e-003 	-9.4293290841550076e-005 	6.6575676010182218e-003
1.3848000000000000e+003 	5.9743727350051682e-003 	-8.4417671647353120e-005 	5.8899550633578161e-003
1.4872000000000000e+003 	5.3391147352927215e-003 	-7.5612009452731465e-005 	5.2635027258399920e-003
1.5895999999999999e+003 	4.8023209213488138e-003 	-6.7735161479318172e-005 	4.7345857598694958e-003
1.6920000000000000e+003 	4.3442513429287734e-003 	-6.0666149770944465e-005 	4.2835851931578286e-003
1.7944000000000001e+003 	3.9499141980462223e-003 	-5.4306195158223422e-005 	3.8956080028879985e-003
1.8968000000000000e+003 	3.6078161955337140e-003 	-4.8576057175568991e-005 	3.5592401383581444e-003
1.9992000000000000e+003 	3.3090268518431928e-003 	-4.3410470903167954e-005 	3.2656163809400250e-003
2.1015999999999999e+003 	3.0465066534690532e-003 	-3.8753668245134845e-005 	3.0077529852239201e-003
2.2040000000000000e+003 	2.8146298675617767e-003 	-3.4556782294478246e-005 	2.7800730852672977e-003
2.3064000000000001e+003 	2.6088440739642170e-003 	-3.0776366281801633e-005 	2.5780677076824164e-003
2.5112000000000003e+003 	2.2647636189793300e-003 	-2.4257041354515639e-005 	2.2405065776248149e-003
2.7160000000000000e+003 	1.9747703583886649e-003 	-1.8985432965623222e-005 	1.9557849254230415e-003
2.9207999999999997e+003 	1.7443359469405107e-003 	-1.4757254638709415e-005 	1.7295786923018010e-003
3.1255999999999999e+003 	1.5546060689537885e-003 	-1.1375896645924867e-005 	1.5432301723078635e-003
3.3304000000000001e+003 	1.3966460683099986e-003 	-8.6759393512719572e-006 	1.3879701289587266e-003
3.5352000000000003e+003 	1.2637556791038884e-003 	-6.5264623038947135e-006 	1.2572292167999939e-003
3.7400000000000000e+003 	1.1508735502665610e-003 	-4.8219074841039580e-006 	1.1460516427824570e-003
3.9447999999999997e+003 	1.0541338683889988e-003 	-3.4753785997118996e-006 	1.0506584897892869e-003
4.1496000000000004e+003 	9.7054859961549116e-004 	-2.4154772285838996e-006 	9.6813312238690739e-004
4.3543999999999996e+003 	8.9778161729105622e-004 	-1.5841548604419318e-006 	8.9619746243061447e-004
4.5591999999999998e+003 	8.3398719918555836e-004 	-9.3463216665236415e-007 	8.3305256701890560e-004
4.7640000000000000e+003 	7.7769315324563079e-004 	-4.2941849815831368e-007 	7.7726373474747222e-004
4.9688000000000002e+003 	7.2771505311271841e-004 	-3.8568598613474343e-008 	7.2767648451410485e-004
5.3783999999999996e+003 	6.4395106946160392e-004 	5.2149436096159572e-007 	6.4447256382256534e-004
5.7880000000000000e+003 	5.7262955676054160e-004 	8.3441858276807039e-007 	5.7346397534330967e-004
6.1976000000000004e+003 	5.1531269782639322e-004 	9.8938442593757288e-007 	5.1630208225233087e-004
6.6071999999999998e+003 	4.6734150444275224e-004 	1.0543049709954933e-006 	4.6839580941374781e-004
7.0168000000000002e+003 	4.2661815627019327e-004 	1.0673186184911636e-006 	4.2768547488868439e-004
7.4264000000000005e+003 	3.9161096098093548e-004 	1.0496598026248560e-006 	3.9266062078356032e-004
7.8360000000000000e+003 	3.6119038737259803e-004 	1.0146328859630389e-006 	3.6220502025856088e-004
8.2456000000000004e+003 	3.3451019986144716e-004 	9.7076289304895454e-007 	3.3548096275449606e-004
8.6552000000000007e+003 	3.1092491786460487e-004 	9.2325495341136672e-007 	3.1184817281801618e-004
9.0647999999999993e+003 	2.8993326012975999e-004 	8.7511695984305676e-007 	2.9080837708960307e-004
9.4743999999999996e+003 	2.7113930313606350e-004 	8.2800057611562130e-007 	2.7196730371217907e-004
1.0293600000000000e+004 	2.3945078981250353e-004 	7.4740680251142498e-007 	2.4019819661501499e-004
1.1112799999999999e+004 	2.1188593256378608e-004 	6.6389895129151964e-007 	2.1254983151507755e-004
1.1932000000000000e+004 	1.8960131586291849e-004 	5.8952080579248107e-007 	1.9019083666871100e-004
1.2751200000000001e+004 	1.7082042441621495e-004 	5.2725312132235576e-007 	1.7134767753753733e-004
1.3570400000000000e+004 	1.5481912162007861e-004 	4.7346697409651358e-007 	1.5529258859417518e-004
1.4389600000000000e+004 	1.4105411146491352e-004 	4.2585224776302715e-007 	1.4147996371267655e-004
1.5208799999999999e+004 	1.2911263174671112e-004 	3.8352870720114901e-007 	1.2949616045391228e-004
1.6027999999999998e+004 	1.1867614755764214e-004 	3.4597272256208005e-007 	1.1902212028020424e-004
1.6847200000000001e+004 	1.0949498668116080e-004 	3.1269222210170265e-007 	1.0980767890326252e-004
1.7666399999999998e+004 	1.0137065992643815e-004 	2.8321789764604469e-007 	1.0165387782408414e-004
1.8485600000000002e+004 	9.4143387865103923e-005 	2.5712278779793697e-007 	9.4400510652901885e-005
2.0124000000000000e+004 	8.2102395621863944e-005 	2.1664413085876582e-007 	8.2319039752722702e-005
2.1762399999999998e+004 	7.1708703184934135e-005 	1.7882540337082824e-007 	7.1887528588304974e-005
2.3400799999999999e+004 	6.3453497982478987e-005 	1.5078409766946373e-007 	6.3604282080148474e-005
2.5039200000000001e+004 	5.6592083172109746e-005 	1.3007254413658143e-007 	5.6722155716246338e-005
2.6677600000000002e+004 	5.0822740727682542e-005 	1.1381767029391399e-007 	5.0936558397976466e-005
2.8316000000000000e+004 	4.5920608784448777e-005 	1.0085374153389177e-007 	4.6021462525982662e-005
-2600 0
-2.6000000000000000e+003 0.0000000000000000e+000 0.0000000000000000e+000
1
1 1 1 1
1
         t, ms                         dVp, mV                         dVs, mV                         dV, mV
5.0000000000000000e-001 	1.1037266996812205e-001 	-2.9029041143565097e-004 	1.1008237955668641e-001
5.9999999999999998e-001 	1.1051154623532562e-001 	-2.9029041149036621e-004 	1.1022125582383527e-001
6.9999999999999996e-001 	1.1060283511041159e-001 	-2.9029041174313504e-004 	1.1031254469866848e-001
8.0000000000000004e-001 	1.1067472187519604e-001 	-2.9029041210212647e-004 	1.1038443146309392e-001
9.0000000000000002e-001 	1.1073553579454004e-001 	-2.9029041242537024e-004 	1.1044524538211468e-001
1.0000000000000000e+000 	1.1078847569296463e-001 	-2.9029041258971875e-004 	1.1049818528037492e-001
1.1000000000000001e+000 	1.1083524128383745e-001 	-2.9029041253087156e-004 	1.1054495087130656e-001
1.2000000000000000e+000 	1.1087696580889771e-001 	-2.9029041225106240e-004 	1.1058667539664663e-001
1.3000000000000000e+000 	1.1091449040961016e-001 	-2.9029041180484214e-004 	1.1062419999780530e-001
1.3999999999999999e+000 	1.1094846873927647e-001 	-2.9029041127573923e-004 	1.1065817832800069e-001
1.6000000000000001e+000 	1.1207774191597435e-001 	-2.9029041038601929e-004 	1.1178745150558834e-001
1.8000000000000000e+000 	1.1105877904265879e-001 	-2.9029040995763838e-004 	1.1076848863270117e-001
2.0000000000000000e+000 	1.1110212601824274e-001 	-2.9029041014065675e-004 	1.1081183560810212e-001
2.2000000000000002e+000 	1.1113981666739862e-001 	-2.9029041085916371e-004 	1.1084952625653947e-001
2.3999999999999999e+000 	1.1117298937621521e-001 	-2.9029041189708178e-004 	1.1088269896431814e-001
2.6000000000000001e+000 	1.1120249063099517e-001 	-2.9029041300020415e-004 	1.1091220021799493e-001
2.7999999999999998e+000 	1.1122895942173273e-001 	-2.9029041395470202e-004 	1.1093866900777803e-001
3.0000000000000000e+000 	1.1125288723604436e-001 	-2.9029041462845712e-004 	1.1096259682141588e-001
3.2000000000000002e+000 	1.1127465921231521e-001 	-2.9029041497848703e-004 	1.1098436879733670e-001
3.3999999999999999e+000 	1.1129458226505184e-001 	-2.9029041503539100e-004 	1.1100429185001644e-001
3.6000000000000001e+000 	1.1131290457554739e-001 	-2.9029041487675742e-004 	1.1102261416067065e-001
4.0000000000000000e+000 	1.1173716804408289e-001 	-2.9029041437505100e-004 	1.1144687762970779e-001
4.4000000000000004e+000 	1.1137413514133696e-001 	-2.9029041390569581e-004 	1.1108384472743128e-001
4.7999999999999998e+000 	1.1139903566468426e-001 	-2.9029041361362606e-004 	1.1110874525107069e-001
5.2000000000000002e+000 	1.1142114291460180e-001 	-2.9029041332353253e-004 	1.1113085250127826e-001
5.5999999999999996e+000 	1.1144105059388842e-001 	-2.9029041264738465e-004 	1.1115076018124101e-001
6.0000000000000000e+000 	1.1145925538195606e-001 	-2.9029041114792068e-004 	1.1116896497080810e-001
6.4000000000000004e+000 	1.1147617468719044e-001 	-2.9029040849189939e-004 	1.1118588427869856e-001
6.7999999999999998e+000 	1.1149215305376547e-001 	-2.9029040455501781e-004 	1.1120186264921042e-001
7.2000000000000002e+000 	1.1150746288977270e-001 	-2.9029039946651164e-004 	1.1121717249030620e-001
7.5999999999999996e+000 	1.1152230445439254e-001 	-2.9029039359945442e-004 	1.1123201406079310e-001
8.0000000000000000e+000 	1.1153680799591260e-001 	-2.9029038752185457e-004 	1.1124651760839074e-001
8.8000000000000007e+000 	1.1177871814783372e-001 	-2.9029037842342027e-004 	1.1148842776941027e-001
9.5999999999999996e+000 	1.1159169724073836e-001 	-2.9029037673667263e-004 	1.1130140686400171e-001
1.0400000000000000e+001 	1.1161638152127899e-001 	-2.9029038609335197e-004 	1.1132609113518563e-001
1.1199999999999999e+001 	1.1163810940861893e-001 	-2.9029040818493330e-004 	1.1134781900043403e-001
1.2000000000000000e+001 	1.1165585416211998e-001 	-2.9029044241069365e-004 	1.1136556371970931e-001
1.2800000000000001e+001 	1.1166858932839148e-001 	-2.9029048603985497e-004 	1.1137829884235162e-001
1.3600000000000000e+001 	1.1167536662117473e-001 	-2.9029053471089314e-004 	1.1138507608646382e-001
1.4400000000000000e+001 	1.1167535497904175e-001 	-2.9029058309113453e-004 	1.1138506439595058e-001
1.5199999999999999e+001 	1.1166785166905242e-001 	-2.9029062555290214e-004 	1.1137756104349951e-001
1.6000000000000000e+001 	1.1165227634815320e-001 	-2.9029065676918988e-004 	1.1136198569138402e-001
1.6800000000000001e+001 	1.1162815665836240e-001 	-2.9029067217683916e-004 	1.1133786598618553e-001
1.7600000000000001e+001 	1.1159511113969912e-001 	-2.9029066829056391e-004 	1.1130482047140854e-001
1.8399999999999999e+001 	1.1155283285069971e-001 	-2.9029064287493879e-004 	1.1126254220782476e-001
2.0000000000000000e+001 	1.1155576924605171e-001 	-2.9029052683486362e-004 	1.1126547871921685e-001
2.1600000000000001e+001 	1.1128683229315793e-001 	-2.9029033389473772e-004 	1.1099654195926317e-001
2.3199999999999999e+001 	1.1109425535524885e-001 	-2.9029008508529126e-004 	1.1080396527016362e-001
2.4800000000000001e+001 	1.1086131208152787e-001 	-2.9028980971276190e-004 	1.1057102227181513e-001
2.6399999999999999e+001 	1.1058800344870201e-001 	-2.9028954122859352e-004 	1.1029771390747341e-001
2.8000000000000000e+001 	1.1027469537397000e-001 	-2.9028931320131650e-004 	1.0998440606076862e-001
2.9600000000000001e+001 	1.0992209079300604e-001 	-2.9028915602202413e-004 	1.0963180163698404e-001
3.1199999999999999e+001 	1.0953119800343775e-001 	-2.9028909456391497e-004 	1.0924090890887378e-001
3.2800000000000004e+001 	1.0910329466061848e-001 	-2.9028914678215999e-004 	1.0881300551383633e-001
3.4399999999999999e+001 	1.0863988794102775e-001 	-2.9028932312297277e-004 	1.0834959861790475e-001
3.6000000000000000e+001 	1.0814267242484764e-001 	-2.9028962656710316e-004 	1.0785238279828052e-001
3.7600000000000001e+001 	1.0761348765763434e-001 	-2.9029005313162840e-004 	1.0732319760450269e-001
4.0800000000000004e+001 	1.0651538055543741e-001 	-2.9029120478347179e-004 	1.0622508935065397e-001
4.4000000000000000e+001 	1.0522293939996297e-001 	-2.9029264506529230e-004 	1.0493264675489768e-001
4.7199999999999996e+001 	1.0388841774442650e-001 	-2.9029419896752596e-004 	1.0359812354545897e-001
5.0399999999999999e+001 	1.0248128716039855e-001 	-2.9029566986710215e-004 	1.0219099149053144e-001
5.3600000000000001e+001 	1.0101579913965116e-001 	-2.9029685726869380e-004 	1.0072550228238240e-001
5.6800000000000004e+001 	9.9505001150505409e-002 	-2.9029757008708172e-004 	9.9214703580418340e-002
6.0000000000000000e+001 	9.7960578831308279e-002 	-2.9029763534058344e-004 	9.7670281195967684e-002
6.3200000000000003e+001 	9.6392819325363449e-002 	-2.9029690318253072e-004 	9.6102522422180925e-002
6.6400000000000006e+001 	9.4810653303755210e-002 	-2.9029524952801694e-004 	9.4520358054227246e-002
6.9599999999999994e+001 	9.3221744750661251e-002 	-2.9029257736212717e-004 	9.2931452173299109e-002
7.2799999999999997e+001 	9.1632606104810485e-002 	-2.9028881741603252e-004 	9.1342317287394489e-002
7.9200000000000003e+001 	8.8505429570245223e-002 	-2.9027791586519171e-004 	8.8215151654380028e-002
8.5599999999999994e+001 	8.5379469734402441e-002 	-2.9026264280457623e-004 	8.5089207091597840e-002
9.2000000000000000e+001 	8.2353343138294899e-002 	-2.9024336776116861e-004 	8.2063099770533748e-002
9.8400000000000006e+001 	7.9416763921893563e-002 	-2.9022066064766331e-004 	7.9126543261245880e-002
1.0480000000000001e+002 	7.6579583434206913e-002 	-2.9019513806054947e-004 	7.6289388296146399e-002
1.1119999999999999e+002 	7.3847401115505057e-002 	-2.9016725360280019e-004 	7.3557233861902258e-002
1.1759999999999999e+002 	7.1222689186105859e-002 	-2.9013707038810576e-004 	7.0932552115717751e-002
1.2400000000000000e+002 	6.8705688517758753e-002 	-2.9010406033768733e-004 	6.8415584457421089e-002
1.3039999999999998e+002 	6.6295083214960249e-002 	-2.9006695890490129e-004 	6.6005016256055343e-002
1.3680000000000001e+002 	6.3988494862794842e-002 	-2.9002368401887402e-004 	6.3698471178775959e-002
1.4319999999999999e+002 	6.1782839806481922e-002 	-2.8997131921456936e-004 	6.1492868487267344e-002
1.5600000000000000e+002 	5.7700330591785247e-002 	-2.8981739352520536e-004 	5.7410513198260064e-002
1.6880000000000001e+002 	5.3883634154818547e-002 	-2.8957124914800173e-004 	5.3594062905670536e-002
1.8160000000000002e+002 	5.0439581027143646e-002 	-2.8919335370632132e-004 	5.0150387673437324e-002
1.9439999999999998e+002 	4.7293026844972864e-002 	-2.8864363921530205e-004 	4.7004383205757554e-002
2.0719999999999999e+002 	4.4415771394685194e-002 	-2.8788564112411136e-004 	4.4127885753561101e-002
2.2000000000000000e+002 	4.1781646065935700e-002 	-2.8688947168910571e-004 	4.1494756594246583e-002
2.3280000000000001e+002 	3.9366750158909045e-002 	-2.8563353640275867e-004 	3.9081116622506282e-002
2.4560000000000002e+002 	3.7149470724845639e-002 	-2.8410512507087780e-004 	3.6865365599774769e-002
2.5840000000000003e+002 	3.5110384121202050e-002 	-2.8230011073755094e-004 	3.4828084010464506e-002
2.7119999999999999e+002 	3.3232098856613615e-002 	-2.8022202136197268e-004 	3.2951876835251630e-002
2.8400000000000000e+002 	3.1499074966713649e-002 	-2.7788075058599059e-004 	3.1221194216127658e-002
2.9680000000000001e+002 	2.9897439965791747e-002 	-2.7529113988470293e-004 	2.9622148825907038e-002
3.0959999999999997e+002 	2.8414812165685685e-002 	-2.7247160142133584e-004 	2.8142340564264342e-002
3.3519999999999999e+002 	2.5794564911092395e-002 	-2.6625624471100198e-004 	2.5528308666381384e-002
3.6080000000000001e+002 	2.3446904653752678e-002 	-2.5938991738808608e-004 	2.3187514736364590e-002
3.8640000000000003e+002 	2.1443115768438898e-002 	-2.5203547701730327e-004 	2.1191080291421593e-002
4.1200000000000000e+002 	1.9691838784616597e-002 	-2.4434614680730649e-004 	1.9447492637809288e-002
4.3759999999999997e+002 	1.8153012806261339e-002 	-2.3645684673528092e-004 	1.7916555959526070e-002
4.6319999999999999e+002 	1.6793801730456824e-002 	-2.2848127955692231e-004 	1.6565320450899902e-002
4.8880000000000001e+002 	1.5587283771228724e-002 	-2.2051238548802200e-004 	1.5366771385740696e-002
5.1439999999999998e+002 	1.4511304611553767e-002 	-2.1262410852744955e-004 	1.4298680503026316e-002
5.4000000000000000e+002 	1.3547539398757328e-002 	-2.0487354851464441e-004 	1.3342665850242682e-002
5.6560000000000002e+002 	1.2680744974623313e-002 	-1.9730331192139211e-004 	1.2483441662701916e-002
5.9119999999999993e+002 	1.1898168790940834e-002 	-1.8994394680433996e-004 	1.1708224844136493e-002
6.1680000000000007e+002 	1.1189081993685126e-002 	-1.8281626366107001e-004 	1.1006265730024055e-002
6.6800000000000000e+002 	9.9713515860089513e-003 	-1.6930685176567932e-004 	9.8020447342432732e-003
7.1919999999999993e+002 	8.9086488633244466e-003 	-1.5679814191604804e-004 	8.7518507214083968e-003
7.7039999999999998e+002 	8.0318505317003158e-003 	-1.4527649934417908e-004 	7.8865740323561407e-003
8.2160000000000002e+002 	7.2848332855576384e-003 	-1.3469948609125414e-004 	7.1501337994663858e-003
8.7280000000000007e+002 	6.6425447908974554e-003 	-1.2500704373460256e-004 	6.5175377471628528e-003
9.2400000000000000e+002 	6.0856213017164091e-003 	-1.1613086630546968e-004 	5.9694904354109400e-003
9.7519999999999993e+002 	5.5990107751087044e-003 	-1.0800070278315521e-004 	5.4910100723255502e-003
1.0264000000000001e+003 	5.1708995041057524e-003 	-1.0054811284207116e-004 	5.0703513912636810e-003
1.0775999999999999e+003 	4.7919136830783119e-003 	-9.3708565325218202e-005 	4.6982051177530942e-003
1.1288000000000000e+003 	4.4545340384427590e-003 	-8.7422512674588902e-005 	4.3671115257681702e-003
1.1800000000000000e+003 	4.1526664350998730e-003 	-8.1635809476723024e-005 	4.0710306256231503e-003
1.2824000000000001e+003 	3.6420669124708929e-003 	-7.1316278073591070e-005 	3.5707506343973022e-003
1.3848000000000000e+003 	3.2042519222335291e-003 	-6.2475218979125347e-005 	3.1417767032544011e-003
1.4872000000000000e+003 	2.8496875401358727e-003 	-5.4868589286418264e-005 	2.7948189508494544e-003
1.5895999999999999e+003 	2.5522188171153253e-003 	-4.8290211041477208e-005 	2.5039286060738485e-003
1.6920000000000000e+003 	2.2999698043404738e-003 	-4.2569979867849436e-005 	2.2573998244726236e-003
1.7944000000000001e+003 	2.0840212706844351e-003 	-3.7571484193669544e-005 	2.0464497864907650e-003
1.8968000000000000e+003 	1.8976054314446466e-003 	-3.3186437476276041e-005 	1.8644189939683706e-003
1.9992000000000000e+003 	1.7355120917941192e-003 	-2.9327823257009099e-005 	1.7061842685371102e-003
2.1015999999999999e+003 	1.5936679977776754e-003 	-2.5924375567774198e-005 	1.5677436222099014e-003
2.2040000000000000e+003 	1.4688417362915883e-003 	-2.2916819710807839e-005 	1.4459249165807804e-003
2.3064000000000001e+003 	1.3584355259741671e-003 	-2.0255282953016864e-005 	1.3381802430211503e-003
2.5112000000000003e+003 	1.1745959449069683e-003 	-1.5757514956567895e-005 	1.1588384299504003e-003
2.7160000000000000e+003 	1.0204332485426624e-003 	-1.2215345200636658e-005 	1.0082179033420258e-003
2.9207999999999997e+003 	8.9859139318145562e-004 	-9.4368122690239155e-006 	8.8915458091243173e-004
3.1255999999999999e+003 	7.9872275036203886e-004 	-7.2560181347562907e-006 	7.9146673222728271e-004
3.3304000000000001e+003 	7.1590659899112795e-004 	-5.5416440133606504e-006 	7.1036495497776744e-004
3.5352000000000003e+003 	6.4647800019178726e-004 	-4.1939036915728091e-006 	6.4228409650021452e-004
3.7400000000000000e+003 	5.8768596091461677e-004 	-3.1356629587332019e-006 	5.8455029795588369e-004
3.9447999999999997e+003 	5.3744122293919320e-004 	-2.3059954335823702e-006 	5.3513522750561087e-004
4.1496000000000004e+003 	4.9413702980329293e-004 	-1.6565408750306754e-006 	4.9248048892826235e-004
4.3543999999999996e+003 	4.5652273577675702e-004 	-1.1490341176880848e-006 	4.5537370165906897e-004
4.5591999999999998e+003 	4.2361410190966777e-004 	-7.5329175406973262e-007 	4.2286081015559794e-004
4.7640000000000000e+003 	3.9462881569794685e-004 	-4.4553747505680489e-007 	3.9418327822289008e-004
4.9688000000000002e+003 	3.6893945735716574e-004 	-2.0704702493245735e-007 	3.6873241033223312e-004
5.3783999999999996e+003 	3.2597710881175662e-004 	1.3588901468958692e-007 	3.2611299782644613e-004
5.7880000000000000e+003 	2.8947731952916697e-004 	3.3158114596471471e-007 	2.8980890067513160e-004
6.1976000000000004e+003 	2.6022336994345951e-004 	4.3345666023952252e-007 	2.6065682660369902e-004
6.6071999999999998e+003 	2.3578927601893468e-004 	4.8136284198772602e-007 	2.3627063886092251e-004
7.0168000000000002e+003 	2.1508245349695170e-004 	4.9790797524364506e-007 	2.1558036147219540e-004
7.4264000000000005e+003 	1.9730781815070384e-004 	4.9579599524924364e-007 	1.9780361414595312e-004
7.8360000000000000e+003 	1.8188085205738896e-004 	4.8293151399366561e-007 	1.8236378357138264e-004
8.2456000000000004e+003 	1.6836485030767990e-004 	4.6433572693321971e-007 	1.6882918603461309e-004
8.6552000000000007e+003 	1.5642751599570967e-004 	4.4307221783866750e-007 	1.5687058821354835e-004
9.0647999999999993e+003 	1.4581132907085827e-004 	4.2092753710219893e-007 	1.4623225660796035e-004
9.4743999999999996e+003 	1.3631326483894097e-004 	3.9890378318246934e-007 	1.3671216862212341e-004
1.0293600000000000e+004 	1.2031379264157015e-004 	3.6104939895251466e-007 	1.2067484204052264e-004
1.1112799999999999e+004 	1.0640579000843432e-004 	3.2096485178978941e-007 	1.0672675486022410e-004
1.1932000000000000e+004 	9.5174673822840495e-005 	2.8502719804736466e-007 	9.5459701020887913e-005
1.2751200000000001e+004 	8.5716695981324375e-005 	2.5490517898864762e-007 	8.5971601160313011e-005
1.3570400000000000e+004 	7.7663749362251076e-005 	2.2884714039956862e-007 	7.7892596502650638e-005
1.4389600000000000e+004 	7.0740077901136961e-005 	2.0573716346679607e-007 	7.0945815064603720e-005
1.5208799999999999e+004 	6.4736465426725628e-005 	1.8516679791952249e-007 	6.4921632224645151e-005
1.6027999999999998e+004 	5.9491647308692443e-005 	1.6689779130533695e-007 	5.9658545099997784e-005
1.6847200000000001e+004 	5.4879349512354315e-005 	1.5070097915473849e-007 	5.5030050491509059e-005
1.7666399999999998e+004 	5.0799270835613010e-005 	1.3635406108717257e-007 	5.0935624896700181e-005
1.8485600000000002e+004 	4.7170731080243270e-005 	1.2365290127533482e-007 	4.7294383981518624e-005
2.0124000000000000e+004 	4.1127779517571621e-005 	1.0401648965099261e-007 	4.1231796007222612e-005
2.1762399999999998e+004 	3.5912919054211720e-005 	8.5582392955178353e-008 	3.5998501447166908e-005
2.3400799999999999e+004 	3.1772972738470285e-005 	7.1965353285599597e-008 	3.1844938091755889e-005
2.5039200000000001e+004 	2.8333098853264161e-005 	6.1956132857179083e-008 	2.8395054986121347e-005
2.6677600000000002e+004 	2.5441489336234370e-005 	5.4125335020488914e-008 	2.5495614671254853e-005
2.8316000000000000e+004 	2.2985076773184806e-005 	4.7899224378547438e-008 	2.3032975997563356e-005
-2000 0
-2.0000000000000000e+003 0.0000000000000000e+000 0.0000000000000000e+000
1
1 1 1 1
1
         t, ms                         dVp, mV                         dVs, mV                         dV, mV
5.0000000000000000e-001 	2.9778777829691776e-002 	-7.5081421161515834e-006 	2.9771269687575621e-002
5.9999999999999998e-001 	2.9822024013029819e-002 	-7.5081420809738807e-006 	2.9814515870948844e-002
6.9999999999999996e-001 	2.9850451038495488e-002 	-7.5081417114932200e-006 	2.9842942896784002e-002
8.0000000000000004e-001 	2.9872836331744569e-002 	-7.5081411210203497e-006 	2.9865328190623545e-002
9.0000000000000002e-001 	2.9891773685135889e-002 	-7.5081405220683119e-006 	2.9884265544613830e-002
1.0000000000000000e+000 	2.9908259183701005e-002 	-7.5081401232581063e-006 	2.9900751043577763e-002
1.1000000000000001e+000 	2.9922822084768319e-002 	-7.5081400602867387e-006 	2.9915313944708023e-002
1.2000000000000000e+000 	2.9935815254022575e-002 	-7.5081403718620925e-006 	2.9928307113650701e-002
1.3000000000000000e+000 	2.9947500604871904e-002 	-7.5081410099105521e-006 	2.9939992463861982e-002
1.3999999999999999e+000 	2.9958081673300219e-002 	-7.5081418675914286e-006 	2.9950573531432618e-002
1.6000000000000001e+000 	3.0309774361554909e-002 	-7.5081435729167338e-006 	3.0302266217981998e-002
1.8000000000000000e+000 	2.9992433282943473e-002 	-7.5081447678774427e-006 	2.9984925138175605e-002
2.0000000000000000e+000 	3.0005932052172307e-002 	-7.5081450138388395e-006 	2.9998423907158463e-002
2.2000000000000002e+000 	3.0017669441414069e-002 	-7.5081442324448199e-006 	3.0010161297181624e-002
2.3999999999999999e+000 	3.0027999937134196e-002 	-7.5081426333238530e-006 	3.0020491794500878e-002
2.6000000000000001e+000 	3.0037187131392834e-002 	-7.5081405799055656e-006 	3.0029678990812932e-002
2.7999999999999998e+000 	3.0045430003925330e-002 	-7.5081384579475218e-006 	3.0037921865467387e-002
3.0000000000000000e+000 	3.0052881603928192e-002 	-7.5081365812336411e-006 	3.0045373467346953e-002
3.2000000000000002e+000 	3.0059661863167601e-002 	-7.5081351439437839e-006 	3.0052153728023636e-002
3.3999999999999999e+000 	3.0065866354861841e-002 	-7.5081342136974220e-006 	3.0058358220648142e-002
3.6000000000000001e+000 	3.0071572362513364e-002 	-7.5081337525332841e-006 	3.0064064228760817e-002
4.0000000000000000e+000 	3.0203702218801091e-002 	-7.5081336233675164e-006 	3.0196194085177725e-002
4.4000000000000004e+000 	3.0090641191524711e-002 	-7.5081339788193066e-006 	3.0083133057545893e-002
4.7999999999999998e+000 	3.0098396018476754e-002 	-7.5081343656003975e-006 	3.0090887884111153e-002
5.2000000000000002e+000 	3.0105281246537240e-002 	-7.5081348884322092e-006 	3.0097773111648820e-002
5.5999999999999996e+000 	3.0111482264849242e-002 	-7.5081361774623864e-006 	3.0103974128671780e-002
6.0000000000000000e+000 	3.0117154741529206e-002 	-7.5081391649536239e-006 	3.0109646602364253e-002
6.4000000000000004e+000 	3.0122430372059080e-002 	-7.5081447808785548e-006 	3.0114922227278209e-002
6.7999999999999998e+000 	3.0127419098018960e-002 	-7.5081536654692566e-006 	3.0119910944353477e-002
7.2000000000000002e+000 	3.0132209531318514e-002 	-7.5081659630187252e-006 	3.0124701365355496e-002
7.5999999999999996e+000 	3.0136869098712955e-002 	-7.5081812243573133e-006 	3.0129360917488596e-002
8.0000000000000000e+000 	3.0141444793756945e-002 	-7.5081984159453627e-006 	3.0133936595341006e-002
8.8000000000000007e+000 	3.0217026328945747e-002 	-7.5082296798404864e-006 	3.0209518099265902e-002
9.5999999999999996e+000 	3.0159201039702991e-002 	-7.5082468331705174e-006 	3.0151692792869819e-002
1.0400000000000000e+001 	3.0167619312110594e-002 	-7.5082374067823873e-006 	3.0160111074703812e-002
1.1199999999999999e+001 	3.0175517733753543e-002 	-7.5081928228938383e-006 	3.0168009540930650e-002
1.2000000000000000e+001 	3.0182687982826820e-002 	-7.5081104773734822e-006 	3.0175179872349446e-002
1.2800000000000001e+001 	3.0188925811835972e-002 	-7.5079943345838386e-006 	3.0181417817501395e-002
1.3600000000000000e+001 	3.0194052699093477e-002 	-7.5078542388051547e-006 	3.0186544844854658e-002
1.4400000000000000e+001 	3.0197926391334215e-002 	-7.5077043504521877e-006 	3.0190418686983772e-002
1.5199999999999999e+001 	3.0200443506732760e-002 	-7.5075611630257318e-006 	3.0192935945569738e-002
1.6000000000000000e+001 	3.0201537309399909e-002 	-7.5074414951751789e-006 	3.0194029867904735e-002
1.6800000000000001e+001 	3.0201173056675922e-002 	-7.5073607385565582e-006 	3.0193665695937361e-002
1.7600000000000001e+001 	3.0199342509409591e-002 	-7.5073315204746604e-006 	3.0191835177889113e-002
1.8399999999999999e+001 	3.0196058535614842e-002 	-7.5073628366423658e-006 	3.0188551172778192e-002
2.0000000000000000e+001 	3.0222014075310485e-002 	-7.5076190821341229e-006 	3.0214506456228356e-002
2.1600000000000001e+001 	3.0169308809627017e-002 	-7.5081101592233231e-006 	3.0161800699467785e-002
2.3199999999999999e+001 	3.0148447587031772e-002 	-7.5087802555420935e-006 	3.0140938806776225e-002
2.4800000000000001e+001 	3.0123215919042177e-002 	-7.5095461781189212e-006 	3.0115706372864062e-002
2.6399999999999999e+001 	3.0094099246982593e-002 	-7.5103113684521704e-006 	3.0086588935614132e-002
2.8000000000000000e+001 	3.0061567695723913e-002 	-7.5109796545448716e-006 	3.0054056716069370e-002
2.9600000000000001e+001 	3.0026060454900590e-002 	-7.5114661992420082e-006 	3.0018548988701339e-002
3.1199999999999999e+001 	2.9987976687655838e-002 	-7.5117047632555346e-006 	2.9980464982892592e-002
3.2800000000000004e+001 	2.9947671036101454e-002 	-7.5116513920202791e-006 	2.9940159384709442e-002
3.4399999999999999e+001 	2.9905452271084751e-002 	-7.5112851449358519e-006 	2.9897940985939800e-002
3.6000000000000000e+001 	2.9861584058567384e-002 	-7.5106066669983122e-006 	2.9854073451900390e-002
3.7600000000000001e+001 	2.9816287129566556e-002 	-7.5096353841166556e-006 	2.9808777494182447e-002
4.0800000000000004e+001 	2.9737261903636698e-002 	-7.5070335715908904e-006 	2.9729754870065097e-002
4.4000000000000000e+001 	2.9624133857242069e-002 	-7.5038440766580246e-006 	2.9616630013165411e-002
4.7199999999999996e+001 	2.9522502478377361e-002 	-7.5004993210141005e-006 	2.9515001979056342e-002
5.0399999999999999e+001 	2.9417635088029196e-002 	-7.4974377067681019e-006 	2.9410137650322438e-002
5.3600000000000001e+001 	2.9309601936798931e-002 	-7.4950579689346454e-006 	2.9302106878830010e-002
5.6800000000000004e+001 	2.9198328807010877e-002 	-7.4936908449511114e-006 	2.9190835116165929e-002
6.0000000000000000e+001 	2.9083659470264398e-002 	-7.4935860854308746e-006 	2.9076165884178981e-002
6.3200000000000003e+001 	2.8965405399701168e-002 	-7.4949112476665597e-006 	2.8957910488453500e-002
6.6400000000000006e+001 	2.8843381911860155e-002 	-7.4977584222502506e-006 	2.8835884153437911e-002
6.9599999999999994e+001 	2.8717432210349884e-002 	-7.5021554701989185e-006 	2.8709930054879675e-002
7.2799999999999997e+001 	2.8587441592650951e-002 	-7.5080790574525654e-006 	2.8579933513593503e-002
7.9200000000000003e+001 	2.8321733218812331e-002 	-7.5240979091045955e-006 	2.8314209120903228e-002
8.5599999999999994e+001 	2.8026781192921665e-002 	-7.5450990781342355e-006 	2.8019236093843530e-002
9.2000000000000000e+001 	2.7723011709828764e-002 	-7.5701974594019554e-006 	2.7715441512369359e-002
9.8400000000000006e+001 	2.7405020525746438e-002 	-7.5984383201273210e-006 	2.7397422087426310e-002
1.0480000000000001e+002 	2.7074282422931958e-002 	-7.6288626717820932e-006 	2.7066653560260188e-002
1.1119999999999999e+002 	2.6732453923225551e-002 	-7.6605485153741206e-006 	2.6724793374710190e-002
1.1759999999999999e+002 	2.6381261389161935e-002 	-7.6926447508637082e-006 	2.6373568744411085e-002
1.2400000000000000e+002 	2.6022415839952236e-002 	-7.7244118257145681e-006 	2.6014691428126506e-002
1.3039999999999998e+002 	2.5657554144732555e-002 	-7.7552699612867366e-006 	2.5649798874771271e-002
1.3680000000000001e+002 	2.5288202494704929e-002 	-7.7848448399519000e-006 	2.5280417649864974e-002
1.4319999999999999e+002 	2.4915756970371766e-002 	-7.8129997175716000e-006 	2.4907943970654201e-002
1.5600000000000000e+002 	2.4176260918036797e-002 	-7.8664928912212295e-006 	2.4168394425145564e-002
1.6880000000000001e+002 	2.3420709003782732e-002 	-7.9196762055703959e-006 	2.3412789327577160e-002
1.8160000000000002e+002 	2.2680645928142784e-002 	-7.9786031077172307e-006 	2.2672667325035065e-002
1.9439999999999998e+002 	2.1952540075369949e-002 	-8.0505580828194500e-006 	2.1944489517287134e-002
2.0719999999999999e+002 	2.1240122271335416e-002 	-8.1430180959964774e-006 	2.1231979253239417e-002
2.2000000000000000e+002 	2.0546102383849980e-002 	-8.2627488363668925e-006 	2.0537839635013603e-002
2.3280000000000001e+002 	1.9872362959575469e-002 	-8.4151786240802944e-006 	1.9863947780951380e-002
2.4560000000000002e+002 	1.9220133208029212e-002 	-8.6040800269574315e-006 	1.9211529128002260e-002
2.5840000000000003e+002 	1.8590133691764987e-002 	-8.8315150213445317e-006 	1.8581302176743638e-002
2.7119999999999999e+002 	1.7982692543262221e-002 	-9.0979665088497714e-006 	1.7973594576753373e-002
2.8400000000000000e+002 	1.7397837345586118e-002 	-9.4025771572607680e-006 	1.7388434768428860e-002
2.9680000000000001e+002 	1.6835367320349050e-002 	-9.7434312791655596e-006 	1.6825623889069882e-002
3.0959999999999997e+002 	1.6294909967921708e-002 	-1.0117835203141881e-005 	1.6284792132718568e-002
3.3519999999999999e+002 	1.5289048219676440e-002 	-1.0949372122899853e-005 	1.5278098847553540e-002
3.6080000000000001e+002 	1.4339818448370218e-002 	-1.1872078572839032e-005 	1.4327946369797376e-002
3.8640000000000003e+002 	1.3477743376114938e-002 	-1.2859233475121096e-005 	1.3464884142639817e-002
4.1200000000000000e+002 	1.2685174941549865e-002 	-1.3885113273496455e-005 	1.2671289828276373e-002
4.3759999999999997e+002 	1.1956411021462793e-002 	-1.4926221894576455e-005 	1.1941484799568216e-002
4.6319999999999999e+002 	1.1285935782368809e-002 	-1.5962164103777602e-005 	1.1269973618265034e-002
4.8880000000000001e+002 	1.0668539918719994e-002 	-1.6976213850735227e-005 	1.0651563704869261e-002
5.1439999999999998e+002 	1.0099383972097626e-002 	-1.7955297904500537e-005 	1.0081428674193123e-002
5.4000000000000000e+002 	9.5740232144754193e-003 	-1.8889518616748923e-005 	9.5551336958586731e-003
5.6560000000000002e+002 	9.0884077867333761e-003 	-1.9771571669849080e-005 	9.0686362150635275e-003
5.9119999999999993e+002 	8.6388677757564345e-003 	-2.0596267230935155e-005 	8.6182715085254998e-003
6.1680000000000007e+002 	8.2220898219661324e-003 	-2.1360168924418160e-005 	8.2007296530417148e-003
6.6800000000000000e+002 	7.4842020319798195e-003 	-2.2699216096115161e-005 	7.4615028158837027e-003
7.1919999999999993e+002 	6.8208753111806382e-003 	-2.3789590065738209e-005 	6.7970857211149000e-003
7.7039999999999998e+002 	6.2531424054235209e-003 	-2.4639941919284004e-005 	6.2285024635042362e-003
8.2160000000000002e+002 	5.7554184499249532e-003 	-2.5264752430260514e-005 	5.7301536974946905e-003
8.7280000000000007e+002 	5.3166590631744236e-003 	-2.5682654964055074e-005 	5.2909764082103693e-003
9.2400000000000000e+002 	4.9278028125332215e-003 	-2.5914721669609250e-005 	4.9018880908636145e-003
9.7519999999999993e+002 	4.5814206008609575e-003 	-2.5982626631979304e-005 	4.5554379742289777e-003
1.0264000000000001e+003 	4.2714031019193991e-003 	-2.5907266820566602e-005 	4.2454958350988323e-003
1.0775999999999999e+003 	3.9927021308990840e-003 	-2.5708070542207121e-005 	3.9669940603568746e-003
1.1288000000000000e+003 	3.7411229990983634e-003 	-2.5402772394683696e-005 	3.7157202267036806e-003
1.1800000000000000e+003 	3.5131597630971719e-003 	-2.5007393968422196e-005 	3.4881523691287510e-003
1.2824000000000001e+003 	3.1213848944669424e-003 	-2.4015851825779119e-005 	3.0973690426411640e-003
1.3848000000000000e+003 	2.7795876078738316e-003 	-2.2814768731625599e-005 	2.7567728391422069e-003
1.4872000000000000e+003 	2.4972921589069517e-003 	-2.1478788151739107e-005 	2.4758133707552124e-003
1.5895999999999999e+003 	2.2567044024233776e-003 	-2.0067270179397578e-005 	2.2366371322439793e-003
1.6920000000000000e+003 	2.0498742533722053e-003 	-1.8624739669500704e-005 	2.0312495137027034e-003
1.7944000000000001e+003 	1.8706679495889330e-003 	-1.7185165430606861e-005 	1.8534827841583264e-003
1.8968000000000000e+003 	1.7143160069985803e-003 	-1.5774695051447734e-005 	1.6985413119471329e-003
1.9992000000000000e+003 	1.5770660013006603e-003 	-1.4412778763100343e-005 	1.5626532225375602e-003
2.1015999999999999e+003 	1.4559277607694866e-003 	-1.3113074459321250e-005 	1.4428146863101651e-003
2.2040000000000000e+003 	1.3484888593663564e-003 	-1.1884509061823821e-005 	1.3366043503045320e-003
2.3064000000000001e+003 	1.2527807303554126e-003 	-1.0732309777640464e-005 	1.2420484205777720e-003
2.5112000000000003e+003 	1.0920234345367197e-003 	-8.6572130140643430e-006 	1.0833662215226556e-003
2.7160000000000000e+003 	9.5579131588553171e-004 	-6.8885200686113729e-006 	9.4890279581692012e-004
2.9207999999999997e+003 	8.4690817924898247e-004 	-5.4100569850562144e-006 	8.4149812226392672e-004
3.1255999999999999e+003 	7.5682724561212781e-004 	-4.1882092160440766e-006 	7.5263903639608346e-004
3.3304000000000001e+003 	6.8151481445810223e-004 	-3.1867840487284219e-006 	6.7832803040937387e-004
3.5352000000000003e+003 	6.1792181644973964e-004 	-2.3731671945504912e-006 	6.1554864925518905e-004
3.7400000000000000e+003 	5.6372826375635811e-004 	-1.7178827918158207e-006 	5.6201038096454262e-004
3.9447999999999997e+003 	5.1715075937015754e-004 	-1.1942046771482300e-006 	5.1595655469300933e-004
4.1496000000000004e+003 	4.7680308748012637e-004 	-7.7854604631134252e-007 	4.7602454143381490e-004
4.3543999999999996e+003 	4.4159614652996789e-004 	-4.5072262359251748e-007 	4.4114542390637543e-004
4.5591999999999998e+003 	4.1066576019278453e-004 	-1.9384340919183263e-007 	4.1047191678359282e-004
4.7640000000000000e+003 	3.8332001972495613e-004 	6.0246586999453322e-009 	3.8332604438365606e-004
4.9688000000000002e+003 	3.5900037182953537e-004 	1.6026581713958914e-007 	3.5916063764667485e-004
5.3783999999999996e+003 	3.1815103608113382e-004 	3.8014235851481767e-007 	3.1853117843964857e-004
5.7880000000000000e+003 	2.8329225006782342e-004 	4.9909024670981255e-007 	2.8379134031453326e-004
6.1976000000000004e+003 	2.5520301721065875e-004 	5.5324800007358959e-007 	2.5575626521073228e-004
6.6071999999999998e+003 	2.3164608298945866e-004 	5.7093857301712866e-007 	2.3221702156247574e-004
7.0168000000000002e+003 	2.1161428655814844e-004 	5.6784667883692066e-007 	2.1218213323698538e-004
7.4264000000000005e+003 	1.9436973041609074e-004 	5.5259403355680883e-007 	1.9492232444964750e-004
7.8360000000000000e+003 	1.7936652966172030e-004 	5.3063517862791905e-007 	1.7989716484034815e-004
8.2456000000000004e+003 	1.6619455371512956e-004 	5.0550715920069492e-007 	1.6670006087433028e-004
8.6552000000000007e+003 	1.5454019674262354e-004 	4.7937171797763560e-007 	1.5501956846060118e-004
9.0647999999999993e+003 	1.4415939352093918e-004 	4.5346258392062776e-007 	1.4461285610485979e-004
9.4743999999999996e+003 	1.3485902139783314e-004 	4.2843705018295598e-007 	1.3528745844801606e-004
1.0293600000000000e+004 	1.1916310062998938e-004 	3.8580443789477514e-007 	1.1954890506788412e-004
1.1112799999999999e+004 	1.0550067929956643e-004 	3.4245403584974681e-007 	1.0584313333541614e-004
1.1932000000000000e+004 	9.4443240622250400e-005 	3.0406816132128769e-007 	9.4747308783571675e-005
1.2751200000000001e+004 	8.5117331666054597e-005 	2.7196665278333766e-007 	8.5389298318837927e-005
1.3570400000000000e+004 	7.7166655536650407e-005 	2.4427498312477354e-007 	7.7410930519775185e-005
1.4389600000000000e+004 	7.0323490314938957e-005 	2.1980066198477163e-007 	7.0543290976923754e-005
1.5208799999999999e+004 	6.4384164345247005e-005 	1.9807328905339692e-007 	6.4582237634300366e-005
1.6027999999999998e+004 	5.9191318830693641e-005 	1.7880851761932727e-007 	5.9370127348312968e-005
1.6847200000000001e+004 	5.4621491842700151e-005 	1.6174417775455500e-007 	5.4783236020454727e-005
1.7666399999999998e+004 	5.0576448541652461e-005 	1.4663380101552154e-007 	5.0723082342668005e-005
1.8485600000000002e+004 	4.6977054640970284e-005 	1.3325496965534291e-007 	4.7110309610625611e-005
2.0124000000000000e+004 	4.0978017035875545e-005 	1.1243905281191190e-007 	4.1090456088687462e-005
2.1762399999999998e+004 	3.5798385260860328e-005 	9.3075174676129797e-008 	3.5891460435536451e-005
2.3400799999999999e+004 	3.1682578259016916e-005 	7.8668546077285121e-008 	3.1761246805094214e-005
2.5039200000000001e+004 	2.8260630266537271e-005 	6.7981368673483999e-008 	2.8328611635210761e-005
2.6677600000000002e+004 	2.5382589199971651e-005 	5.9570271980101221e-008 	2.5442159471951765e-005
2.8316000000000000e+004 	2.2936632357119442e-005 	5.2843653693930761e-008 	2.2989476010813370e-005
