-1800 0
-1.8000000000000027e+003 0.0000000000000000e+000 0.0000000000000000e+000
1
1 1 1 1
1
         t, ms                         dVp, mV                         dVs, mV                         dV, mV
5.0000000000000000e-001 	1.3769920912653474e-001 	-2.8832094889130646e-004 	1.3741088817764346e-001
5.9999999999999998e-001 	1.3787825850265220e-001 	-2.8832094883618855e-004 	1.3758993755381602e-001
6.9999999999999996e-001 	1.3799595432713166e-001 	-2.8832094867872618e-004 	1.3770763337845293e-001
8.0000000000000004e-001 	1.3808863565248694e-001 	-2.8832094848720219e-004 	1.3780031470399984e-001
9.0000000000000002e-001 	1.3816704122713716e-001 	-2.8832094834807472e-004 	1.3787872027878909e-001
1.0000000000000000e+000 	1.3823529517360350e-001 	-2.8832094832353011e-004 	1.3794697422528004e-001
1.1000000000000001e+000 	1.3829558884805926e-001 	-2.8832094843189514e-004 	1.3800726789962736e-001
1.2000000000000000e+000 	1.3834938327918639e-001 	-2.8832094864975381e-004 	1.3806106233053667e-001
1.3000000000000000e+000 	1.3839776290739839e-001 	-2.8832094892661399e-004 	1.3810944195847169e-001
1.3999999999999999e+000 	1.3844157045677138e-001 	-2.8832094920283271e-004 	1.3815324950756860e-001
1.6000000000000001e+000 	1.3989755019818761e-001 	-2.8832094952926137e-004 	1.3960922924865826e-001
1.8000000000000000e+000 	1.3858379153178615e-001 	-2.8832094949086625e-004 	1.3829547058229535e-001
2.0000000000000000e+000 	1.3863967815284464e-001 	-2.8832094911504448e-004 	1.3835135720372946e-001
2.2000000000000002e+000 	1.3868827223114130e-001 	-2.8832094855172280e-004 	1.3839995128258945e-001
2.3999999999999999e+000 	1.3873104144821854e-001 	-2.8832094799134938e-004 	1.3844272050022724e-001
2.6000000000000001e+000 	1.3876907715091585e-001 	-2.8832094759392754e-004 	1.3848075620332195e-001
2.7999999999999998e+000 	1.3880320316913064e-001 	-2.8832094744993221e-004 	1.3851488222168071e-001
3.0000000000000000e+000 	1.3883405316390215e-001 	-2.8832094757350941e-004 	1.3854573221632863e-001
3.2000000000000002e+000 	1.3886212368297926e-001 	-2.8832094791806273e-004 	1.3857380273506120e-001
3.3999999999999999e+000 	1.3888781042267354e-001 	-2.8832094840206164e-004 	1.3859948947427145e-001
3.6000000000000001e+000 	1.3891143335596309e-001 	-2.8832094893514927e-004 	1.3862311240702790e-001
4.0000000000000000e+000 	1.3945843954760434e-001 	-2.8832094982170903e-004 	1.3917011859778264e-001
4.4000000000000004e+000 	1.3899037803179201e-001 	-2.8832095037531030e-004 	1.3870205708141667e-001
4.7999999999999998e+000 	1.3902248247566198e-001 	-2.8832095061552857e-004 	1.3873416152504636e-001
5.2000000000000002e+000 	1.3905098587267309e-001 	-2.8832095070162263e-004 	1.3876266492197148e-001
5.5999999999999996e+000 	1.3907665421686394e-001 	-2.8832095079876232e-004 	1.3878833326606521e-001
6.0000000000000000e+000 	1.3910012894303594e-001 	-2.8832095097188989e-004 	1.3881180799206400e-001
6.4000000000000004e+000 	1.3912195005230360e-001 	-2.8832095114119494e-004 	1.3883362910116248e-001
6.7999999999999998e+000 	1.3914256461392693e-001 	-2.8832095109894998e-004 	1.3885424366282800e-001
7.2000000000000002e+000 	1.3916232791837665e-001 	-2.8832095056832171e-004 	1.3887400696780841e-001
7.5999999999999996e+000 	1.3918150362324588e-001 	-2.8832094927911972e-004 	1.3889318267396675e-001
8.0000000000000000e+000 	1.3920026660613027e-001 	-2.8832094703876973e-004 	1.3891194565909148e-001
8.8000000000000007e+000 	1.3951242522536278e-001 	-2.8832093992801753e-004 	1.3922410428543477e-001
9.5999999999999996e+000 	1.3927175123627020e-001 	-2.8832093088141980e-004 	1.3898343030538882e-001
1.0400000000000000e+001 	1.3930436861619133e-001 	-2.8832092288987726e-004 	1.3901604769330145e-001
1.1199999999999999e+001 	1.3933361134116873e-001 	-2.8832091956066752e-004 	1.3904529042160810e-001
1.2000000000000000e+001 	1.3935827953749397e-001 	-2.8832092417878586e-004 	1.3906995861331511e-001
1.2800000000000001e+001 	1.3937717955791815e-001 	-2.8832093889387178e-004 	1.3908885861902429e-001
1.3600000000000000e+001 	1.3938922167356668e-001 	-2.8832096422123113e-004 	1.3910090070934553e-001
1.4400000000000000e+001 	1.3939346860463900e-001 	-2.8832099890809671e-004 	1.3910514760573095e-001
1.5199999999999999e+001 	1.3938914866909749e-001 	-2.8832104011815697e-004 	1.3910082762897932e-001
1.6000000000000000e+001 	1.3937564733372548e-001 	-2.8832108383610865e-004 	1.3908732624988929e-001
1.6800000000000001e+001 	1.3935248797732278e-001 	-2.8832112538209123e-004 	1.3906416685194070e-001
1.7600000000000001e+001 	1.3931930914762389e-001 	-2.8832115993967546e-004 	1.3903098798768423e-001
1.8399999999999999e+001 	1.3927584259768941e-001 	-2.8832118302714196e-004 	1.3898752141466220e-001
2.0000000000000000e+001 	1.3930770253775773e-001 	-2.8832117854075663e-004 	1.3901938135921693e-001
2.1600000000000001e+001 	1.3899591727027752e-001 	-2.8832110073956450e-004 	1.3870759616953790e-001
2.3199999999999999e+001 	1.3879172014178104e-001 	-2.8832095055270263e-004 	1.3850339919122825e-001
2.4800000000000001e+001 	1.3854474858380253e-001 	-2.8832074149890221e-004 	1.3825642784230369e-001
2.6399999999999999e+001 	1.3825549109375215e-001 	-2.8832049693262900e-004 	1.3796717059681959e-001
2.8000000000000000e+001 	1.3792474410358679e-001 	-2.8832024599039597e-004 	1.3763642385759636e-001
2.9600000000000001e+001 	1.3755357419332664e-001 	-2.8832001943830313e-004 	1.3726525417388838e-001
3.1199999999999999e+001 	1.3714328437144449e-001 	-2.8831984611503236e-004 	1.3685496452532944e-001
3.2800000000000004e+001 	1.3669538091795549e-001 	-2.8831975028930718e-004 	1.3640706116766624e-001
3.4399999999999999e+001 	1.3621153919857715e-001 	-2.8831974999388269e-004 	1.3592321944858329e-001
3.6000000000000000e+001 	1.3569356856396175e-001 	-2.8831985624480476e-004 	1.3540524870771684e-001
3.7600000000000001e+001 	1.3514337736831064e-001 	-2.8832007298062497e-004 	1.3485505729533007e-001
4.0800000000000004e+001 	1.3401661336661416e-001 	-2.8832080476448563e-004 	1.3372829256184962e-001
4.4000000000000000e+001 	1.3266629565612822e-001 	-2.8832185719117256e-004 	1.3237797379893698e-001
4.7199999999999996e+001 	1.3128644287744132e-001 	-2.8832309824884791e-004 	1.3099811977919254e-001
5.0399999999999999e+001 	1.2983192452155473e-001 	-2.8832437107499025e-004 	1.2954360015047975e-001
5.3600000000000001e+001 	1.2831636417848688e-001 	-2.8832551251691956e-004 	1.2802803866596996e-001
5.6800000000000004e+001 	1.2675217096222882e-001 	-2.8832636728549622e-004 	1.2646384459494328e-001
6.0000000000000000e+001 	1.2515043174206533e-001 	-2.8832679696572274e-004 	1.2486210494509964e-001
6.3200000000000003e+001 	1.2352090723049761e-001 	-2.8832668491173761e-004 	1.2323258054558583e-001
6.6400000000000006e+001 	1.2187209240624508e-001 	-2.8832593859300207e-004 	1.2158376646765208e-001
6.9599999999999994e+001 	1.2021131377945064e-001 	-2.8832449070780979e-004 	1.1992298928874284e-001
7.2799999999999997e+001 	1.1854484424355188e-001 	-2.8832229979192434e-004 	1.1825652194375992e-001
7.9200000000000003e+001 	1.1525185570749436e-001 	-2.8831569766957601e-004 	1.1496354000982477e-001
8.5599999999999994e+001 	1.1192633069260548e-001 	-2.8830636395909930e-004 	1.1163802432864633e-001
9.2000000000000000e+001 	1.0868481584650470e-001 	-2.8829474808365289e-004 	1.0839652109842104e-001
9.8400000000000006e+001 	1.0551263737150450e-001 	-2.8828140696902157e-004 	1.0522435596453550e-001
1.0480000000000001e+002 	1.0242140184310831e-001 	-2.8826683068745585e-004 	1.0213313501242084e-001
1.1119999999999999e+002 	9.9418700739929367e-002 	-2.8825123341998186e-004 	9.9130449506509385e-002
1.1759999999999999e+002 	9.6509090234607811e-002 	-2.8823435351010742e-004 	9.6220855881097744e-002
1.2400000000000000e+002 	9.3694880993626661e-002 	-2.8821530898981207e-004 	9.3406665684636805e-002
1.3039999999999998e+002 	9.0976741668961872e-002 	-2.8819252732453332e-004 	9.0688549141637334e-002
1.3680000000000001e+002 	8.8354149947199603e-002 	-2.8816374001376205e-004 	8.8065986207185837e-002
1.4319999999999999e+002 	8.5825727205991423e-002 	-2.8812602564612551e-004 	8.5537601180345257e-002
1.5600000000000000e+002 	8.1092225655220659e-002 	-2.8800381246462759e-004 	8.0804221842756041e-002
1.6880000000000001e+002 	7.6599555425316768e-002 	-2.8779642406121127e-004 	7.6311759001255572e-002
1.8160000000000002e+002 	7.2483849905265574e-002 	-2.8747090040505104e-004 	7.2196379004860547e-002
1.9439999999999998e+002 	6.8669154033013657e-002 	-2.8699489300249237e-004 	6.8382159140011181e-002
2.0719999999999999e+002 	6.5132219354352539e-002 	-2.8633969435493768e-004 	6.4845879659997607e-002
2.2000000000000000e+002 	6.1850617973352139e-002 	-2.8548224314230077e-004 	6.1565135730209858e-002
2.3280000000000001e+002 	5.8803199214490794e-002 	-2.8440617721862515e-004 	5.8518793037272164e-002
2.4560000000000002e+002 	5.5970309549495036e-002 	-2.8310210450926211e-004 	5.5687207444985773e-002
2.5840000000000003e+002 	5.3333861850905030e-002 	-2.8156727780459306e-004 	5.3052294573100435e-002
2.7119999999999999e+002 	5.0877313896035892e-002 	-2.7980485134080469e-004 	5.0597509044695087e-002
2.8400000000000000e+002 	4.8585595741154307e-002 	-2.7782289446937156e-004 	4.8307772846684971e-002
2.9680000000000001e+002 	4.6445011110516791e-002 	-2.7563331972036169e-004 	4.6169377790796447e-002
3.0959999999999997e+002 	4.4443128215190524e-002 	-2.7325084250541282e-004 	4.4169877372685101e-002
3.3519999999999999e+002 	4.0853070909402517e-002 	-2.6799807625016599e-004 	4.0585072833152332e-002
3.6080000000000001e+002 	3.7587271489549726e-002 	-2.6218950585392208e-004 	3.7325081983695808e-002
3.8640000000000003e+002 	3.4746586483206388e-002 	-2.5595700921424424e-004 	3.4490629473992160e-002
4.1200000000000000e+002 	3.2223786630278972e-002 	-2.4942520379164849e-004 	3.1974361426487311e-002
4.3759999999999997e+002 	2.9973920481111482e-002 	-2.4270395741560850e-004 	2.9731216523695873e-002
4.6319999999999999e+002 	2.7959269213974562e-002 	-2.3588609603394410e-004 	2.7723383117940616e-002
4.8880000000000001e+002 	2.6148196935753140e-002 	-2.2904811692267766e-004 	2.5919148818830454e-002
5.1439999999999998e+002 	2.4514099725045750e-002 	-2.2225164975422790e-004 	2.4291848075291528e-002
5.4000000000000000e+002 	2.3034517377017720e-002 	-2.1554489671818733e-004 	2.2818972480299536e-002
5.6560000000000002e+002 	2.1690404424682085e-002 	-2.0896422669890776e-004 	2.1481440197983169e-002
5.9119999999999993e+002 	2.0465538087081386e-002 	-2.0253601226496819e-004 	2.0263002074816419e-002
6.1680000000000007e+002 	1.9346038448570722e-002 	-1.9627851669279321e-004 	1.9149759931877928e-002
6.6800000000000000e+002 	1.7400875817396331e-002 	-1.8432347345885127e-004 	1.7216552343937475e-002
7.1919999999999993e+002 	1.5683557097532923e-002 	-1.7312581966570081e-004 	1.5510431277867222e-002
7.7039999999999998e+002 	1.4245775867942640e-002 	-1.6268191765899875e-004 	1.4083093950283640e-002
8.2160000000000002e+002 	1.3006486784245923e-002 	-1.5296376834704947e-004 	1.2853523015898873e-002
8.7280000000000007e+002 	1.1929896440181059e-002 	-1.4392890010854410e-004 	1.1785967540072516e-002
9.2400000000000000e+002 	1.0987802691727984e-002 	-1.3552844468879376e-004 	1.0852274247039183e-002
9.7519999999999993e+002 	1.0157889486133316e-002 	-1.2771194141572234e-004 	1.0030177544717592e-002
1.0264000000000001e+003 	9.4223574212590911e-003 	-1.2042995487530026e-004 	9.3019274663837925e-003
1.0775999999999999e+003 	8.7668783517864113e-003 	-1.1363563450380845e-004 	8.6532427172825981e-003
1.1288000000000000e+003 	8.1798105272399384e-003 	-1.0728564505212318e-004 	8.0725248821878169e-003
1.1800000000000000e+003 	7.6516101549756179e-003 	-1.0134059517597064e-004 	7.5502695597996477e-003
1.2824000000000001e+003 	6.7518608918598370e-003 	-9.0485989249350146e-005 	6.6613749026104884e-003
1.3848000000000000e+003 	5.9743727350052272e-003 	-8.0874122989360583e-005 	5.8934986120158682e-003
1.4872000000000000e+003 	5.3391147352927753e-003 	-7.2332849480353394e-005 	5.2667818858124224e-003
1.5895999999999999e+003 	4.8023209213488606e-003 	-6.4714179356640018e-005 	4.7376067419922212e-003
1.6920000000000000e+003 	4.3442513429288168e-003 	-5.7892584592965711e-005 	4.2863587583358495e-003
1.7944000000000001e+003 	3.9499141980462605e-003 	-5.1766482587962395e-005 	3.8981477154582979e-003
1.8968000000000000e+003 	3.6078161955337500e-003 	-4.6255090939047481e-005 	3.5615611045947009e-003
1.9992000000000000e+003 	3.3090268518432249e-003 	-4.1292489649854148e-005 	3.2677343621933708e-003
2.1015999999999999e+003 	3.0465066534690831e-003 	-3.6822866419190727e-005 	3.0096837870498927e-003
2.2040000000000000e+003 	2.8146298675618036e-003 	-3.2797721897970077e-005 	2.7818321456638336e-003
2.3064000000000001e+003 	2.6088440739642418e-003 	-2.9174245717522225e-005 	2.5796698282467192e-003
2.5112000000000003e+003 	2.2647636189793516e-003 	-2.2928917828856460e-005 	2.2418347011504956e-003
2.7160000000000000e+003 	1.9747703583886831e-003 	-1.7883070032825464e-005 	1.9568872883558583e-003
2.9207999999999997e+003 	1.7443359469405271e-003 	-1.3839370872565434e-005 	1.7304965760679618e-003
3.1255999999999999e+003 	1.5546060689538030e-003 	-1.0607923309068614e-005 	1.5439981456447350e-003
3.3304000000000001e+003 	1.3966460683100118e-003 	-8.0293875472840478e-006 	1.3886166807627275e-003
3.5352000000000003e+003 	1.2637556791039002e-003 	-5.9781299525331952e-006 	1.2577775491513668e-003
3.7400000000000000e+003 	1.1508735502665716e-003 	-4.3530621261363366e-006 	1.1465204881404355e-003
3.9447999999999997e+003 	1.0541338683890088e-003 	-3.0709892033291403e-006 	1.0510628791856802e-003
4.1496000000000004e+003 	9.7054859961550027e-004 	-2.0635316664923041e-006 	9.6848506794900801e-004
4.3543999999999996e+003 	8.9778161729106446e-004 	-1.2750761432267882e-006 	8.9650654114783795e-004
4.5591999999999998e+003 	8.3398719918556605e-004 	-6.6079157190714307e-007 	8.3332640761365898e-004
4.7640000000000000e+003 	7.7769315324563795e-004 	-1.8473712318701380e-007 	7.7750841612245040e-004
4.9688000000000002e+003 	7.2771505311272524e-004 	1.8180459684007928e-007 	7.2789685770956538e-004
5.3783999999999996e+003 	6.4395106946160978e-004 	7.0330748156405738e-007 	6.4465437694317376e-004
5.7880000000000000e+003 	5.7262955676054680e-004 	9.8814628939847712e-007 	5.7361770304994552e-004
6.1976000000000004e+003 	5.1531269782639799e-004 	1.1221318233976131e-006 	5.1643482964979556e-004
6.6071999999999998e+003 	4.6734150444275658e-004 	1.1708666951670784e-006 	4.6851237113792359e-004
7.0168000000000002e+003 	4.2661815627019728e-004 	1.1709765440725049e-006 	4.2778913281426982e-004
7.4264000000000005e+003 	3.9161096098093906e-004 	1.1427255591169534e-006 	3.9275368654005611e-004
7.8360000000000000e+003 	3.6119038737260128e-004 	1.0987970342390782e-006 	3.6228918440684023e-004
8.2456000000000004e+003 	3.3451019986145019e-004 	1.0473113858556035e-006 	3.3555751124730583e-004
8.6552000000000007e+003 	3.1092491786460769e-004 	9.9320144188672058e-007 	3.1191811930649438e-004
9.0647999999999993e+003 	2.8993326012976265e-004 	9.3928415238542758e-007 	2.9087254428214807e-004
9.4743999999999996e+003 	2.7113930313606588e-004 	8.8707200688862527e-007 	2.7202637514295460e-004
1.0293600000000000e+004 	2.3945078981250567e-004 	7.9786052517935973e-007 	2.4024865033768505e-004
1.1112799999999999e+004 	2.1188593256378800e-004 	7.0748027811172749e-007 	2.1259341284189976e-004
1.1932000000000000e+004 	1.8960131586292020e-004 	6.2756815515719325e-007 	1.9022888401807740e-004
1.2751200000000001e+004 	1.7082042441621655e-004 	5.6079890672009378e-007 	1.7138122332293660e-004
1.3570400000000000e+004 	1.5481912162008005e-004 	5.0331861430309791e-007 	1.5532244023438313e-004
1.4389600000000000e+004 	1.4105411146491482e-004 	4.5264963005481420e-007 	1.4150676109496961e-004
1.5208799999999999e+004 	1.2911263174671231e-004 	4.0778160372207733e-007 	1.2952041335043439e-004
1.6027999999999998e+004 	1.1867614755764321e-004 	3.6808790466341370e-007 	1.1904423546230660e-004
1.6847200000000001e+004 	1.0949498668116179e-004 	3.3299562621763283e-007 	1.0982798230737942e-004
1.7666399999999998e+004 	1.0137065992643907e-004 	3.0197241779367827e-007 	1.0167263234423273e-004
1.8485600000000002e+004 	9.4143387865104803e-005 	2.7454193859622497e-007 	9.4417929803701034e-005
2.0124000000000000e+004 	8.2102395621864676e-005 	2.3186713345858049e-007 	8.2334262755323306e-005
2.1762399999999998e+004 	7.1708703184934785e-005 	1.9233522652300818e-007 	7.1901038411457786e-005
2.3400799999999999e+004 	6.3453497982479584e-005 	1.6291861902256077e-007 	6.3616416601502138e-005
2.5039200000000001e+004 	5.6592083172110268e-005 	1.4107716513520187e-007 	5.6733160337245455e-005
2.6677600000000002e+004 	5.0822740727683003e-005 	1.2387649902408562e-007 	5.0946617226707085e-005
2.8316000000000000e+004 	4.5920608784449190e-005 	1.1010533877320889e-007 	4.6030714123222400e-005
-2100 0
-2.1000000000000027e+003 0.0000000000000000e+000 0.0000000000000000e+000
1
1 1 1 1
1
         t, ms                         dVp, mV                         dVs, mV                         dV, mV
5.0000000000000000e-001 	1.1037266996812499e-001 	-2.8972292044017283e-004 	1.1008294704768477e-001
5.9999999999999998e-001 	1.1051154623532855e-001 	-2.8972292049280255e-004 	1.1022182331483574e-001
6.9999999999999996e-001 	1.1060283511041452e-001 	-2.8972292073103012e-004 	1.1031311218968351e-001
8.0000000000000004e-001 	1.1067472187519897e-001 	-2.8972292106781714e-004 	1.1038499895413112e-001
9.0000000000000002e-001 	1.1073553579454294e-001 	-2.8972292136947699e-004 	1.1044581287317348e-001
1.0000000000000000e+000 	1.1078847569296754e-001 	-2.8972292152061531e-004 	1.1049875277144695e-001
1.1000000000000001e+000 	1.1083524128384038e-001 	-2.8972292146160013e-004 	1.1054551836237878e-001
1.2000000000000000e+000 	1.1087696580890061e-001 	-2.8972292119551176e-004 	1.1058724288770513e-001
1.3000000000000000e+000 	1.1091449040961307e-001 	-2.8972292077450234e-004 	1.1062476748883859e-001
1.3999999999999999e+000 	1.1094846873927940e-001 	-2.8972292027766529e-004 	1.1065874581900169e-001
1.6000000000000001e+000 	1.1207774191597733e-001 	-2.8972291944845191e-004 	1.1178801899652882e-001
1.8000000000000000e+000 	1.1105877904266170e-001 	-2.8972291905828761e-004 	1.1076905612360344e-001
2.0000000000000000e+000 	1.1110212601824571e-001 	-2.8972291924368943e-004 	1.1081240309900195e-001
2.2000000000000002e+000 	1.1113981666740155e-001 	-2.8972291992866597e-004 	1.1085009374747289e-001
2.3999999999999999e+000 	1.1117298937621813e-001 	-2.8972292090673874e-004 	1.1088326645531142e-001
2.6000000000000001e+000 	1.1120249063099813e-001 	-2.8972292193748725e-004 	1.1091276770906067e-001
2.7999999999999998e+000 	1.1122895942173566e-001 	-2.8972292282027789e-004 	1.1093923649891541e-001
3.0000000000000000e+000 	1.1125288723604733e-001 	-2.8972292343259879e-004 	1.1096316431261467e-001
3.2000000000000002e+000 	1.1127465921231815e-001 	-2.8972292373636552e-004 	1.1098493628858179e-001
3.3999999999999999e+000 	1.1129458226505477e-001 	-2.8972292376268702e-004 	1.1100485934129213e-001
3.6000000000000001e+000 	1.1131290457555031e-001 	-2.8972292358642952e-004 	1.1102318165196394e-001
4.0000000000000000e+000 	1.1173716804408584e-001 	-2.8972292306540435e-004 	1.1144744512102039e-001
4.4000000000000004e+000 	1.1137413514133991e-001 	-2.8972292258152508e-004 	1.1108441221875838e-001
4.7999999999999998e+000 	1.1139903566468722e-001 	-2.8972292227066572e-004 	1.1110931274241655e-001
5.2000000000000002e+000 	1.1142114291460471e-001 	-2.8972292196895514e-004 	1.1113141999263582e-001
5.5999999999999996e+000 	1.1144105059389137e-001 	-2.8972292131719334e-004 	1.1115132767257417e-001
6.0000000000000000e+000 	1.1145925538195900e-001 	-2.8972291991618307e-004 	1.1116953246204281e-001
6.4000000000000004e+000 	1.1147617468719337e-001 	-2.8972291747029197e-004 	1.1118645176972311e-001
6.7999999999999998e+000 	1.1149215305376839e-001 	-2.8972291388365583e-004 	1.1120243013988473e-001
7.2000000000000002e+000 	1.1150746288977563e-001 	-2.8972290929838178e-004 	1.1121773998047725e-001
7.5999999999999996e+000 	1.1152230445439550e-001 	-2.8972290408117252e-004 	1.1123258155031432e-001
8.0000000000000000e+000 	1.1153680799591555e-001 	-2.8972289877328297e-004 	1.1124708509714225e-001
8.8000000000000007e+000 	1.1177871814783666e-001 	-2.8972289127513265e-004 	1.1148899525656152e-001
9.5999999999999996e+000 	1.1159169724074128e-001 	-2.8972289085937137e-004 	1.1130197434988195e-001
1.0400000000000000e+001 	1.1161638152128198e-001 	-2.8972290054859876e-004 	1.1132665862073332e-001
1.1199999999999999e+001 	1.1163810940862187e-001 	-2.8972292144707062e-004 	1.1134838648717482e-001
1.2000000000000000e+001 	1.1165585416212291e-001 	-2.8972295250513695e-004 	1.1136613120961779e-001
1.2800000000000001e+001 	1.1166858932839444e-001 	-2.8972299077538216e-004 	1.1137886633761906e-001
1.3600000000000000e+001 	1.1167536662117769e-001 	-2.8972303197085758e-004 	1.1138564358920684e-001
1.4400000000000000e+001 	1.1167535497904468e-001 	-2.8972307114296823e-004 	1.1138563190790170e-001
1.5199999999999999e+001 	1.1166785166905539e-001 	-2.8972310333651657e-004 	1.1137812856571876e-001
1.6000000000000000e+001 	1.1165227634815615e-001 	-2.8972312413142744e-004 	1.1136255322402475e-001
1.6800000000000001e+001 	1.1162815665836535e-001 	-2.8972313002893150e-004 	1.1133843352833643e-001
1.7600000000000001e+001 	1.1159511113970208e-001 	-2.8972311867653488e-004 	1.1130538802102556e-001
1.8399999999999999e+001 	1.1155283285070265e-001 	-2.8972308894932764e-004 	1.1126310976175334e-001
2.0000000000000000e+001 	1.1155576924605466e-001 	-2.8972297832483755e-004 	1.1126604626772979e-001
2.1600000000000001e+001 	1.1128683229316089e-001 	-2.8972281182035168e-004 	1.1099710948134048e-001
2.3199999999999999e+001 	1.1109425535525178e-001 	-2.8972261136474622e-004 	1.1080453274388706e-001
2.4800000000000001e+001 	1.1086131208153083e-001 	-2.8972240358662968e-004 	1.1057158967794421e-001
2.6399999999999999e+001 	1.1058800344870494e-001 	-2.8972221593593115e-004 	1.1029828123276897e-001
2.8000000000000000e+001 	1.1027469537397287e-001 	-2.8972207344064242e-004 	1.0998497330053217e-001
2.9600000000000001e+001 	1.0992209079300892e-001 	-2.8972199645659573e-004 	1.0963236879655236e-001
3.1199999999999999e+001 	1.0953119800344062e-001 	-2.8972199941957986e-004 	1.0924147600402097e-001
3.2800000000000004e+001 	1.0910329466062131e-001 	-2.8972209043730859e-004 	1.0881357257018402e-001
3.4399999999999999e+001 	1.0863988794103056e-001 	-2.8972227150152755e-004 	1.0835016566952906e-001
3.6000000000000000e+001 	1.0814267242485046e-001 	-2.8972253910784204e-004 	1.0785294988574261e-001
3.7600000000000001e+001 	1.0761348765763715e-001 	-2.8972288510713251e-004 	1.0732376477252999e-001
4.0800000000000004e+001 	1.0651538055544023e-001 	-2.8972374108068952e-004 	1.0622565681435951e-001
4.4000000000000000e+001 	1.0522293939996573e-001 	-2.8972472765673906e-004 	1.0493321467230896e-001
4.7199999999999996e+001 	1.0388841774442915e-001 	-2.8972571537689450e-004 	1.0359869202905229e-001
5.0399999999999999e+001 	1.0248128716040117e-001 	-2.8972657296985545e-004 	1.0219156058743133e-001
5.3600000000000001e+001 	1.0101579913965372e-001 	-2.8972717776636688e-004 	1.0072607196188736e-001
5.6800000000000004e+001 	9.9505001150507949e-002 	-2.8972742129624511e-004 	9.9215273729211739e-002
6.0000000000000000e+001 	9.7960578831310777e-002 	-2.8972721125340299e-004 	9.7670851620057397e-002
6.3200000000000003e+001 	9.6392819325365905e-002 	-2.8972647135579285e-004 	9.6103092854010100e-002
6.6400000000000006e+001 	9.4810653303757611e-002 	-2.8972514050439979e-004 	9.4520928163253234e-002
6.9599999999999994e+001 	9.3221744750663610e-002 	-2.8972317219816028e-004 	9.2932021578465432e-002
7.2799999999999997e+001 	9.1632606104812761e-002 	-2.8972053461299215e-004 	9.1342885570199844e-002
7.9200000000000003e+001 	8.8505429570247415e-002 	-2.8971322490818738e-004 	8.8215716345339229e-002
8.5599999999999994e+001 	8.5379469734404495e-002 	-2.8970333259202541e-004 	8.5089766401812442e-002
9.2000000000000000e+001 	8.2353343138296925e-002 	-2.8969115391096965e-004 	8.2063651984385935e-002
9.8400000000000006e+001 	7.9416763921895506e-002 	-2.8967710132896091e-004 	7.9127086820566558e-002
1.0480000000000001e+002 	7.6579583434208759e-002 	-2.8966157390152730e-004 	7.6289921860307267e-002
1.1119999999999999e+002 	7.3847401115506819e-002 	-2.8964477165777732e-004 	7.3557756343849034e-002
1.1759999999999999e+002 	7.1222689186107552e-002 	-2.8962648825506997e-004 	7.0933062697852475e-002
1.2400000000000000e+002 	6.8705688517760405e-002 	-2.8960592584653200e-004 	6.8416082591913868e-002
1.3039999999999998e+002 	6.6295083214961817e-002 	-2.8958156119013193e-004 	6.6005501653771684e-002
1.3680000000000001e+002 	6.3988494862796327e-002 	-2.8955107237632946e-004 	6.3698943790419987e-002
1.4319999999999999e+002 	6.1782839806483351e-002 	-2.8951132667673807e-004 	6.1493328479806597e-002
1.5600000000000000e+002 	5.7700330591786572e-002 	-2.8938121359938369e-004 	5.7410949378187227e-002
1.6880000000000001e+002 	5.3883634154819754e-002 	-2.8915628493783379e-004 	5.3594477869881918e-002
1.8160000000000002e+002 	5.0439581027144770e-002 	-2.8879615912076210e-004 	5.0150784868024011e-002
1.9439999999999998e+002 	4.7293026844973926e-002 	-2.8826010332629309e-004 	4.7004766741647594e-002
2.0719999999999999e+002 	4.4415771394686165e-002 	-2.8751113818282738e-004 	4.4128260256503356e-002
2.2000000000000000e+002 	4.1781646065936616e-002 	-2.8651897030503482e-004 	4.1495127095631579e-002
2.3280000000000001e+002 	3.9366750158909891e-002 	-2.8526168174624044e-004 	3.9081488477163633e-002
2.4560000000000002e+002 	3.7149470724846437e-002 	-2.8372631109234084e-004 	3.6865744413754085e-002
2.5840000000000003e+002 	3.5110384121202799e-002 	-2.8190855479793837e-004 	3.4828475566404893e-002
2.7119999999999999e+002 	3.3232098856614309e-002 	-2.7981184696176036e-004 	3.2952287009652546e-002
2.8400000000000000e+002 	3.1499074966714308e-002 	-2.7744607816483261e-004 	3.1221628888549471e-002
2.9680000000000001e+002 	2.9897439965792371e-002 	-2.7482618205943403e-004 	2.9622613783732928e-002
3.0959999999999997e+002 	2.8414812165686275e-002 	-2.7197075748289798e-004 	2.8142841408203365e-002
3.3519999999999999e+002 	2.5794564911092933e-002 	-2.6566855236777684e-004 	2.5528896358725149e-002
3.6080000000000001e+002 	2.3446904653753157e-002 	-2.5869760091711284e-004 	2.3188207052836043e-002
3.8640000000000003e+002 	2.1443115768439339e-002 	-2.5122439744491338e-004 	2.1191891370994424e-002
4.1200000000000000e+002 	1.9691838784616989e-002 	-2.4340615999171705e-004 	1.9448432624625277e-002
4.3759999999999997e+002 	1.8153012806261713e-002 	-2.3538183280967021e-004 	1.7917630973452045e-002
4.6319999999999999e+002 	1.6793801730457161e-002 	-2.2726891301162302e-004 	1.6566532817445533e-002
4.8880000000000001e+002 	1.5587283771229027e-002 	-2.1916372633101666e-004 	1.5368120044898010e-002
5.1439999999999998e+002 	1.4511304611554057e-002 	-2.1114309175828468e-004 	1.4300161519795766e-002
5.4000000000000000e+002 	1.3547539398757594e-002 	-2.0326643579823606e-004 	1.3344272962959361e-002
5.6560000000000002e+002 	1.2680744974623558e-002 	-1.9557815230347229e-004 	1.2485166822320088e-002
5.9119999999999993e+002 	1.1898168790941072e-002 	-1.8811007727041079e-004 	1.1710058713670656e-002
6.1680000000000007e+002 	1.1189081993685344e-002 	-1.8088386722288935e-004 	1.1008198126462452e-002
6.6800000000000000e+002 	9.9713515860091455e-003 	-1.6720944361103650e-004 	9.8041421423981142e-003
7.1919999999999993e+002 	8.9086488633246200e-003 	-1.5457756768834773e-004 	8.7540712956362711e-003
7.7039999999999998e+002 	8.0318505317004719e-003 	-1.4297214827623547e-004 	7.8888783834242353e-003
8.2160000000000002e+002 	7.2848332855577781e-003 	-1.3234679609867525e-004 	7.1524864894591039e-003
8.7280000000000007e+002 	6.6425447908975829e-003 	-1.2263671021226215e-004 	6.5199080806853200e-003
9.2400000000000000e+002 	6.0856213017165270e-003 	-1.1376863031310401e-004 	5.9718526714034222e-003
9.7519999999999993e+002 	5.5990107751088102e-003 	-1.0566753691151440e-004 	5.4933432381972956e-003
1.0264000000000001e+003 	5.1708995041058504e-003 	-9.8260640601460818e-005 	5.0726388635043895e-003
1.0775999999999999e+003 	4.7919136830784021e-003 	-9.1479590515829319e-005 	4.7004340925625738e-003
1.1288000000000000e+003 	4.4545340384428422e-003 	-8.5261576077062947e-005 	4.3692724623657815e-003
1.1800000000000000e+003 	4.1526664350999510e-003 	-7.9549722997197518e-005 	4.0731167121027551e-003
1.2824000000000001e+003 	3.6420669124709619e-003 	-6.9389804772153997e-005 	3.5726771076988076e-003
1.3848000000000000e+003 	3.2042519222335889e-003 	-6.0714559287097092e-005 	3.1435373629464898e-003
1.4872000000000000e+003 	2.8496875401359261e-003 	-5.3271980617815511e-005 	2.7964155595181111e-003
1.5895999999999999e+003 	2.5522188171153734e-003 	-4.6850649764352939e-005 	2.5053681673510215e-003
1.6920000000000000e+003 	2.2999698043405167e-003 	-4.1277399437421634e-005 	2.2586924049030946e-003
1.7944000000000001e+003 	2.0840212706844741e-003 	-3.6414303391041708e-005 	2.0476069672934315e-003
1.8968000000000000e+003 	1.8976054314446813e-003 	-3.2152588307758046e-005 	1.8654528431369232e-003
1.9992000000000000e+003 	1.7355120917941515e-003 	-2.8405398447210288e-005 	1.7071066933469410e-003
2.1015999999999999e+003 	1.5936679977777049e-003 	-2.5102013838143686e-005 	1.5685659839395614e-003
2.2040000000000000e+003 	1.4688417362916147e-003 	-2.2183916877538805e-005 	1.4466578194140768e-003
2.3064000000000001e+003 	1.3584355259741920e-003 	-1.9602090131454122e-005 	1.3388334358427378e-003
2.5112000000000003e+003 	1.1745959449069900e-003 	-1.5239086893930701e-005 	1.1593568580130597e-003
2.7160000000000000e+003 	1.0204332485426815e-003 	-1.1803000991324366e-005 	1.0086302475513567e-003
2.9207999999999997e+003 	8.9859139318147231e-004 	-9.1073797696928891e-006 	8.8948401341177924e-004
3.1255999999999999e+003 	7.9872275036205350e-004 	-6.9911389746855148e-006 	7.9173161138736765e-004
3.3304000000000001e+003 	7.1590659899114118e-004 	-5.3269553032542058e-006 	7.1057964368788698e-004
3.5352000000000003e+003 	6.4647800019179929e-004 	-4.0182592451277821e-006 	6.4245974094667127e-004
3.7400000000000000e+003 	5.8768596091462750e-004 	-2.9904575397380798e-006 	5.8469550337488939e-004
3.9447999999999997e+003 	5.3744122293920317e-004 	-2.1846054462267362e-006 	5.3525661749297658e-004
4.1496000000000004e+003 	4.9413702980330215e-004 	-1.5538746934105836e-006 	4.9258315510989151e-004
4.3543999999999996e+003 	4.5652273577676547e-004 	-1.0611777298280953e-006 	4.5546155804693743e-004
4.5591999999999998e+003 	4.2361410190967552e-004 	-6.7723308330827054e-007 	4.2293686882636708e-004
4.7640000000000000e+003 	3.9462881569795396e-004 	-3.7895389310168538e-007 	3.9424986180485236e-004
4.9688000000000002e+003 	3.6893945735717241e-004 	-1.4814245225726336e-007 	3.6879131490491523e-004
5.3783999999999996e+003 	3.2597710881176263e-004 	1.8298506607123819e-007 	3.2616009387783387e-004
5.7880000000000000e+003 	2.8947731952917228e-004 	3.7047081411149643e-007 	2.8984779034328380e-004
6.1976000000000004e+003 	2.6022336994346428e-004 	4.6646522307462059e-007 	2.6068983516653883e-004
6.6071999999999998e+003 	2.3578927601893902e-004 	5.0997837789973270e-007 	2.3629925439683875e-004
7.0168000000000002e+003 	2.1508245349695566e-004 	5.2309861168968256e-007 	2.1560555210864529e-004
7.4264000000000005e+003 	1.9730781815070745e-004 	5.1821458126857575e-007 	1.9782603273197602e-004
7.8360000000000000e+003 	1.8188085205739229e-004 	5.0304050154469295e-007 	1.8238389255893699e-004
8.2456000000000004e+003 	1.6836485030768302e-004 	4.8248049382668817e-007 	1.6884733080150966e-004
8.6552000000000007e+003 	1.5642751599571260e-004 	4.5952324236034739e-007 	1.5688703923807292e-004
9.0647999999999993e+003 	1.4581132907086090e-004 	4.3590456390998503e-007 	1.4624723363477086e-004
9.4743999999999996e+003 	1.3631326483894347e-004 	4.1259022297052715e-007 	1.3672585506191394e-004
1.0293600000000000e+004 	1.2031379264157232e-004 	3.7258131201568092e-007 	1.2068637395358800e-004
1.1112799999999999e+004 	1.0640579000843625e-004 	3.3081531953548058e-007 	1.0673660532797171e-004
1.1932000000000000e+004 	9.5174673822842284e-005 	2.9355879035993463e-007 	9.5468232613202166e-005
1.2751200000000001e+004 	8.5716695981325974e-005 	2.6239660385898980e-007 	8.5979092585184959e-005
1.3570400000000000e+004 	7.7663749362252499e-005 	2.3551411360345575e-007 	7.7899263475855927e-005
1.4389600000000000e+004 	7.0740077901138248e-005 	2.1174784787063597e-007 	7.0951825749008849e-005
1.5208799999999999e+004 	6.4736465426726807e-005 	1.9065230229478040e-007 	6.4927117729021597e-005
1.6027999999999998e+004 	5.9491647308693528e-005 	1.7195981571318356e-007 	5.9663607124406705e-005
1.6847200000000001e+004 	5.4879349512355311e-005 	1.5541819270089383e-007 	5.5034767705056212e-005
1.7666399999999998e+004 	5.0799270835613945e-005 	1.4078733551008790e-007 	5.0940058171124029e-005
1.8485600000000002e+004 	4.7170731080244138e-005 	1.2784939659925313e-007 	4.7298580476843384e-005
2.0124000000000000e+004 	4.1127779517572373e-005 	1.0783804223176933e-007 	4.1235617559804138e-005
2.1762399999999998e+004 	3.5912919054212370e-005 	8.9118918759185598e-008 	3.6002037972971561e-005
2.3400799999999999e+004 	3.1772972738470861e-005 	7.5271682304875426e-008 	3.1848244420775737e-005
2.5039200000000001e+004 	2.8333098853264687e-005 	6.5067217918918902e-008 	2.8398166071183597e-005
2.6677600000000002e+004 	2.5441489336234828e-005 	5.7064495305788777e-008 	2.5498553831540618e-005
2.8316000000000000e+004 	2.2985076773185222e-005 	5.0682058616497719e-008 	2.3035758831801729e-005
-1500 0
-1.5000000000000000e+003 0.0000000000000000e+000 0.0000000000000000e+000
1
1 1 1 1
1
         t, ms                         dVp, mV                         dVs, mV                         dV, mV
5.0000000000000000e-001 	2.9778777829691773e-002 	-4.8874644971407113e-006 	2.9773890365194636e-002
5.9999999999999998e-001 	2.9822024013029812e-002 	-4.8874643926967107e-006 	2.9817136548637130e-002
6.9999999999999996e-001 	2.9850451038495488e-002 	-4.8874640103231167e-006 	2.9845563574485166e-002
8.0000000000000004e-001 	2.9872836331744569e-002 	-4.8874635002802539e-006 	2.9867948868244291e-002
9.0000000000000002e-001 	2.9891773685135889e-002 	-4.8874630752723052e-006 	2.9886886222060628e-002
1.0000000000000000e+000 	2.9908259183701012e-002 	-4.8874629066845747e-006 	2.9903371720794335e-002
1.1000000000000001e+000 	2.9922822084768316e-002 	-4.8874630695259617e-006 	2.9917934621698790e-002
1.2000000000000000e+000 	2.9935815254022575e-002 	-4.8874635378604817e-006 	2.9930927790484698e-002
1.3000000000000000e+000 	2.9947500604871898e-002 	-4.8874642122502512e-006 	2.9942613140659644e-002
1.3999999999999999e+000 	2.9958081673300219e-002 	-4.8874649585112551e-006 	2.9953194208341690e-002
1.6000000000000001e+000 	3.0309774361554909e-002 	-4.8874660718724681e-006 	3.0304886895483028e-002
1.8000000000000000e+000 	2.9992433282943480e-002 	-4.8874664072164618e-006 	2.9987545816536273e-002
2.0000000000000000e+000 	3.0005932052172307e-002 	-4.8874658608966450e-006 	3.0001044586311396e-002
2.2000000000000002e+000 	3.0017669441414069e-002 	-4.8874646527698194e-006 	3.0012781976761306e-002
2.3999999999999999e+000 	3.0027999937134196e-002 	-4.8874631672563682e-006 	3.0023112473966940e-002
2.6000000000000001e+000 	3.0037187131392827e-002 	-4.8874617913524159e-006 	3.0032299669601480e-002
2.7999999999999998e+000 	3.0045430003925337e-002 	-4.8874608057535589e-006 	3.0040542543119587e-002
3.0000000000000000e+000 	3.0052881603928185e-002 	-4.8874603415169665e-006 	3.0047994143586675e-002
3.2000000000000002e+000 	3.0059661863167601e-002 	-4.8874603893305813e-006 	3.0054774402778262e-002
3.3999999999999999e+000 	3.0065866354861841e-002 	-4.8874608394117302e-006 	3.0060978894022417e-002
3.6000000000000001e+000 	3.0071572362513368e-002 	-4.8874615314639976e-006 	3.0066684900981883e-002
4.0000000000000000e+000 	3.0203702218801087e-002 	-4.8874629005182460e-006 	3.0198814755900569e-002
4.4000000000000004e+000 	3.0090641191524711e-002 	-4.8874639073167503e-006 	3.0085753727617397e-002
4.7999999999999998e+000 	3.0098396018476754e-002 	-4.8874644410863155e-006 	3.0093508554035673e-002
5.2000000000000002e+000 	3.0105281246537240e-002 	-4.8874648148373690e-006 	3.0100393781722409e-002
5.5999999999999996e+000 	3.0111482264849242e-002 	-4.8874655341770129e-006 	3.0106594799315056e-002
6.0000000000000000e+000 	3.0117154741529206e-002 	-4.8874670445387389e-006 	3.0112267274484673e-002
6.4000000000000004e+000 	3.0122430372059087e-002 	-4.8874695501582877e-006 	3.0117542902508922e-002
6.7999999999999998e+000 	3.0127419098018960e-002 	-4.8874729385884474e-006 	3.0122531625080350e-002
7.2000000000000002e+000 	3.0132209531318514e-002 	-4.8874768019027214e-006 	3.0127322054516611e-002
7.5999999999999996e+000 	3.0136869098712962e-002 	-4.8874805238866741e-006 	3.0131981618189075e-002
8.0000000000000000e+000 	3.0141444793756945e-002 	-4.8874833976161835e-006 	3.0136557310359337e-002
8.8000000000000007e+000 	3.0217026328945747e-002 	-4.8874835776373095e-006 	3.0212138845368105e-002
9.5999999999999996e+000 	3.0159201039702991e-002 	-4.8874750800928666e-006 	3.0154313564622899e-002
1.0400000000000000e+001 	3.0167619312110591e-002 	-4.8874579540148891e-006 	3.0162731854156584e-002
1.1199999999999999e+001 	3.0175517733753543e-002 	-4.8874346900535471e-006 	3.0170630299063483e-002
1.2000000000000000e+001 	3.0182687982826820e-002 	-4.8874095232179652e-006 	3.0177800573303593e-002
1.2800000000000001e+001 	3.0188925811835975e-002 	-4.8873873883014154e-006 	3.0184038424447671e-002
1.3600000000000000e+001 	3.0194052699093477e-002 	-4.8873728947750124e-006 	3.0189165326198704e-002
1.4400000000000000e+001 	3.0197926391334215e-002 	-4.8873695461679711e-006 	3.0193039021788045e-002
1.5199999999999999e+001 	3.0200443506732760e-002 	-4.8873792942868719e-006 	3.0195556127438471e-002
1.6000000000000000e+001 	3.0201537309399909e-002 	-4.8874024183818256e-006 	3.0196649906981534e-002
1.6800000000000001e+001 	3.0201173056675922e-002 	-4.8874376614440334e-006 	3.0196285619014478e-002
1.7600000000000001e+001 	3.0199342509409595e-002 	-4.8874825343190711e-006 	3.0194455026875278e-002
1.8399999999999999e+001 	3.0196058535614842e-002 	-4.8875337017123678e-006 	3.0191171001913125e-002
2.0000000000000000e+001 	3.0222014075310485e-002 	-4.8876351328128429e-006 	3.0217126440177672e-002
2.1600000000000001e+001 	3.0169308809627014e-002 	-4.8877178594260274e-006 	3.0164421091767590e-002
2.3199999999999999e+001 	3.0148447587031772e-002 	-4.8877618023251532e-006 	3.0143559825229444e-002
2.4800000000000001e+001 	3.0123215919042177e-002 	-4.8877547831758127e-006 	3.0118328164259002e-002
2.6399999999999999e+001 	3.0094099246982586e-002 	-4.8876935273380641e-006 	3.0089211553455248e-002
2.8000000000000000e+001 	3.0061567695723913e-002 	-4.8875827768788134e-006 	3.0056680112947039e-002
2.9600000000000001e+001 	3.0026060454900590e-002 	-4.8874333541647908e-006 	3.0021173021546416e-002
3.1199999999999999e+001 	2.9987976687655845e-002 	-4.8872598514272916e-006 	2.9983089427804407e-002
3.2800000000000004e+001 	2.9947671036101450e-002 	-4.8870784167014625e-006 	2.9942783957684765e-002
3.4399999999999999e+001 	2.9905452271084751e-002 	-4.8869049081119966e-006 	2.9900565366176645e-002
3.6000000000000000e+001 	2.9861584058567391e-002 	-4.8867535302838443e-006 	2.9856697305037105e-002
3.7600000000000001e+001 	2.9816287129566549e-002 	-4.8866359587816726e-006 	2.9811400493607774e-002
4.0800000000000004e+001 	2.9737261903636694e-002 	-4.8865376928688691e-006 	2.9732375365943819e-002
4.4000000000000000e+001 	2.9624133857242069e-002 	-4.8866301708300083e-006 	2.9619247227071242e-002
4.7199999999999996e+001 	2.9522502478377365e-002 	-4.8869071818822164e-006 	2.9517615571195470e-002
5.0399999999999999e+001 	2.9417635088029196e-002 	-4.8873398004355098e-006 	2.9412747748228770e-002
5.3600000000000001e+001 	2.9309601936798931e-002 	-4.8878847306739279e-006 	2.9304714052068272e-002
5.6800000000000004e+001 	2.9198328807010877e-002 	-4.8884929090862969e-006 	2.9193440314101791e-002
6.0000000000000000e+001 	2.9083659470264398e-002 	-4.8891164989101333e-006 	2.9078770353765496e-002
6.3200000000000003e+001 	2.8965405399701168e-002 	-4.8897138275817696e-006 	2.8960515685873576e-002
6.6400000000000006e+001 	2.8843381911860162e-002 	-4.8902524729070740e-006 	2.8838491659387254e-002
6.9599999999999994e+001 	2.8717432210349884e-002 	-4.8907108881173320e-006 	2.8712541499461761e-002
7.2799999999999997e+001 	2.8587441592650951e-002 	-4.8910789013001250e-006 	2.8582550513749652e-002
7.9200000000000003e+001 	2.8321733218812331e-002 	-4.8915787733821727e-006 	2.8316841640038951e-002
8.5599999999999994e+001 	2.8026781192921665e-002 	-4.8918653238780168e-006 	2.8021889327597790e-002
9.2000000000000000e+001 	2.7723011709828764e-002 	-4.8920988759168009e-006 	2.7718119610952840e-002
9.8400000000000006e+001 	2.7405020525746438e-002 	-4.8924347660449530e-006 	2.7400128090980389e-002
1.0480000000000001e+002 	2.7074282422931955e-002 	-4.8929757228239786e-006 	2.7069389447209141e-002
1.1119999999999999e+002 	2.6732453923225551e-002 	-4.8937436468305636e-006 	2.6727560179578731e-002
1.1759999999999999e+002 	2.6381261389161935e-002 	-4.8946812047298679e-006 	2.6376366707957209e-002
1.2400000000000000e+002 	2.6022415839952236e-002 	-4.8956868985473765e-006 	2.6017520153053690e-002
1.3039999999999998e+002 	2.5657554144732555e-002 	-4.8966743443175774e-006 	2.5652657470388234e-002
1.3680000000000001e+002 	2.5288202494704929e-002 	-4.8976376096443455e-006 	2.5283304857095273e-002
1.4319999999999999e+002 	2.4915756970371766e-002 	-4.8987059235574237e-006 	2.4910858264448211e-002
1.5600000000000000e+002 	2.4176260918036794e-002 	-4.9033985458335461e-006 	2.4171357519490969e-002
1.6880000000000001e+002 	2.3420709003782732e-002 	-4.9152985294625853e-006 	2.3415793705253266e-002
1.8160000000000002e+002 	2.2680645928142788e-002 	-4.9407634827527248e-006 	2.2675705164660026e-002
1.9439999999999998e+002 	2.1952540075369956e-002 	-4.9871169825407383e-006 	2.1947552958387420e-002
2.0719999999999999e+002 	2.1240122271335416e-002 	-5.0616832021734656e-006 	2.1235060588133247e-002
2.2000000000000000e+002 	2.0546102383849980e-002 	-5.1709346773473557e-006 	2.0540931449172625e-002
2.3280000000000001e+002 	1.9872362959575469e-002 	-5.3198957060257540e-006 	1.9867043063869438e-002
2.4560000000000002e+002 	1.9220133208029212e-002 	-5.5118418573221063e-006 	1.9214621366171886e-002
2.5840000000000003e+002 	1.8590133691764987e-002 	-5.7482603985447593e-006 	1.8584385431366441e-002
2.7119999999999999e+002 	1.7982692543262221e-002 	-6.0289990458144298e-006 	1.7976663544216408e-002
2.8400000000000000e+002 	1.7397837345586118e-002 	-6.3525248801459753e-006 	1.7391484820705971e-002
2.9680000000000001e+002 	1.6835367320349046e-002 	-6.7162279030103705e-006 	1.6828651092446044e-002
3.0959999999999997e+002 	1.6294909967921711e-002 	-7.1167227433868018e-006 	1.6287793245178324e-002
3.3519999999999999e+002 	1.5289048219676440e-002 	-8.0067643805361220e-006 	1.5281041455295902e-002
3.6080000000000001e+002 	1.4339818448370218e-002 	-8.9935003872276657e-006 	1.4330824947982984e-002
3.8640000000000003e+002 	1.3477743376114936e-002 	-1.0046563049279034e-005 	1.3467696813065661e-002
4.1200000000000000e+002 	1.2685174941549865e-002 	-1.1137336583822202e-005 	1.2674037604966043e-002
4.3759999999999997e+002 	1.1956411021462793e-002 	-1.2240256572170343e-005 	1.1944170764890629e-002
4.6319999999999999e+002 	1.1285935782368809e-002 	-1.3333615453150438e-005 	1.1272602166915661e-002
4.8880000000000001e+002 	1.0668539918719992e-002 	-1.4400002625762132e-005 	1.0654139916094233e-002
5.1439999999999998e+002 	1.0099383972097626e-002 	-1.5426143128439928e-005 	1.0083957828969186e-002
5.4000000000000000e+002 	9.5740232144754193e-003 	-1.6402282994931870e-005 	9.5576209314804858e-003
5.6560000000000002e+002 	9.0884077867333761e-003 	-1.7321489008423580e-005 	9.0710862977249531e-003
5.9119999999999993e+002 	8.6388677757564345e-003 	-1.8179075528613217e-005 	8.6206887002278233e-003
6.1680000000000007e+002 	8.2220898219661324e-003 	-1.8972172537216946e-005 	8.2031176494289162e-003
6.6800000000000000e+002 	7.4842020319798195e-003 	-2.0361483317488750e-005 	7.4638405486623328e-003
7.1919999999999993e+002 	6.8208753111806382e-003 	-2.1493853650717855e-005 	6.7993814575299186e-003
7.7039999999999998e+002 	6.2531424054235200e-003 	-2.2381144488350197e-005 	6.2307612609351698e-003
8.2160000000000002e+002 	5.7554184499249523e-003 	-2.3040391195397334e-005 	5.7323780587295557e-003
8.7280000000000007e+002 	5.3166590631744236e-003 	-2.3492094922629566e-005 	5.2931669682517923e-003
9.2400000000000000e+002 	4.9278028125332215e-003 	-2.3758593660141759e-005 	4.9040442188730817e-003
9.7519999999999993e+002 	4.5814206008609575e-003 	-2.3862347089238830e-005 	4.5575582537717169e-003
1.0264000000000001e+003 	4.2714031019193983e-003 	-2.3824678402810884e-005 	4.2475784235165882e-003
1.0775999999999999e+003 	3.9927021308990831e-003 	-2.3665186420718968e-005 	3.9690369444783623e-003
1.1288000000000000e+003 	3.7411229990983634e-003 	-2.3401601981677121e-005 	3.7177213971166878e-003
1.1800000000000000e+003 	3.5131597630971719e-003 	-2.3049828996853195e-005 	3.4901099341003196e-003
1.2824000000000001e+003 	3.1213848944669424e-003 	-2.2150062386134517e-005 	3.0992348320808081e-003
1.3848000000000000e+003 	2.7795876078738312e-003 	-2.1045519076045797e-005 	2.7585420887977878e-003
1.4872000000000000e+003 	2.4972921589069517e-003 	-1.9808969142731535e-005 	2.4774831897642199e-003
1.5895999999999999e+003 	2.2567044024233776e-003 	-1.8497959230407564e-005 	2.2382064431929697e-003
1.6920000000000000e+003 	2.0498742533722053e-003 	-1.7155392547955863e-005 	2.0327188608242498e-003
1.7944000000000001e+003 	1.8706679495889334e-003 	-1.5813867564913761e-005 	1.8548540820240197e-003
1.8968000000000000e+003 	1.7143160069985803e-003 	-1.4498430679465416e-005 	1.6998175763191152e-003
1.9992000000000000e+003 	1.5770660013006605e-003 	-1.3227692874494259e-005 	1.5638383084261662e-003
2.1015999999999999e+003 	1.4559277607694866e-003 	-1.2014712047102394e-005 	1.4439130487223844e-003
2.2040000000000000e+003 	1.3484888593663564e-003 	-1.0868023644083475e-005 	1.3376208357222725e-003
2.3064000000000001e+003 	1.2527807303554126e-003 	-9.7926382331615166e-006 	1.2429880921222506e-003
2.5112000000000003e+003 	1.0920234345367197e-003 	-7.8559336204304452e-006 	1.0841675009162889e-003
2.7160000000000000e+003 	9.5579131588553160e-004 	-6.2060895616115014e-006 	9.4958522632392019e-004
2.9207999999999997e+003 	8.4690817924898247e-004 	-4.8284054117861936e-006 	8.4207977383719606e-004
3.1255999999999999e+003 	7.5682724561212781e-004 	-3.6911843834801649e-006 	7.5313606122864754e-004
3.3304000000000001e+003 	6.8151481445810234e-004 	-2.7603286622640363e-006 	6.7875448579583829e-004
3.5352000000000003e+003 	6.1792181644973964e-004 	-2.0052977310267845e-006 	6.1591651871871250e-004
3.7400000000000000e+003 	5.6372826375635811e-004 	-1.3985430307714031e-006 	5.6232972072558693e-004
3.9447999999999997e+003 	5.1715075937015754e-004 	-9.1505360600371909e-007 	5.1623570576415380e-004
4.1496000000000004e+003 	4.7680308748012637e-004 	-5.3272328387577899e-007 	4.7627036419625046e-004
4.3543999999999996e+003 	4.4159614652996795e-004 	-2.3261835297232159e-007 	4.4136352817699553e-004
4.5591999999999998e+003 	4.1066576019278453e-004 	1.1127797544386709e-009 	4.1066687297253905e-004
4.7640000000000000e+003 	3.8332001972495613e-004 	1.8154929294693768e-007 	3.8350156901790318e-004
4.9688000000000002e+003 	3.5900037182953537e-004 	3.1937995856787630e-007 	3.5931975178810310e-004
5.3783999999999996e+003 	3.1815103608113382e-004 	5.1286542951945021e-007 	3.1866390151065341e-004
5.7880000000000000e+003 	2.8329225006782342e-004 	6.1221090173216023e-007 	2.8390446096955568e-004
6.1976000000000004e+003 	2.5520301721065875e-004 	6.5148465573590917e-007 	2.5585450186639465e-004
6.6071999999999998e+003 	2.3164608298945866e-004 	6.5755332619274844e-007 	2.3230363631565140e-004
7.0168000000000002e+003 	2.1161428655814844e-004 	6.4512099008489704e-007 	2.1225940754823329e-004
7.4264000000000005e+003 	1.9436973041609074e-004 	6.2216290712424604e-007 	1.9499189332321492e-004
7.8360000000000000e+003 	1.7936652966172030e-004 	5.9370884856298632e-007 	1.7996023851028322e-004
8.2456000000000004e+003 	1.6619455371512956e-004 	5.6301244512350046e-007 	1.6675756616025308e-004
8.6552000000000007e+003 	1.5454019674262354e-004 	5.3204095622301887e-007 	1.5507223769884655e-004
9.0647999999999993e+003 	1.4415939352093918e-004 	5.0189000762806506e-007 	1.4466128352856724e-004
9.4743999999999996e+003 	1.3485902139783316e-004 	4.7311560196266678e-007 	1.3533213699979584e-004
1.0293600000000000e+004 	1.1916310062998938e-004 	4.2411618954641413e-007 	1.1958721681953575e-004
1.1112799999999999e+004 	1.0550067929956643e-004 	3.7565319842040978e-007 	1.0587633249798683e-004
1.1932000000000000e+004 	9.4443240622250400e-005 	3.3311682447952867e-007 	9.4776357446729905e-005
1.2751200000000001e+004 	8.5117331666054584e-005 	2.9760790361680097e-007 	8.5414939569671420e-005
1.3570400000000000e+004 	7.7166655536650407e-005 	2.6709212681845371e-007 	7.7433747663468858e-005
1.4389600000000000e+004 	7.0323490314938957e-005 	2.4025864527129159e-007 	7.0563748960210265e-005
1.5208799999999999e+004 	6.4384164345247005e-005 	2.1654525093513194e-007 	6.4600709596182118e-005
1.6027999999999998e+004 	5.9191318830693634e-005 	1.9559499310652305e-007 	5.9386913823800163e-005
1.6847200000000001e+004 	5.4621491842700158e-005 	1.7708867478481011e-007 	5.4798580517484966e-005
1.7666399999999998e+004 	5.0576448541652461e-005 	1.6073519532361154e-007 	5.0737183736976086e-005
1.8485600000000002e+004 	4.6977054640970291e-005 	1.4627695928424357e-007 	4.7123331600254514e-005
2.0124000000000000e+004 	4.0978017035875545e-005 	1.2367203502298248e-007 	4.1101689070898524e-005
2.1762399999999998e+004 	3.5798385260860328e-005 	1.0290543573745526e-007 	3.5901290696597782e-005
2.3400799999999999e+004 	3.1682578259016916e-005 	8.7374054524395314e-008 	3.1769952313541305e-005
2.5039200000000001e+004 	2.8260630266537267e-005 	7.5768668744355079e-008 	2.8336398935281627e-005
2.6677600000000002e+004 	2.5382589199971651e-005 	6.6597092061221583e-008 	2.5449186292032883e-005
2.8316000000000000e+004 	2.2936632357119442e-005 	5.9230565568913967e-008 	2.2995862922688348e-005
