-1050 0
-1.0500000000000000e+003 0.0000000000000000e+000 0.0000000000000000e+000
1
1 1 1 1
1
         t, ms                         dVp, mV                         dVs, mV                         dV, mV
5.0000000000000000e-001 	1.3769920912665204e-001 	-2.7271795482069079e-004 	1.3742649117183137e-001
5.9999999999999998e-001 	1.3787825850263763e-001 	-2.7271795483053008e-004 	1.3760554054780708e-001
6.9999999999999996e-001 	1.3799595432703171e-001 	-2.7271795468529269e-004 	1.3772323637234654e-001
8.0000000000000004e-001 	1.3808863565261714e-001 	-2.7271795441810196e-004 	1.3781591769819895e-001
9.0000000000000002e-001 	1.3816704122719131e-001 	-2.7271795411434814e-004 	1.3789432327307694e-001
1.0000000000000000e+000 	1.3823529517353556e-001 	-2.7271795387042070e-004 	1.3796257721966515e-001
1.1000000000000001e+000 	1.3829558884786325e-001 	-2.7271795376156897e-004 	1.3802287089410176e-001
1.2000000000000000e+000 	1.3834938327942861e-001 	-2.7271795382599552e-004 	1.3807666532560270e-001
1.3000000000000000e+000 	1.3839776290725631e-001 	-2.7271795406324920e-004 	1.3812504495319303e-001
1.3999999999999999e+000 	1.3844157045688998e-001 	-2.7271795444165799e-004 	1.3816885250244842e-001
1.6000000000000001e+000 	1.3989755019814762e-001 	-2.7271795533722151e-004 	1.3962483224281039e-001
1.8000000000000000e+000 	1.3858379153177822e-001 	-2.7271795614392511e-004 	1.3831107357563427e-001
2.0000000000000000e+000 	1.3863967815282646e-001 	-2.7271795656665603e-004 	1.3836696019625977e-001
2.2000000000000002e+000 	1.3868827223122807e-001 	-2.7271795645730166e-004 	1.3841555427477079e-001
2.3999999999999999e+000 	1.3873104144821843e-001 	-2.7271795581970589e-004 	1.3845832349239875e-001
2.6000000000000001e+000 	1.3876907715086342e-001 	-2.7271795477148357e-004 	1.3849635919609188e-001
2.7999999999999998e+000 	1.3880320316914649e-001 	-2.7271795348892254e-004 	1.3853048521565750e-001
3.0000000000000000e+000 	1.3883405316381142e-001 	-2.7271795215476862e-004 	1.3856133521165664e-001
3.2000000000000002e+000 	1.3886212368304188e-001 	-2.7271795091999136e-004 	1.3858940573212189e-001
3.3999999999999999e+000 	1.3888781042260617e-001 	-2.7271794988311348e-004 	1.3861509247272305e-001
3.6000000000000001e+000 	1.3891143335601427e-001 	-2.7271794908563572e-004 	1.3863871540692860e-001
4.0000000000000000e+000 	1.3945843954765405e-001 	-2.7271794808007393e-004 	1.3918572159957388e-001
4.4000000000000004e+000 	1.3899037803170256e-001 	-2.7271794759709157e-004 	1.3871766008410549e-001
4.7999999999999998e+000 	1.3902248247572066e-001 	-2.7271794737832841e-004 	1.3874976452834228e-001
5.2000000000000002e+000 	1.3905098587265824e-001 	-2.7271794741652903e-004 	1.3877826792524167e-001
5.5999999999999996e+000 	1.3907665421688042e-001 	-2.7271794803808224e-004 	1.3880393626884244e-001
6.0000000000000000e+000 	1.3910012894304932e-001 	-2.7271794984930561e-004 	1.3882741099320006e-001
6.4000000000000004e+000 	1.3912195005228717e-001 	-2.7271795358304983e-004 	1.3884923209870415e-001
6.7999999999999998e+000 	1.3914256461398214e-001 	-2.7271795990201639e-004 	1.3886984665408023e-001
7.2000000000000002e+000 	1.3916232791831265e-001 	-2.7271796921194698e-004 	1.3888960994910066e-001
7.5999999999999996e+000 	1.3918150362326095e-001 	-2.7271798152262361e-004 	1.3890878564173836e-001
8.0000000000000000e+000 	1.3920026660611989e-001 	-2.7271799637599957e-004 	1.3892754860974393e-001
8.8000000000000007e+000 	1.3951242522535418e-001 	-2.7271802753365312e-004 	1.3923970719782047e-001
9.5999999999999996e+000 	1.3927175123626509e-001 	-2.7271805197982965e-004 	1.3899903318428519e-001
1.0400000000000000e+001 	1.3930436861619724e-001 	-2.7271805733094715e-004 	1.3903165055886627e-001
1.1199999999999999e+001 	1.3933361134115813e-001 	-2.7271803259822552e-004 	1.3906089330855997e-001
1.2000000000000000e+001 	1.3935827953751168e-001 	-2.7271797079714955e-004 	1.3908556156671453e-001
1.2800000000000001e+001 	1.3937717955790857e-001 	-2.7271787057900164e-004 	1.3910446168732957e-001
1.3600000000000000e+001 	1.3938922167354714e-001 	-2.7271773671212101e-004 	1.3911650393683508e-001
1.4400000000000000e+001 	1.3939346860464485e-001 	-2.7271757952753096e-004 	1.3912075102511737e-001
1.5199999999999999e+001 	1.3938914866910301e-001 	-2.7271741361231184e-004 	1.3911643125549067e-001
1.6000000000000000e+001 	1.3937564733370975e-001 	-2.7271725608951999e-004 	1.3910293007762020e-001
1.6800000000000001e+001 	1.3935248797731578e-001 	-2.7271712479753083e-004 	1.3907977085251821e-001
1.7600000000000001e+001 	1.3931930914760554e-001 	-2.7271703661111698e-004 	1.3904659211099443e-001
1.8399999999999999e+001 	1.3927584259768322e-001 	-2.7271700606153085e-004 	1.3900312559162173e-001
2.0000000000000000e+001 	1.3930770253776145e-001 	-2.7271716234850461e-004 	1.3903498537541301e-001
2.1600000000000001e+001 	1.3899591727027902e-001 	-2.7271761311577431e-004 	1.3872319965716332e-001
2.3199999999999999e+001 	1.3879172014178237e-001 	-2.7271833285616312e-004 	1.3851900180892626e-001
2.4800000000000001e+001 	1.3854474858380186e-001 	-2.7271925261706582e-004 	1.3827202933118493e-001
2.6399999999999999e+001 	1.3825549109376428e-001 	-2.7272027153871551e-004 	1.3798277082222560e-001
2.8000000000000000e+001 	1.3792474410356670e-001 	-2.7272127191888364e-004 	1.3765202283164776e-001
2.9600000000000001e+001 	1.3755357419332823e-001 	-2.7272213392929261e-004 	1.3728085205939891e-001
3.1199999999999999e+001 	1.3714328437144230e-001 	-2.7272274784678426e-004 	1.3687056162359551e-001
3.2800000000000004e+001 	1.3669538091794031e-001 	-2.7272302289616451e-004 	1.3642265789504421e-001
3.4399999999999999e+001 	1.3621153919858126e-001 	-2.7272289263035357e-004 	1.3593881630595095e-001
3.6000000000000000e+001 	1.3569356856395012e-001 	-2.7272231726180004e-004 	1.3542084624668835e-001
3.7600000000000001e+001 	1.3514337736831911e-001 	-2.7272128358476734e-004 	1.3487065608473428e-001
4.0800000000000004e+001 	1.3401661336660894e-001 	-2.7271797581555934e-004 	1.3374389539079345e-001
4.4000000000000000e+001 	1.3266629565612842e-001 	-2.7271332075118522e-004 	1.3239358233537724e-001
4.7199999999999996e+001 	1.3128644287744293e-001 	-2.7270785061883488e-004 	1.3101373502682412e-001
5.0399999999999999e+001 	1.2983192452154987e-001 	-2.7270221134902427e-004 	1.2955922231020087e-001
5.3600000000000001e+001 	1.2831636417848369e-001 	-2.7269709174438024e-004 	1.2804366708673931e-001
5.6800000000000004e+001 	1.2675217096223046e-001 	-2.7269316347891342e-004 	1.2647947779875154e-001
6.0000000000000000e+001 	1.2515043174206200e-001 	-2.7269103756231202e-004 	1.2487774070449970e-001
6.3200000000000003e+001 	1.2352090723049473e-001 	-2.7269123777997912e-004 	1.2324821599271474e-001
6.6400000000000006e+001 	1.2187209240624491e-001 	-2.7269418899090824e-004 	1.2159939821725403e-001
6.9599999999999994e+001 	1.2021131377944612e-001 	-2.7270021700096224e-004 	1.1993861356244515e-001
7.2799999999999997e+001 	1.1854484424355004e-001 	-2.7270955642116332e-004 	1.1827213468712888e-001
7.9200000000000003e+001 	1.1525185570749105e-001 	-2.7273879113311406e-004 	1.1497911691635795e-001
8.5599999999999994e+001 	1.1192633069260366e-001 	-2.7278222431048322e-004 	1.1165354846829316e-001
9.2000000000000000e+001 	1.0868481584650370e-001 	-2.7283975473803746e-004 	1.0841197609176569e-001
9.8400000000000006e+001 	1.0551263737150199e-001 	-2.7291087514027835e-004 	1.0523972649636171e-001
1.0480000000000001e+002 	1.0242140184310787e-001 	-2.7299469381281480e-004 	1.0214840714929502e-001
1.1119999999999999e+002 	9.9418700739927104e-002 	-2.7308989756299600e-004 	9.9145610842364104e-002
1.1759999999999999e+002 	9.6509090234606673e-002 	-2.7319467580163762e-004 	9.6235895558805046e-002
1.2400000000000000e+002 	9.3694880993623192e-002 	-2.7330665337942447e-004 	9.3421574340243729e-002
1.3039999999999998e+002 	9.0976741668960220e-002 	-2.7342286099577760e-004 	9.0703318807964464e-002
1.3680000000000001e+002 	8.8354149947198549e-002 	-2.7353974536824493e-004 	8.8080610201830292e-002
1.4319999999999999e+002 	8.5825727205990909e-002 	-2.7365321272849780e-004 	8.5552073993262409e-002
1.5600000000000000e+002 	8.1092225655219494e-002 	-2.7384453610174744e-004 	8.0818381119117738e-002
1.6880000000000001e+002 	7.6599555425315491e-002 	-2.7396107295386010e-004 	7.6325594352361581e-002
1.8160000000000002e+002 	7.2483849905262368e-002 	-2.7396398224841537e-004 	7.2209885923013944e-002
1.9439999999999998e+002 	6.8669154033013893e-002 	-2.7381583092353121e-004 	6.8395338202090344e-002
2.0719999999999999e+002 	6.5132219354349971e-002 	-2.7348369292399600e-004 	6.4858735661425970e-002
2.2000000000000000e+002 	6.1850617973351410e-002 	-2.7294112574192980e-004 	6.1577676847609460e-002
2.3280000000000001e+002 	5.8803199214488504e-002 	-2.7216916063192009e-004 	5.8531030053856577e-002
2.4560000000000002e+002 	5.5970309549494668e-002 	-2.7115649403412561e-004 	5.5699153055460533e-002
2.5840000000000003e+002 	5.3333861850903767e-002 	-2.6989907248382969e-004 	5.3063962778419946e-002
2.7119999999999999e+002 	5.0877313896034608e-002 	-2.6839925407043402e-004 	5.0608914641964188e-002
2.8400000000000000e+002 	4.8585595741154619e-002 	-2.6666472727486783e-004 	4.8318931013879754e-002
2.9680000000000001e+002 	4.6445011110515008e-002 	-2.6470734958590947e-004 	4.6180303760929090e-002
3.0959999999999997e+002 	4.4443128215189608e-002 	-2.6254202695756308e-004 	4.4180586188232035e-002
3.3519999999999999e+002 	4.0853070909401767e-002 	-2.5768074623169036e-004 	4.0595390163170098e-002
3.6080000000000001e+002 	3.7587271489549164e-002 	-2.5220959357198050e-004 	3.7335061895977191e-002
3.8640000000000003e+002 	3.4746586483205257e-002 	-2.4626494142001226e-004 	3.4500321541785249e-002
4.1200000000000000e+002 	3.2223786630278486e-002 	-2.3997606025885350e-004 	3.1983810570019630e-002
4.3759999999999997e+002 	2.9973920481110840e-002 	-2.3345730659504548e-004 	2.9740463174515789e-002
4.6319999999999999e+002 	2.7959269213973584e-002 	-2.2680567870457210e-004 	2.7732463535269015e-002
4.8880000000000001e+002 	2.6148196935753272e-002 	-2.2010149272175711e-004 	2.5928095443031506e-002
5.1439999999999998e+002 	2.4514099725044980e-002 	-2.1340986936961001e-004 	2.4300689855675375e-002
5.4000000000000000e+002 	2.3034517377017338e-002 	-2.0678222445205633e-004 	2.2827735152565289e-002
5.6560000000000002e+002 	2.1690404424681568e-002 	-2.0025791502080974e-004 	2.1490146509660749e-002
5.9119999999999993e+002 	2.0465538087080969e-002 	-1.9386611844935786e-004 	2.0271671968631624e-002
6.1680000000000007e+002 	1.9346038448570267e-002 	-1.8762774783161700e-004 	1.9158410700738645e-002
6.6800000000000000e+002 	1.7400875817395873e-002 	-1.7567194695435002e-004 	1.7225203870441515e-002
7.1919999999999993e+002 	1.5683557097532566e-002 	-1.6443297792102416e-004 	1.5519124119611542e-002
7.7039999999999998e+002 	1.4245775867942442e-002 	-1.5392239130487093e-004 	1.4091853476637571e-002
8.2160000000000002e+002 	1.3006486784245501e-002 	-1.4412557428541837e-004 	1.2862361209960085e-002
8.7280000000000007e+002 	1.1929896440180596e-002 	-1.3501120692137569e-004 	1.1794885233259219e-002
9.2400000000000000e+002 	1.0987802691727860e-002 	-1.2653926171795536e-004 	1.0861263430009902e-002
9.7519999999999993e+002 	1.0157889486133149e-002 	-1.1866591677557993e-004 	1.0039223569357575e-002
1.0264000000000001e+003 	9.4223574212589957e-003 	-1.1134638752332204e-004 	9.3110110337356802e-003
1.0775999999999999e+003 	8.7668783517861736e-003 	-1.0453675715384680e-004 	8.6623415946323265e-003
1.1288000000000000e+003 	8.1798105272397909e-003 	-9.8195199635059695e-005 	8.0816153276047319e-003
1.1800000000000000e+003 	7.6516101549752849e-003 	-9.2282696204443158e-005 	7.5593274587708419e-003
1.2824000000000001e+003 	6.7518608918597945e-003 	-8.1560937431644339e-005 	6.6702999544281487e-003
1.3848000000000000e+003 	5.9743727350050667e-003 	-7.2163443087327700e-005 	5.9022092919177368e-003
1.4872000000000000e+003 	5.3391147352926955e-003 	-6.3904098648478726e-005 	5.2752106366442172e-003
1.5895999999999999e+003 	4.8023209213487027e-003 	-5.6619544237045188e-005 	4.7457013771116576e-003
1.6920000000000000e+003 	4.3442513429287326e-003 	-5.0169211828081809e-005 	4.2940821311006532e-003
1.7944000000000001e+003 	3.9499141980461243e-003 	-4.4437907197544735e-005 	3.9054762908485802e-003
1.8968000000000000e+003 	3.6078161955337426e-003 	-3.9333210459704878e-005 	3.5684829850740367e-003
1.9992000000000000e+003 	3.3090268518431187e-003 	-3.4779691876113354e-005 	3.2742471599670050e-003
2.1015999999999999e+003 	3.0465066534690619e-003 	-3.0714069738480566e-005 	3.0157925837305806e-003
2.2040000000000000e+003 	2.8146298675616817e-003 	-2.7082200521887343e-005 	2.7875476670397945e-003
2.3064000000000001e+003 	2.6088440739642127e-003 	-2.3837188696408351e-005 	2.5850068852678043e-003
2.5112000000000003e+003 	2.2647636189793126e-003 	-1.8292768930495167e-005 	2.2464708500488182e-003
2.7160000000000000e+003 	1.9747703583886289e-003 	-1.3869454039317642e-005 	1.9609009043493118e-003
2.9207999999999997e+003 	1.7443359469404753e-003 	-1.0368569825848544e-005 	1.7339673771146270e-003
3.1255999999999999e+003 	1.5546060689537742e-003 	-7.6038154191828796e-006 	1.5470022535345909e-003
3.3304000000000001e+003 	1.3966460683099767e-003 	-5.4224921441988762e-006 	1.3912235761657783e-003
3.5352000000000003e+003 	1.2637556791038817e-003 	-3.7070306253580940e-006 	1.2600486484785243e-003
3.7400000000000000e+003 	1.1508735502665322e-003 	-2.3646946608525155e-006 	1.1485088556056793e-003
3.9447999999999997e+003 	1.0541338683889710e-003 	-1.3202441033113961e-006 	1.0528136242856595e-003
4.1496000000000004e+003 	9.7054859961546384e-004 	-5.1250081770297156e-007 	9.7003609879776117e-004
4.3543999999999996e+003 	8.9778161729103822e-004 	1.0784248937679892e-007 	8.9788945978041504e-004
4.5591999999999998e+003 	8.3398719918555554e-004 	5.8022002454113406e-007 	8.3456741921009690e-004
4.7640000000000000e+003 	7.7769315324560705e-004 	9.3602805276886337e-007 	7.7862918129837613e-004
4.9688000000000002e+003 	7.2771505311270855e-004 	1.2002011259971180e-006 	7.2891525423870573e-004
5.3783999999999996e+003 	6.4395106946159167e-004 	1.5558347166207086e-006 	6.4550690417821213e-004
5.7880000000000000e+003 	5.7262955676053889e-004 	1.7163595701877473e-006 	5.7434591633072677e-004
6.1976000000000004e+003 	5.1531269782638227e-004 	1.7554911653281456e-006 	5.1706818899171028e-004
6.6071999999999998e+003 	4.6734150444274281e-004 	1.7300742890803497e-006 	4.6907157873182304e-004
7.0168000000000002e+003 	4.2661815627018443e-004 	1.6706850531076543e-006 	4.2828884132329204e-004
7.4264000000000005e+003 	3.9161096098092615e-004 	1.5935080910907364e-006 	3.9320446907201704e-004
7.8360000000000000e+003 	3.6119038737259250e-004 	1.5084827807087271e-006 	3.6269887015330125e-004
8.2456000000000004e+003 	3.3451019986144071e-004 	1.4218599168924764e-006 	3.3593205977833310e-004
8.6552000000000007e+003 	3.1092491786459912e-004 	1.3372728493575322e-006 	3.1226219071395678e-004
9.0647999999999993e+003 	2.8993326012975273e-004 	1.2566149985098498e-006 	2.9118987512826263e-004
9.4743999999999996e+003 	2.7113930313605802e-004 	1.1807251958423467e-006 	2.7232002833190046e-004
1.0293600000000000e+004 	2.3945078981250107e-004 	1.0510305393298269e-006 	2.4050182035183085e-004
1.1112799999999999e+004 	2.1188593256377971e-004 	9.2782953393437445e-007 	2.1281376209771405e-004
1.1932000000000000e+004 	1.8960131586291513e-004 	8.2092283540187296e-007 	1.9042223869831699e-004
1.2751200000000001e+004 	1.7082042441621042e-004 	7.3162974598394865e-007 	1.7155205416219429e-004
1.3570400000000000e+004 	1.5481912162007542e-004 	6.5514946668209780e-007 	1.5547427108675746e-004
1.4389600000000000e+004 	1.4105411146491067e-004 	5.8831522961487765e-007 	1.4164242669452553e-004
1.5208799999999999e+004 	1.2911263174670857e-004 	5.2958484656653498e-007 	1.2964221659327512e-004
1.6027999999999998e+004 	1.1867614755763995e-004 	4.7791458505202612e-007 	1.1915406214269196e-004
1.6847200000000001e+004 	1.0949498668115757e-004 	4.3240503732205626e-007 	1.0992739171847964e-004
1.7666399999999998e+004 	1.0137065992643893e-004 	3.9226701365142680e-007 	1.0176292694009039e-004
1.8485600000000002e+004 	9.4143387865101171e-005 	3.5681977910640204e-007 	9.4500207644207580e-005
2.0124000000000000e+004 	8.2102395621862169e-005 	3.0064521081188020e-007 	8.2403040832674051e-005
2.1762399999999998e+004 	7.1708703184932346e-005 	2.5042882070194807e-007 	7.1959132005634295e-005
2.3400799999999999e+004 	6.3453497982477429e-005 	2.1243350631303753e-007 	6.3665931488790514e-005
2.5039200000000001e+004 	5.6592083172109102e-005 	1.8363444849357883e-007 	5.6775717620602689e-005
2.6677600000000002e+004 	5.0822740727681912e-005 	1.6075358539730688e-007 	5.0983494313079201e-005
2.8316000000000000e+004 	4.5920608784447876e-005 	1.4230691711780878e-007 	4.6062915701565674e-005
-1350 0
-1.3500000000000000e+003 0.0000000000000000e+000 0.0000000000000000e+000
1
1 1 1 1
1
         t, ms                         dVp, mV                         dVs, mV                         dV, mV
5.0000000000000000e-001 	1.1037266996818888e-001 	-2.8381130954646731e-004 	1.1008885865864239e-001
5.9999999999999998e-001 	1.1051154623524236e-001 	-2.8381130963332622e-004 	1.1022773492560901e-001
6.9999999999999996e-001 	1.1060283511033425e-001 	-2.8381130988810722e-004 	1.1031902380044617e-001
8.0000000000000004e-001 	1.1067472187517750e-001 	-2.8381131020288516e-004 	1.1039091056497465e-001
9.0000000000000002e-001 	1.1073553579455639e-001 	-2.8381131043796312e-004 	1.1045172448411844e-001
1.0000000000000000e+000 	1.1078847569303694e-001 	-2.8381131048999268e-004 	1.1050466438254689e-001
1.1000000000000001e+000 	1.1083524128373451e-001 	-2.8381131032465033e-004 	1.1055142997340985e-001
1.2000000000000000e+000 	1.1087696580882864e-001 	-2.8381130997489202e-004 	1.1059315449885376e-001
1.3000000000000000e+000 	1.1091449040949655e-001 	-2.8381130951877164e-004 	1.1063067909997783e-001
1.3999999999999999e+000 	1.1094846873940685e-001 	-2.8381130905139388e-004 	1.1066465743035545e-001
1.6000000000000001e+000 	1.1207774191600227e-001 	-2.8381130845771198e-004 	1.1179393060754458e-001
1.8000000000000000e+000 	1.1105877904254478e-001 	-2.8381130844497504e-004 	1.1077496773409980e-001
2.0000000000000000e+000 	1.1110212601825821e-001 	-2.8381130900186015e-004 	1.1081831470925639e-001
2.2000000000000002e+000 	1.1113981666751545e-001 	-2.8381130991231730e-004 	1.1085600535760314e-001
2.3999999999999999e+000 	1.1117298937621374e-001 	-2.8381131088081732e-004 	1.1088917806533294e-001
2.6000000000000001e+000 	1.1120249063095233e-001 	-2.8381131164569620e-004 	1.1091867931930664e-001
2.7999999999999998e+000 	1.1122895942174171e-001 	-2.8381131204560856e-004 	1.1094514810969608e-001
3.0000000000000000e+000 	1.1125288723594409e-001 	-2.8381131203612488e-004 	1.1096907592390794e-001
3.2000000000000002e+000 	1.1127465921242731e-001 	-2.8381131167028054e-004 	1.1099084790075708e-001
3.3999999999999999e+000 	1.1129458226502234e-001 	-2.8381131106131074e-004 	1.1101077095396104e-001
3.6000000000000001e+000 	1.1131290457559861e-001 	-2.8381131034295253e-004 	1.1102909326525566e-001
4.0000000000000000e+000 	1.1173716804411925e-001 	-2.8381130909393781e-004 	1.1145335673502532e-001
4.4000000000000004e+000 	1.1137413514131388e-001 	-2.8381130826411413e-004 	1.1109032383304975e-001
4.7999999999999998e+000 	1.1139903566469055e-001 	-2.8381130784161778e-004 	1.1111522435684890e-001
5.2000000000000002e+000 	1.1142114291461080e-001 	-2.8381130756476800e-004 	1.1113733160704600e-001
5.5999999999999996e+000 	1.1144105059383080e-001 	-2.8381130712148907e-004 	1.1115723928670929e-001
6.0000000000000000e+000 	1.1145925538200807e-001 	-2.8381130632486242e-004 	1.1117544407568326e-001
6.4000000000000004e+000 	1.1147617468715916e-001 	-2.8381130520676445e-004 	1.1119236338195239e-001
6.7999999999999998e+000 	1.1149215305380553e-001 	-2.8381130402152255e-004 	1.1120834174978399e-001
7.2000000000000002e+000 	1.1150746288971958e-001 	-2.8381130318152082e-004 	1.1122365158653807e-001
7.5999999999999996e+000 	1.1152230445443138e-001 	-2.8381130315776698e-004 	1.1123849315127361e-001
8.0000000000000000e+000 	1.1153680799590383e-001 	-2.8381130437629139e-004 	1.1125299669152751e-001
8.8000000000000007e+000 	1.1177871814781774e-001 	-2.8381131139256714e-004 	1.1149490683642523e-001
9.5999999999999996e+000 	1.1159169724075145e-001 	-2.8381132351174167e-004 	1.1130788591723970e-001
1.0400000000000000e+001 	1.1161638152126059e-001 	-2.8381133795890031e-004 	1.1133257018330170e-001
1.1199999999999999e+001 	1.1163810940863081e-001 	-2.8381135049128749e-004 	1.1135429805813947e-001
1.2000000000000000e+001 	1.1165585416211866e-001 	-2.8381135646669467e-004 	1.1137204280565197e-001
1.2800000000000001e+001 	1.1166858932838988e-001 	-2.8381135193616741e-004 	1.1138477797645369e-001
1.3600000000000000e+001 	1.1167536662118856e-001 	-2.8381133447073813e-004 	1.1139155528671786e-001
1.4400000000000000e+001 	1.1167535497902019e-001 	-2.8381130359593574e-004 	1.1139154367542425e-001
1.5199999999999999e+001 	1.1166785166906033e-001 	-2.8381126083622282e-004 	1.1138404040822412e-001
1.6000000000000000e+001 	1.1165227634815482e-001 	-2.8381120944977997e-004 	1.1136846513870505e-001
1.6800000000000001e+001 	1.1162815665837221e-001 	-2.8381115396586889e-004 	1.1134434550440629e-001
1.7600000000000001e+001 	1.1159511113968289e-001 	-2.8381109963528849e-004 	1.1131130004004761e-001
1.8399999999999999e+001 	1.1155283285070962e-001 	-2.8381105188379752e-004 	1.1126902179882578e-001
2.0000000000000000e+001 	1.1155576924605094e-001 	-2.8381100025747240e-004 	1.1127195824579349e-001
2.1600000000000001e+001 	1.1128683229315152e-001 	-2.8381102201084819e-004 	1.1100302127114067e-001
2.3199999999999999e+001 	1.1109425535525493e-001 	-2.8381112860385323e-004 	1.1081044422665104e-001
2.4800000000000001e+001 	1.1086131208152425e-001 	-2.8381131721884898e-004 	1.1057750076430543e-001
2.6399999999999999e+001 	1.1058800344869738e-001 	-2.8381157198869059e-004 	1.1030419187670867e-001
2.8000000000000000e+001 	1.1027469537396818e-001 	-2.8381186731569775e-004 	1.0999088350665240e-001
2.9600000000000001e+001 	1.0992209079300536e-001 	-2.8381217195610364e-004 	1.0963827862104923e-001
3.1199999999999999e+001 	1.0953119800344217e-001 	-2.8381245298602243e-004 	1.0924738555045613e-001
3.2800000000000004e+001 	1.0910329466061591e-001 	-2.8381267913487251e-004 	1.0881948198148102e-001
3.4399999999999999e+001 	1.0863988794102616e-001 	-2.8381282326417090e-004 	1.0835607511776195e-001
3.6000000000000000e+001 	1.0814267242484027e-001 	-2.8381286397282036e-004 	1.0785885956086745e-001
3.7600000000000001e+001 	1.0761348765763695e-001 	-2.8381278643004623e-004 	1.0732967487120693e-001
4.0800000000000004e+001 	1.0651538055543928e-001 	-2.8381225667732711e-004 	1.0623156829876193e-001
4.4000000000000000e+001 	1.0522293939996281e-001 	-2.8381126434152249e-004 	1.0493912813562134e-001
4.7199999999999996e+001 	1.0388841774442319e-001 	-2.8380989996158761e-004 	1.0360460784446161e-001
5.0399999999999999e+001 	1.0248128716039635e-001 	-2.8380830343672407e-004 	1.0219747885695966e-001
5.3600000000000001e+001 	1.0101579913965654e-001 	-2.8380664590173325e-004 	1.0073199249375485e-001
5.6800000000000004e+001 	9.9505001150500844e-002 	-2.8380511113114155e-004 	9.9221196039369658e-002
6.0000000000000000e+001 	9.7960578831307182e-002 	-2.8380387982129720e-004 	9.7676774951485884e-002
6.3200000000000003e+001 	9.6392819325364448e-002 	-2.8380311822257312e-004 	9.6109016207141879e-002
6.6400000000000006e+001 	9.4810653303756057e-002 	-2.8380297146457761e-004 	9.4526850332291482e-002
6.9599999999999994e+001 	9.3221744750659072e-002 	-2.8380356117958284e-004 	9.2937941189479498e-002
7.2799999999999997e+001 	9.1632606104808847e-002 	-2.8380498656006121e-004 	9.1348801118248765e-002
7.9200000000000003e+001 	8.8505429570242669e-002 	-2.8381072786126422e-004 	8.8221618842381416e-002
8.5599999999999994e+001 	8.5379469734403773e-002 	-2.8382060721312283e-004 	8.5095649127190628e-002
9.2000000000000000e+001 	8.2353343138294927e-002 	-2.8383498385768185e-004 	8.2069508154437212e-002
9.8400000000000006e+001 	7.9416763921892619e-002 	-2.8385412516280590e-004 	7.9132909796729808e-002
1.0480000000000001e+002 	7.6579583434206872e-002 	-2.8387813258129799e-004 	7.6295705301625591e-002
1.1119999999999999e+002 	7.3847401115503253e-002 	-2.8390681169050187e-004 	7.3563494303812774e-002
1.1759999999999999e+002 	7.1222689186105845e-002 	-2.8393950863229756e-004 	7.0938749677473573e-002
1.2400000000000000e+002 	6.8705688517755520e-002 	-2.8397495514287521e-004 	6.8421713562612646e-002
1.3039999999999998e+002 	6.6295083214961720e-002 	-2.8401115342512604e-004 	6.6011072061536599e-002
1.3680000000000001e+002 	6.3988494862794912e-002 	-2.8404531355677226e-004 	6.3704449549238137e-002
1.4319999999999999e+002 	6.1782839806481721e-002 	-2.8407384702977464e-004 	6.1498765959451952e-002
1.5600000000000000e+002 	5.7700330591785642e-002 	-2.8408890358403143e-004 	5.7416241688201579e-002
1.6880000000000001e+002 	5.3883634154818102e-002 	-2.8401854483361565e-004 	5.3599615609984476e-002
1.8160000000000002e+002 	5.0439581027142320e-002 	-2.8381959067528249e-004 	5.0155761436467057e-002
1.9439999999999998e+002 	4.7293026844973815e-002 	-2.8344878061065359e-004 	4.7009578064363164e-002
2.0719999999999999e+002 	4.4415771394685270e-002 	-2.8286696545006559e-004 	4.4132904429235204e-002
2.2000000000000000e+002 	4.1781646065935027e-002 	-2.8204206236528105e-004 	4.1499604003569751e-002
2.3280000000000001e+002 	3.9366750158909128e-002 	-2.8095072969258692e-004 	3.9085799429216542e-002
2.4560000000000002e+002 	3.7149470724845562e-002 	-2.7957891003768166e-004 	3.6869891814807883e-002
2.5840000000000003e+002 	3.5110384121201495e-002 	-2.7792148074588888e-004 	3.4832462640455600e-002
2.7119999999999999e+002 	3.3232098856612387e-002 	-2.7598127866221734e-004 	3.2956117577950174e-002
2.8400000000000000e+002 	3.1499074966714030e-002 	-2.7376776640707193e-004 	3.1225307200306959e-002
2.9680000000000001e+002 	2.9897439965791264e-002 	-2.7129557306613308e-004 	2.9626144392725148e-002
3.0959999999999997e+002 	2.8414812165685581e-002 	-2.6858307908015695e-004 	2.8146229086605419e-002
3.3519999999999999e+002 	2.5794564911092537e-002 	-2.6255167678535196e-004 	2.5532013234307187e-002
3.6080000000000001e+002 	2.3446904653752220e-002 	-2.5583097094441473e-004 	2.3191073682807817e-002
3.8640000000000003e+002 	2.1443115768438235e-002 	-2.4858688408141568e-004 	2.1194528884356814e-002
4.1200000000000000e+002 	1.9691838784616351e-002 	-2.4097624414563178e-004 	1.9450862540470720e-002
4.3759999999999997e+002 	1.8153012806261141e-002 	-2.3313780325961379e-004 	1.7919875003001528e-002
4.6319999999999999e+002 	1.6793801730456522e-002 	-2.2518908599221610e-004 	1.6568612644464308e-002
4.8880000000000001e+002 	1.5587283771228807e-002 	-2.1722668352128807e-004 	1.5370057087707523e-002
5.1439999999999998e+002 	1.4511304611553382e-002 	-2.0932792432452034e-004 	1.4301976687228862e-002
5.4000000000000000e+002 	1.3547539398757172e-002 	-2.0155297894411289e-004 	1.3345986419813060e-002
5.6560000000000002e+002 	1.2680744974623310e-002 	-1.9394719646367338e-004 	1.2486797778159635e-002
5.9119999999999993e+002 	1.1898168790940512e-002 	-1.8654354602089582e-004 	1.1711625244919619e-002
6.1680000000000007e+002 	1.1189081993684886e-002 	-1.7936495638114832e-004 	1.1009717037303737e-002
6.6800000000000000e+002 	9.9713515860090259e-003 	-1.6574280820579474e-004 	9.8056087778032337e-003
7.1919999999999993e+002 	8.9086488633242436e-003 	-1.5311354736601064e-004 	8.7555353159582336e-003
7.7039999999999998e+002 	8.0318505317003748e-003 	-1.4147176206639881e-004 	7.8903787696339763e-003
8.2160000000000002e+002 	7.2848332855573912e-003 	-1.3078128481121729e-004 	7.1540520007461767e-003
8.7280000000000007e+002 	6.6425447908974320e-003 	-1.2098652991445685e-004 	6.5215582609829750e-003
9.2400000000000000e+002 	6.0856213017164117e-003 	-1.1202217396326165e-004 	5.9735991277531479e-003
9.7519999999999993e+002 	5.5990107751086636e-003 	-1.0381976698976024e-004 	5.4951910081189013e-003
1.0264000000000001e+003 	5.1708995041055972e-003 	-9.6311754467579659e-005 	5.0745877496380168e-003
1.0775999999999999e+003 	4.7919136830781930e-003 	-8.9433794175508961e-005 	4.7024798889026831e-003
1.1288000000000000e+003 	4.4545340384426115e-003 	-8.3126007029341400e-005 	4.3714080314132698e-003
1.1800000000000000e+003 	4.1526664350999536e-003 	-7.7333537560412755e-005 	4.0753328975395419e-003
1.2824000000000001e+003 	3.6420669124708209e-003 	-6.7044699394851323e-005 	3.5750222130759711e-003
1.3848000000000000e+003 	3.2042519222334801e-003 	-5.8283985766883659e-005 	3.1459679364665974e-003
1.4872000000000000e+003 	2.8496875401358398e-003 	-5.0797772583351571e-005 	2.7988897675524883e-003
1.5895999999999999e+003 	2.5522188171152420e-003 	-4.4370375144084454e-005 	2.5078484419711572e-003
1.6920000000000000e+003 	2.2999698043404604e-003 	-3.8822931248492831e-005 	2.2611468730919684e-003
1.7944000000000001e+003 	2.0840212706844234e-003 	-3.4011376962620614e-005 	2.0500098937218025e-003
1.8968000000000000e+003 	1.8976054314446148e-003 	-2.9821012596577740e-005 	1.8677844188480371e-003
1.9992000000000000e+003 	1.7355120917940869e-003 	-2.6159636066575920e-005 	1.7093524557275103e-003
2.1015999999999999e+003 	1.5936679977776671e-003 	-2.2951926093259497e-005 	1.5707160716844075e-003
2.2040000000000000e+003 	1.4688417362915614e-003 	-2.0135543386784322e-005 	1.4487061929047771e-003
2.3064000000000001e+003 	1.3584355259741237e-003 	-1.7658388107157651e-005 	1.3407771378669661e-003
2.5112000000000003e+003 	1.1745959449069642e-003 	-1.3502583377397222e-005 	1.1610933615295671e-003
2.7160000000000000e+003 	1.0204332485426620e-003 	-1.0264431482565379e-005 	1.0101688170600965e-003
2.9207999999999997e+003 	8.9859139318142255e-004 	-7.7509070014221664e-006 	8.9084048618000029e-004
3.1255999999999999e+003 	7.9872275036203843e-004 	-5.7976854785617434e-006 	7.9292506488347640e-004
3.3304000000000001e+003 	7.1590659899111440e-004 	-4.2766533359825369e-006 	7.1162994565513176e-004
3.5352000000000003e+003 	6.4647800019178954e-004 	-3.0920055371893727e-006 	6.4338599465459990e-004
3.7400000000000000e+003 	5.8768596091459779e-004 	-2.1707661936329311e-006 	5.8551519472096504e-004
3.9447999999999997e+003 	5.3744122293919764e-004 	-1.4559791413808478e-006 	5.3598524379781689e-004
4.1496000000000004e+003 	4.9413702980327483e-004 	-9.0287548366680993e-007 	4.9323415431960771e-004
4.3543999999999996e+003 	4.5652273577674634e-004 	-4.7632711723321173e-007 	4.5604640865951301e-004
4.5591999999999998e+003 	4.2361410190966560e-004 	-1.4882629165539826e-007 	4.2346527561801022e-004
4.7640000000000000e+003 	3.9462881569793200e-004 	1.0115894515382772e-007 	3.9472997464308577e-004
4.9688000000000002e+003 	3.6893945735715599e-004 	2.9049259241101134e-007 	3.6922994994956681e-004
5.3783999999999996e+003 	3.2597710881175336e-004 	5.5374827529916154e-007 	3.2653085708705243e-004
5.7880000000000000e+003 	2.8947731952916268e-004 	6.8961855756091920e-007 	2.9016693808672366e-004
6.1976000000000004e+003 	2.6022336994345740e-004 	7.4568972745603027e-007 	2.6096905967091339e-004
6.6071999999999998e+003 	2.3578927601893034e-004 	7.5762410994577312e-007 	2.3654690012887608e-004
7.0168000000000002e+003 	2.1508245349694506e-004 	7.4515935990340091e-007 	2.1582761285684853e-004
7.4264000000000005e+003 	1.9730781815069864e-004 	7.1907083063645324e-007 	1.9802688898133512e-004
7.8360000000000000e+003 	1.8188085205738847e-004 	6.8597237264356147e-007 	1.8256682443003197e-004
8.2456000000000004e+003 	1.6836485030767578e-004 	6.5001049265015895e-007 	1.6901486080032589e-004
8.6552000000000007e+003 	1.5642751599570756e-004 	6.1364203667095106e-007 	1.5704115803237849e-004
9.0647999999999993e+003 	1.4581132907085390e-004 	5.7822084816623504e-007 	1.4638954991902012e-004
9.4743999999999996e+003 	1.3631326483893807e-004 	5.4443111985254157e-007 	1.3685769595879062e-004
1.0293600000000000e+004 	1.2031379264156919e-004 	4.8648090461289768e-007 	1.2080027354618208e-004
1.1112799999999999e+004 	1.0640579000843077e-004 	4.3011661351100522e-007 	1.0683590662194175e-004
1.1932000000000000e+004 	9.5174673822838869e-005 	3.8082344966365038e-007 	9.5555497272502515e-005
1.2751200000000001e+004 	8.5716695981322193e-005 	3.3960749230017372e-007 	8.6056303473622362e-005
1.3570400000000000e+004 	7.7663749362249002e-005 	3.0423598218947948e-007 	7.7967985344438510e-005
1.4389600000000000e+004 	7.0740077901136066e-005 	2.7323829177052938e-007 	7.1013316192906540e-005
1.5208799999999999e+004 	6.4736465426723459e-005 	2.4593383381756151e-007 	6.4982399260541033e-005
1.6027999999999998e+004 	5.9491647308692470e-005 	2.2187104850239023e-007 	5.9713518357194871e-005
1.6847200000000001e+004 	5.4879349512352736e-005 	2.0065332606707655e-007 	5.5080002838419808e-005
1.7666399999999998e+004 	5.0799270835612712e-005 	1.8192661466065596e-007 	5.0981197450273368e-005
1.8485600000000002e+004 	4.7170731080242322e-005 	1.6538227873406860e-007 	4.7336113358976396e-005
2.0124000000000000e+004 	4.1127779517570428e-005 	1.3929440289390582e-007 	4.1267073920464330e-005
2.1762399999999998e+004 	3.5912919054210913e-005 	1.1574409673703310e-007 	3.6028663150947941e-005
2.3400799999999999e+004 	3.1772972738469675e-005 	9.8010640070990898e-008 	3.1870983378540671e-005
2.5039200000000001e+004 	2.8333098853263643e-005 	8.4649706712854894e-008 	2.8417748559976499e-005
2.6677600000000002e+004 	2.5441489336233930e-005 	7.4063324902391093e-008 	2.5515552661136333e-005
2.8316000000000000e+004 	2.2985076773184480e-005 	6.5548282624637091e-008 	2.3050625055809128e-005
-750 0
-7.5000000000000000e+002 0.0000000000000000e+000 0.0000000000000000e+000
1
1 1 1 1
1
         t, ms                         dVp, mV                         dVs, mV                         dV, mV
5.0000000000000000e-001 	2.9778777829741608e-002 	4.8008252487398832e-006 	2.9783578654990324e-002
5.9999999999999998e-001 	2.9822024013099462e-002 	4.8008253224937033e-006 	2.9826824838421948e-002
6.9999999999999996e-001 	2.9850451038476489e-002 	4.8008257088922632e-006 	2.9855251864185379e-002
8.0000000000000004e-001 	2.9872836331898481e-002 	4.8008262720094430e-006 	2.9877637158170489e-002
9.0000000000000002e-001 	2.9891773685178792e-002 	4.8008267943726499e-006 	2.9896574511973181e-002
1.0000000000000000e+000 	2.9908259183563005e-002 	4.8008270826463620e-006 	2.9913060010645646e-002
1.1000000000000001e+000 	2.9922822084675130e-002 	4.8008270303779061e-006 	2.9927622911705514e-002
1.2000000000000000e+000 	2.9935815254334808e-002 	4.8008266318598185e-006 	2.9940616080966664e-002
1.3000000000000000e+000 	2.9947500604848347e-002 	4.8008259624130876e-006 	2.9952301430810749e-002
1.3999999999999999e+000 	2.9958081673287222e-002 	4.8008251442165563e-006 	2.9962882498431442e-002
1.6000000000000001e+000 	3.0309774361488892e-002 	4.8008236993409413e-006 	3.0314575185188240e-002
1.8000000000000000e+000 	2.9992433283049048e-002 	4.8008228984656552e-006 	2.9997234105947516e-002
2.0000000000000000e+000 	3.0005932052139240e-002 	4.8008230191683237e-006 	3.0010732875158406e-002
2.2000000000000002e+000 	3.0017669441383989e-002 	4.8008239990754285e-006 	3.0022470265383058e-002
2.3999999999999999e+000 	3.0027999937138346e-002 	4.8008255511310994e-006 	3.0032800762689479e-002
2.6000000000000001e+000 	3.0037187131382623e-002 	4.8008273095774254e-006 	3.0041987958692205e-002
2.7999999999999998e+000 	3.0045430003935860e-002 	4.8008289474868651e-006 	3.0050230832883357e-002
3.0000000000000000e+000 	3.0052881603940051e-002 	4.8008302436777945e-006 	3.0057682434183729e-002
3.2000000000000002e+000 	3.0059661863119227e-002 	4.8008311014167901e-006 	3.0064462694220653e-002
3.3999999999999999e+000 	3.0065866354826574e-002 	4.8008315328959325e-006 	3.0070667186359475e-002
3.6000000000000001e+000 	3.0071572362510048e-002 	4.8008316256587525e-006 	3.0076373194135701e-002
4.0000000000000000e+000 	3.0203702218820207e-002 	4.8008314148990176e-006 	3.0208503050235102e-002
4.4000000000000004e+000 	3.0090641191460592e-002 	4.8008310945980182e-006 	3.0095442022555180e-002
4.7999999999999998e+000 	3.0098396018530392e-002 	4.8008309054319661e-006 	3.0103196849435819e-002
5.2000000000000002e+000 	3.0105281246514265e-002 	4.8008306032274580e-006 	3.0110082077117489e-002
5.5999999999999996e+000 	3.0111482264924071e-002 	4.8008295692716628e-006 	3.0116283094493355e-002
6.0000000000000000e+000 	3.0117154741492045e-002 	4.8008270309533608e-006 	3.0121955568522991e-002
6.4000000000000004e+000 	3.0122430372074335e-002 	4.8008223014495138e-006 	3.0127231194375791e-002
6.7999999999999998e+000 	3.0127419098037220e-002 	4.8008149756355149e-006 	3.0132219913012855e-002
7.2000000000000002e+000 	3.0132209531307446e-002 	4.8008050512402123e-006 	3.0137010336358697e-002
7.5999999999999996e+000 	3.0136869098691763e-002 	4.8007929697347410e-006 	3.0141669891661498e-002
8.0000000000000000e+000 	3.0141444793757188e-002 	4.8007795875713453e-006 	3.0146245573344759e-002
8.8000000000000007e+000 	3.0217026328954594e-002 	4.8007557871692402e-006 	3.0221827084741762e-002
9.5999999999999996e+000 	3.0159201039687104e-002 	4.8007434475926404e-006 	3.0164001783134688e-002
1.0400000000000000e+001 	3.0167619312134901e-002 	4.8007520433825426e-006 	3.0172420064178283e-002
1.1199999999999999e+001 	3.0175517733733559e-002 	4.8007882788929149e-006 	3.0180318522012452e-002
1.2000000000000000e+001 	3.0182687982847494e-002 	4.8008545540107719e-006 	3.0187488837401497e-002
1.2800000000000001e+001 	3.0188925811829328e-002 	4.8009484107451359e-006 	3.0193726760240059e-002
1.3600000000000000e+001 	3.0194052699062029e-002 	4.8010628521895355e-006 	3.0198853761914224e-002
1.4400000000000000e+001 	3.0197926391363296e-002 	4.8011873010635684e-006 	3.0202727578664369e-002
1.5199999999999999e+001 	3.0200443506732396e-002 	4.8013089223971357e-006 	3.0205244815654782e-002
1.6000000000000000e+001 	3.0201537309383204e-002 	4.8014140553380366e-006 	3.0206338723438534e-002
1.6800000000000001e+001 	3.0201173056660473e-002 	4.8014895547849604e-006 	3.0205974546215257e-002
1.7600000000000001e+001 	3.0199342509409297e-002 	4.8015239110353328e-006 	3.0204144033320335e-002
1.8399999999999999e+001 	3.0196058535600315e-002 	4.8015080792059898e-006 	3.0200860043679514e-002
2.0000000000000000e+001 	3.0222014075316616e-002 	4.8013053904982726e-006 	3.0226815380707116e-002
2.1600000000000001e+001 	3.0169308809636846e-002 	4.8008843942487778e-006 	3.0174109694031098e-002
2.3199999999999999e+001 	3.0148447587028841e-002 	4.8002810919577695e-006 	3.0153247868120795e-002
2.4800000000000001e+001 	3.0123215919046764e-002 	4.7995603905727030e-006 	3.0128015479437335e-002
2.6399999999999999e+001 	3.0094099247000811e-002 	4.7988059624219663e-006 	3.0098898052963237e-002
2.8000000000000000e+001 	3.0061567695707225e-002 	4.7981086529995280e-006 	3.0066365804360222e-002
2.9600000000000001e+001 	3.0026060454904541e-002 	4.7975559661185390e-006 	3.0030858010870659e-002
3.1199999999999999e+001 	2.9987976687651130e-002 	4.7972238746190756e-006 	2.9992773911525744e-002
3.2800000000000004e+001 	2.9947671036090459e-002 	4.7971713490201557e-006 	2.9952468207439489e-002
3.4399999999999999e+001 	2.9905452271092151e-002 	4.7974374634851009e-006 	2.9910249708555638e-002
3.6000000000000000e+001 	2.9861584058564559e-002 	4.7980406543174704e-006 	2.9866382099218883e-002
3.7600000000000001e+001 	2.9816287129573772e-002 	4.7989796000502060e-006 	2.9821086109173816e-002
4.0800000000000004e+001 	2.9737261903631518e-002 	4.8017136235880400e-006 	2.9742063617255090e-002
4.4000000000000000e+001 	2.9624133857244165e-002 	4.8053239942222699e-006 	2.9628939181238385e-002
4.7199999999999996e+001 	2.9522502478383929e-002 	4.8093758100006219e-006 	2.9527311854193924e-002
5.0399999999999999e+001 	2.9417635088028221e-002 	4.8133702014187284e-006 	2.9422448458229652e-002
5.3600000000000001e+001 	2.9309601936791812e-002 	4.8167963684706925e-006 	2.9314418733160284e-002
5.6800000000000004e+001 	2.9198328807018836e-002 	4.8191725350931562e-006 	2.9203147979553937e-002
6.0000000000000000e+001 	2.9083659470263593e-002 	4.8200735232603394e-006 	2.9088479543786846e-002
6.3200000000000003e+001 	2.8965405399698739e-002 	4.8191458622098811e-006 	2.8970224545560953e-002
6.6400000000000006e+001 	2.8843381911861019e-002 	4.8161128349679157e-006 	2.8848198024695990e-002
6.9599999999999994e+001 	2.8717432210348882e-002 	4.8107722957020418e-006 	2.8722242982644575e-002
7.2799999999999997e+001 	2.8587441592652578e-002 	4.8029899448422823e-006 	2.8592244582597424e-002
7.9200000000000003e+001 	2.8321733218813060e-002 	4.7798602948062042e-006 	2.8326513079107871e-002
8.5599999999999994e+001 	2.8026781192919938e-002 	4.7467953777067428e-006 	2.8031527988297656e-002
9.2000000000000000e+001 	2.7723011709829139e-002 	4.7042381479922697e-006 	2.7727715947977131e-002
9.8400000000000006e+001 	2.7405020525746331e-002 	4.6529396384375238e-006 	2.7409673465384771e-002
1.0480000000000001e+002 	2.7074282422932902e-002 	4.5938677214396214e-006 	2.7078876290654339e-002
1.1119999999999999e+002 	2.6732453923226374e-002 	4.5281202252124315e-006 	2.6736982043451582e-002
1.1759999999999999e+002 	2.6381261389162029e-002 	4.4568438772436499e-006 	2.6385718233039288e-002
1.2400000000000000e+002 	2.6022415839953208e-002 	4.3811524819784403e-006 	2.6026796992435170e-002
1.3039999999999998e+002 	2.5657554144730487e-002 	4.3020458288066577e-006 	2.5661856190559294e-002
1.3680000000000001e+002 	2.5288202494704908e-002 	4.2203393456819936e-006 	2.5292422834050594e-002
1.4319999999999999e+002 	2.4915756970372467e-002 	4.1366144030410347e-006 	2.4919893584775511e-002
1.5600000000000000e+002 	2.4176260918036263e-002 	3.9639217933578342e-006 	2.4180224839829630e-002
1.6880000000000001e+002 	2.3420709003782753e-002 	3.7828479843504955e-006 	2.3424491851767114e-002
1.8160000000000002e+002 	2.2680645928141643e-002 	3.5900930042212037e-006 	2.2684236021145859e-002
1.9439999999999998e+002 	2.1952540075369974e-002 	3.3808683079195195e-006 	2.1955920943677893e-002
2.0719999999999999e+002 	2.1240122271333498e-002 	3.1498799776639428e-006 	2.1243272151311166e-002
2.2000000000000000e+002 	2.0546102383850517e-002 	2.8922327917536764e-006 	2.0548994616642283e-002
2.3280000000000001e+002 	1.9872362959573689e-002 	2.6040757977798662e-006 	1.9874967035371467e-002
2.4560000000000002e+002 	1.9220133208029497e-002 	2.2829450081865709e-006 	1.9222416153037675e-002
2.5840000000000003e+002 	1.8590133691764800e-002 	1.9278423648359139e-006 	1.8592061534129636e-002
2.7119999999999999e+002 	1.7982692543262648e-002 	1.5391270312295926e-006 	1.7984231670293886e-002
2.8400000000000000e+002 	1.7397837345586510e-002 	1.1182982757085013e-006 	1.7398955643862225e-002
2.9680000000000001e+002 	1.6835367320348155e-002 	6.6773468970409055e-007 	1.6836035055037855e-002
3.0959999999999997e+002 	1.6294909967921337e-002 	1.9043454983827270e-007 	1.6295100402471178e-002
3.3519999999999999e+002 	1.5289048219675931e-002 	-8.2596233873188155e-007 	1.5288222257337199e-002
3.6080000000000001e+002 	1.4339818448370433e-002 	-1.9060810603562495e-006 	1.4337912367310079e-002
3.8640000000000003e+002 	1.3477743376114779e-002 	-3.0244217185614461e-006 	1.3474718954396218e-002
4.1200000000000000e+002 	1.2685174941549901e-002 	-4.1572228556955718e-006 	1.2681017718694208e-002
4.3759999999999997e+002 	1.1956411021462594e-002 	-5.2834335993410668e-006 	1.1951127587863255e-002
4.6319999999999999e+002 	1.1285935782368363e-002 	-6.3853511557388023e-006 	1.1279550431212629e-002
4.8880000000000001e+002 	1.0668539918720247e-002 	-7.4490067924501102e-006 	1.0661090911927799e-002
5.1439999999999998e+002 	1.0099383972097425e-002 	-8.4640228275959068e-006 	1.0090919949269833e-002
5.4000000000000000e+002 	9.5740232144753724e-003 	-9.4230550188520056e-006 	9.5646001594565204e-003
5.6560000000000002e+002 	9.0884077867330309e-003 	-1.0321164132649051e-005 	9.0780866226003783e-003
5.9119999999999993e+002 	8.6388677757565438e-003 	-1.1155314469301689e-005 	8.6277124612872420e-003
6.1680000000000007e+002 	8.2220898219660561e-003 	-1.1924005630871034e-005 	8.2101658163351889e-003
6.6800000000000000e+002 	7.4842020319794197e-003 	-1.3267059533089543e-005 	7.4709349724463312e-003
7.1919999999999993e+002 	6.8208753111806079e-003 	-1.4360501976424606e-005 	6.8065148092041850e-003
7.7039999999999998e+002 	6.2531424054233621e-003 	-1.5220865411955087e-005 	6.2379215400114093e-003
8.2160000000000002e+002 	5.7554184499248743e-003 	-1.5868541754402560e-005 	5.7395499081704738e-003
8.7280000000000007e+002 	5.3166590631740628e-003 	-1.6326170232728192e-005 	5.3003328929413359e-003
9.2400000000000000e+002 	4.9278028125331799e-003 	-1.6617189704526285e-005 	4.9111856228286543e-003
9.7519999999999993e+002 	4.5814206008609150e-003 	-1.6764312485832936e-005 	4.5646562883750810e-003
1.0264000000000001e+003 	4.2714031019195240e-003 	-1.6788442781978227e-005 	4.2546146591375452e-003
1.0775999999999999e+003 	3.9927021308990328e-003 	-1.6708249472672033e-005 	3.9759938814263613e-003
1.1288000000000000e+003 	3.7411229990984198e-003 	-1.6540166041486473e-005 	3.7245828330569335e-003
1.1800000000000000e+003 	3.5131597630968150e-003 	-1.6298556177405057e-005 	3.4968612069194104e-003
1.2824000000000001e+003 	3.1213848944670114e-003 	-1.5654090072145644e-005 	3.1057308043948655e-003
1.3848000000000000e+003 	2.7795876078737566e-003 	-1.4842588450995227e-005 	2.7647450194227619e-003
1.4872000000000000e+003 	2.4972921589069392e-003 	-1.3924808028623980e-005 	2.4833673508783145e-003
1.5895999999999999e+003 	2.2567044024233364e-003 	-1.2947420485162551e-005 	2.2437569819381727e-003
1.6920000000000000e+003 	2.0498742533721637e-003 	-1.1944125373495917e-005 	2.0379301279986671e-003
1.7944000000000001e+003 	1.8706679495888313e-003 	-1.0940123018263780e-005 	1.8597278265705679e-003
1.8968000000000000e+003 	1.7143160069986289e-003 	-9.9547790879546536e-006 	1.7043612279106738e-003
1.9992000000000000e+003 	1.5770660013006070e-003 	-9.0025418900806620e-006 	1.5680634594105263e-003
2.1015999999999999e+003 	1.4559277607694911e-003 	-8.0935836609613878e-006 	1.4478341771085302e-003
2.2040000000000000e+003 	1.3484888593662786e-003 	-7.2345893396165558e-006 	1.3412542700266619e-003
2.3064000000000001e+003 	1.2527807303554402e-003 	-6.4295334765793171e-006 	1.2463511968788610e-003
2.5112000000000003e+003 	1.0920234345366969e-003 	-4.9806389379289558e-006 	1.0870427955987684e-003
2.7160000000000000e+003 	9.5579131588548899e-004 	-3.7506930959971318e-006 	9.5204062278949210e-004
2.9207999999999997e+003 	8.4690817924897379e-004 	-2.7300012473105554e-006 	8.4417817800166344e-004
3.1255999999999999e+003 	7.5682724561210645e-004 	-1.8935067590699457e-006 	7.5493373885303643e-004
3.3304000000000001e+003 	6.8151481445808966e-004 	-1.2143797915902363e-006 	6.8030043466649930e-004
3.5352000000000003e+003 	6.1792181644972587e-004 	-6.6924763083206415e-007 	6.1725256881889389e-004
3.7400000000000000e+003 	5.6372826375634261e-004 	-2.3719195824294663e-007 	5.6349107179809975e-004
3.9447999999999997e+003 	5.1715075937012057e-004 	1.0091406876402690e-007 	5.1725167343888445e-004
4.1496000000000004e+003 	4.7680308748011368e-004 	3.6209863622931069e-007 	4.7716518611634319e-004
4.3543999999999996e+003 	4.4159614652995678e-004 	5.6099867762506042e-007 	4.4215714520758195e-004
4.5591999999999998e+003 	4.1066576019278123e-004 	7.0988144399527451e-007 	4.1137564163677633e-004
4.7640000000000000e+003 	3.8332001972494410e-004 	8.1886665748794166e-007 	3.8413888638243209e-004
4.9688000000000002e+003 	3.5900037182953174e-004 	8.9621750073245824e-007 	3.5989658933026418e-004
5.3783999999999996e+003 	3.1815103608112243e-004 	9.9234269899393524e-007 	3.1914337878011646e-004
5.7880000000000000e+003 	2.8329225006782244e-004 	1.0194345387467329e-006 	2.8431168460656912e-004
6.1976000000000004e+003 	2.5520301721064764e-004 	1.0040931611854116e-006 	2.5620711037183292e-004
6.6071999999999998e+003 	2.3164608298945145e-004 	9.6781912453055962e-007 	2.3261390211398202e-004
7.0168000000000002e+003 	2.1161428655814415e-004 	9.2164640861900532e-007 	2.1253593296676314e-004
7.4264000000000005e+003 	1.9436973041608461e-004 	8.7110218708742863e-007 	1.9524083260317212e-004
7.8360000000000000e+003 	1.7936652966171361e-004 	8.1958425090412847e-007 	1.8018611391261771e-004
8.2456000000000004e+003 	1.6619455371512579e-004 	7.6924177740679457e-007 	1.6696379549253264e-004
8.6552000000000007e+003 	1.5454019674261866e-004 	7.2127940689725790e-007 	1.5526147614951588e-004
9.0647999999999993e+003 	1.4415939352093490e-004 	6.7625459863116961e-007 	1.4483564811956608e-004
9.4743999999999996e+003 	1.3485902139782945e-004 	6.3433360924649988e-007 	1.3549335500707602e-004
1.0293600000000000e+004 	1.1916310062998671e-004 	5.6288615246724857e-007 	1.1972598678245394e-004
1.1112799999999999e+004 	1.0550067929956254e-004 	4.9627417881194720e-007 	1.0599695347837454e-004
1.1932000000000000e+004 	9.4443240622247852e-005 	4.3883886002596751e-007 	9.4882079482273794e-005
1.2751200000000001e+004 	8.5117331666051426e-005 	3.9090859100462810e-007 	8.5508240257056053e-005
1.3570400000000000e+004 	7.7166655536648442e-005 	3.4992254043732142e-007 	7.7516578077085706e-005
1.4389600000000000e+004 	7.0323490314936341e-005 	3.1418940511298164e-007 	7.0637679720049297e-005
1.5208799999999999e+004 	6.4384164345246165e-005 	2.8285148781185796e-007 	6.4667015833058005e-005
1.6027999999999998e+004 	5.9191318830690835e-005 	2.5531964964586155e-007 	5.9446638480336696e-005
1.6847200000000001e+004 	5.4621491842697996e-005 	2.3109337937783124e-007 	5.4852585222075819e-005
1.7666399999999998e+004 	5.0576448541653145e-005 	2.0973928239490088e-007 	5.0786187824048033e-005
1.8485600000000002e+004 	4.6977054640968082e-005 	1.9088662234572180e-007 	4.7167941263313803e-005
2.0124000000000000e+004 	4.0978017035874671e-005 	1.6088513755655692e-007 	4.1138902173431215e-005
2.1762399999999998e+004 	3.5798385260859014e-005 	1.3428522014083296e-007 	3.5932670480999836e-005
2.3400799999999999e+004 	3.1682578259015689e-005 	1.1407704106294781e-007 	3.1796655300078644e-005
2.5039200000000001e+004 	2.8260630266536932e-005 	9.8683012743386053e-008 	2.8359313279280319e-005
2.6677600000000002e+004 	2.5382589199971204e-005 	8.6424756172489958e-008 	2.5469013956143685e-005
2.8316000000000000e+004 	2.2936632357118659e-005 	7.6523137537610353e-008 	2.3013155494656259e-005
