-1550 0
-1.5500000000000000e+003 0.0000000000000000e+000 0.0000000000000000e+000
1
1 1 1 1
1
         t, ms                         dVp, mV                         dVs, mV                         dV, mV
5.0000000000000000e-001 	1.3769920912665243e-001 	-2.8555925026392233e-004 	1.3741364987638849e-001
5.9999999999999998e-001 	1.3787825850263788e-001 	-2.8555925020507119e-004 	1.3759269925243284e-001
6.9999999999999996e-001 	1.3799595432703210e-001 	-2.8555925005588253e-004 	1.3771039507697624e-001
8.0000000000000004e-001 	1.3808863565261739e-001 	-2.8555924988424232e-004 	1.3780307640273320e-001
9.0000000000000002e-001 	1.3816704122719173e-001 	-2.8555924977122411e-004 	1.3788148197742053e-001
1.0000000000000000e+000 	1.3823529517353586e-001 	-2.8555924977122926e-004 	1.3794973592376464e-001
1.1000000000000001e+000 	1.3829558884786367e-001 	-2.8555924989515552e-004 	1.3801002959796857e-001
1.2000000000000000e+000 	1.3834938327942897e-001 	-2.8555925011447260e-004 	1.3806382402931455e-001
1.3000000000000000e+000 	1.3839776290725667e-001 	-2.8555925037678745e-004 	1.3811220365687990e-001
1.3999999999999999e+000 	1.3844157045689037e-001 	-2.8555925062371797e-004 	1.3815601120626658e-001
1.6000000000000001e+000 	1.3989755019814790e-001 	-2.8555925087068383e-004 	1.3961199094727722e-001
1.8000000000000000e+000 	1.3858379153177855e-001 	-2.8555925075247305e-004 	1.3829823228102597e-001
2.0000000000000000e+000 	1.3863967815282674e-001 	-2.8555925032829911e-004 	1.3835411890249849e-001
2.2000000000000002e+000 	1.3868827223122845e-001 	-2.8555924976652577e-004 	1.3840271298146192e-001
2.3999999999999999e+000 	1.3873104144821877e-001 	-2.8555924925974848e-004 	1.3844548219895908e-001
2.6000000000000001e+000 	1.3876907715086370e-001 	-2.8555924895661634e-004 	1.3848351790190713e-001
2.7999999999999998e+000 	1.3880320316914677e-001 	-2.8555924892855410e-004 	1.3851764392021815e-001
3.0000000000000000e+000 	1.3883405316381181e-001 	-2.8555924916918892e-004 	1.3854849391464263e-001
3.2000000000000002e+000 	1.3886212368304218e-001 	-2.8555924961484150e-004 	1.3857656443342731e-001
3.3999999999999999e+000 	1.3888781042260656e-001 	-2.8555925017313699e-004 	1.3860225117243330e-001
3.6000000000000001e+000 	1.3891143335601466e-001 	-2.8555925074983264e-004 	1.3862587410526472e-001
4.0000000000000000e+000 	1.3945843954765441e-001 	-2.8555925165350105e-004 	1.3917288029600092e-001
4.4000000000000004e+000 	1.3899037803170292e-001 	-2.8555925216887596e-004 	1.3870481877953403e-001
4.7999999999999998e+000 	1.3902248247572099e-001 	-2.8555925235693863e-004 	1.3873692322336403e-001
5.2000000000000002e+000 	1.3905098587265860e-001 	-2.8555925239217688e-004 	1.3876542662026642e-001
5.5999999999999996e+000 	1.3907665421688087e-001 	-2.8555925242217464e-004 	1.3879109496445866e-001
6.0000000000000000e+000 	1.3910012894304977e-001 	-2.8555925246985677e-004 	1.3881456969057990e-001
6.4000000000000004e+000 	1.3912195005228753e-001 	-2.8555925240610834e-004 	1.3883639079988136e-001
6.7999999999999998e+000 	1.3914256461398250e-001 	-2.8555925198517443e-004 	1.3885700536199733e-001
7.2000000000000002e+000 	1.3916232791831304e-001 	-2.8555925091779431e-004 	1.3887676866739523e-001
7.5999999999999996e+000 	1.3918150362326132e-001 	-2.8555924895413330e-004 	1.3889594437430722e-001
8.0000000000000000e+000 	1.3920026660612031e-001 	-2.8555924595443456e-004 	1.3891470736016587e-001
8.8000000000000007e+000 	1.3951242522535445e-001 	-2.8555923751986755e-004 	1.3922686598783462e-001
9.5999999999999996e+000 	1.3927175123626540e-001 	-2.8555922787252641e-004 	1.3898619200839288e-001
1.0400000000000000e+001 	1.3930436861619758e-001 	-2.8555922052275794e-004 	1.3901880939567479e-001
1.1199999999999999e+001 	1.3933361134115849e-001 	-2.8555921933062247e-004 	1.3904805212182789e-001
1.2000000000000000e+001 	1.3935827953751198e-001 	-2.8555922749771788e-004 	1.3907272031001425e-001
1.2800000000000001e+001 	1.3937717955790893e-001 	-2.8555924678197144e-004 	1.3909162031112698e-001
1.3600000000000000e+001 	1.3938922167354750e-001 	-2.8555927709430454e-004 	1.3910366239645316e-001
1.4400000000000000e+001 	1.3939346860464522e-001 	-2.8555931649029931e-004 	1.3910790928815495e-001
1.5199999999999999e+001 	1.3938914866910335e-001 	-2.8555936147626093e-004 	1.3910358930762709e-001
1.6000000000000000e+001 	1.3937564733371011e-001 	-2.8555940750887984e-004 	1.3909008792620128e-001
1.6800000000000001e+001 	1.3935248797731606e-001 	-2.8555944956799173e-004 	1.3906692852774810e-001
1.7600000000000001e+001 	1.3931930914760599e-001 	-2.8555948270570408e-004 	1.3903374966490026e-001
1.8399999999999999e+001 	1.3927584259768361e-001 	-2.8555950250770012e-004 	1.3899028309517591e-001
2.0000000000000000e+001 	1.3930770253776181e-001 	-2.8555948743763757e-004 	1.3902214305032420e-001
2.1600000000000001e+001 	1.3899591727027955e-001 	-2.8555939591133649e-004 	1.3871035787436811e-001
2.3199999999999999e+001 	1.3879172014178268e-001 	-2.8555923189166262e-004 	1.3850616090989115e-001
2.4800000000000001e+001 	1.3854474858380231e-001 	-2.8555901148290681e-004 	1.3825918957231936e-001
2.6399999999999999e+001 	1.3825549109376456e-001 	-2.8555875970472745e-004 	1.3796993233405988e-001
2.8000000000000000e+001 	1.3792474410356700e-001 	-2.8555850628083951e-004 	1.3763918559728616e-001
2.9600000000000001e+001 	1.3755357419332859e-001 	-2.8555828159055046e-004 	1.3726801591173801e-001
3.1199999999999999e+001 	1.3714328437144266e-001 	-2.8555811338213288e-004 	1.3685772625806056e-001
3.2800000000000004e+001 	1.3669538091794081e-001 	-2.8555802446984812e-004 	1.3640982289347087e-001
3.4399999999999999e+001 	1.3621153919858167e-001 	-2.8555803139931592e-004 	1.3592598116718235e-001
3.6000000000000000e+001 	1.3569356856395048e-001 	-2.8555814393949367e-004 	1.3540801042001099e-001
3.7600000000000001e+001 	1.3514337736831938e-001 	-2.8555836521064389e-004 	1.3485781900310873e-001
4.0800000000000004e+001 	1.3401661336660936e-001 	-2.8555910110211811e-004 	1.3373105426550724e-001
4.4000000000000000e+001 	1.3266629565612878e-001 	-2.8556015558849150e-004 	1.3238073550054033e-001
4.7199999999999996e+001 	1.3128644287744337e-001 	-2.8556140505096265e-004 	1.3100088147239239e-001
5.0399999999999999e+001 	1.2983192452155021e-001 	-2.8556270211350476e-004 	1.2954636181943671e-001
5.3600000000000001e+001 	1.2831636417848408e-001 	-2.8556389099538540e-004 	1.2803080028748873e-001
5.6800000000000004e+001 	1.2675217096223088e-001 	-2.8556481880104664e-004 	1.2646660614342992e-001
6.0000000000000000e+001 	1.2515043174206236e-001 	-2.8556534249426293e-004 	1.2486486639956816e-001
6.3200000000000003e+001 	1.2352090723049511e-001 	-2.8556533272292494e-004 	1.2323534189777212e-001
6.6400000000000006e+001 	1.2187209240624540e-001 	-2.8556467597562593e-004 	1.2158652773026973e-001
6.9599999999999994e+001 	1.2021131377944654e-001 	-2.8556327619020598e-004 	1.1992575050325632e-001
7.2799999999999997e+001 	1.1854484424355048e-001 	-2.8556105632150474e-004 	1.1825928318722898e-001
7.9200000000000003e+001 	1.1525185570749152e-001 	-2.8555393325372714e-004 	1.1496630177423778e-001
8.5599999999999994e+001 	1.1192633069260406e-001 	-2.8554320467929958e-004 	1.1164078748792475e-001
9.2000000000000000e+001 	1.0868481584650416e-001 	-2.8552895083318233e-004 	1.0839928689567101e-001
9.8400000000000006e+001 	1.0551263737150239e-001 	-2.8551136581748732e-004 	1.0522712600568493e-001
1.0480000000000001e+002 	1.0242140184310829e-001 	-2.8549061355045150e-004 	1.0213591122955785e-001
1.1119999999999999e+002 	9.9418700739927507e-002 	-2.8546664051381707e-004 	9.9133234099413672e-002
1.1759999999999999e+002 	9.6509090234607117e-002 	-2.8543898960707380e-004 	9.6223651245000069e-002
1.2400000000000000e+002 	9.3694880993623567e-002 	-2.8540666192624779e-004 	9.3409474331697342e-002
1.3039999999999998e+002 	9.0976741668960581e-002 	-2.8536804608687844e-004 	9.0691373622873703e-002
1.3680000000000001e+002 	8.8354149947198882e-002 	-2.8532090702533292e-004 	8.8068829040173532e-002
1.4319999999999999e+002 	8.5825727205991270e-002 	-2.8526241941407286e-004 	8.5540464786577244e-002
1.5600000000000000e+002 	8.1092225655219868e-002 	-2.8509228936550419e-004 	8.0807133365854350e-002
1.6880000000000001e+002 	7.6599555425315796e-002 	-2.8482961519454185e-004 	7.6314725810121276e-002
1.8160000000000002e+002 	7.2483849905262646e-002 	-2.8444308813683865e-004 	7.2199406817125847e-002
1.9439999999999998e+002 	6.8669154033014296e-002 	-2.8390202050639687e-004 	6.8385252012507877e-002
2.0719999999999999e+002 	6.5132219354350263e-002 	-2.8317922910009886e-004 	6.4849040125250168e-002
2.2000000000000000e+002 	6.1850617973351729e-002 	-2.8225296294121617e-004 	6.1568365010410520e-002
2.3280000000000001e+002 	5.8803199214488816e-002 	-2.8110793388851378e-004 	5.8522091280600291e-002
2.4560000000000002e+002 	5.5970309549494987e-002 	-2.7973560172156605e-004 	5.5690573947773409e-002
2.5840000000000003e+002 	5.3333861850904080e-002 	-2.7813388229873029e-004 	5.3055727968605360e-002
2.7119999999999999e+002 	5.0877313896034913e-002 	-2.7630644342173925e-004 	5.0601007452613180e-002
2.8400000000000000e+002 	4.8585595741154917e-002 	-2.7426175520880991e-004 	4.8311333985946107e-002
2.9680000000000001e+002 	4.6445011110515300e-002 	-2.7201204795459816e-004 	4.6172999062560685e-002
3.0959999999999997e+002 	4.4443128215189892e-002 	-2.6957229348682684e-004 	4.4173555921703071e-002
3.3519999999999999e+002 	4.0853070909402066e-002 	-2.6421451695695329e-004 	4.0588856392445111e-002
3.6080000000000001e+002 	3.7587271489549427e-002 	-2.5831428257435827e-004 	3.7328957206975079e-002
3.8640000000000003e+002 	3.4746586483205527e-002 	-2.5200408009632091e-004 	3.4494582403109209e-002
4.1200000000000000e+002 	3.2223786630278743e-002 	-2.4540871241353704e-004 	3.1978377917865196e-002
4.3759999999999997e+002 	2.9973920481111072e-002 	-2.3863780351393512e-004 	2.9735282677597147e-002
4.6319999999999999e+002 	2.7959269213973827e-002 	-2.3178355165662170e-004 	2.7727485662317208e-002
4.8880000000000001e+002 	2.6148196935753477e-002 	-2.2492151637205622e-004 	2.5923275419381428e-002
5.1439999999999998e+002 	2.4514099725045195e-002 	-2.1811216640010690e-004 	2.4295987558645097e-002
5.4000000000000000e+002 	2.3034517377017553e-002 	-2.1140240805742966e-004 	2.2823114968960126e-002
5.6560000000000002e+002 	2.1690404424681752e-002 	-2.0482726067130275e-004 	2.1485577164010460e-002
5.9119999999999993e+002 	2.0465538087081171e-002 	-1.9841176223809652e-004 	2.0267126324843076e-002
6.1680000000000007e+002 	1.9346038448570458e-002 	-1.9217290960483051e-004 	1.9153865538965621e-002
6.6800000000000000e+002 	1.7400875817396039e-002 	-1.8026723953353075e-004 	1.7220608577862506e-002
7.1919999999999993e+002 	1.5683557097532736e-002 	-1.6913071406329485e-004 	1.5514426383469436e-002
7.7039999999999998e+002 	1.4245775867942585e-002 	-1.5875455016939940e-004 	1.4087021317773184e-002
8.2160000000000002e+002 	1.3006486784245644e-002 	-1.4910710787748447e-004 	1.2857379676368155e-002
8.7280000000000007e+002 	1.1929896440180721e-002 	-1.4014366226228146e-004 	1.1789752777918437e-002
9.2400000000000000e+002 	1.0987802691727978e-002 	-1.3181418417226382e-004 	1.0855988507555710e-002
9.7519999999999993e+002 	1.0157889486133276e-002 	-1.2406781965647079e-004 	1.0033821666476801e-002
1.0264000000000001e+003 	9.4223574212591032e-003 	-1.1685521980367505e-004 	9.3055022014554272e-003
1.0775999999999999e+003 	8.7668783517862829e-003 	-1.1012987435499971e-004 	8.6567484774312860e-003
1.1288000000000000e+003 	8.1798105272398881e-003 	-1.0384888076388194e-004 	8.0759616464760042e-003
1.1800000000000000e+003 	7.6516101549753829e-003 	-9.7973267955468339e-005 	7.5536368870199122e-003
1.2824000000000001e+003 	6.7518608918598734e-003 	-8.7260329005874764e-005 	6.6646005628539992e-003
1.3848000000000000e+003 	5.9743727350051422e-003 	-7.7794357836160328e-005 	5.8965783771689831e-003
1.4872000000000000e+003 	5.3391147352927623e-003 	-6.9403210143105797e-005 	5.2697115251496580e-003
1.5895999999999999e+003 	4.8023209213487661e-003 	-6.1937988244348374e-005 	4.7403829331044162e-003
1.6920000000000000e+003 	4.3442513429287899e-003 	-5.5271648902141947e-005 	4.2889796940266478e-003
1.7944000000000001e+003 	3.9499141980461755e-003 	-4.9300817487091548e-005 	3.9006133805590836e-003
1.8968000000000000e+003 	3.6078161955337934e-003 	-4.3942906138944356e-005 	3.5638732893948483e-003
1.9992000000000000e+003 	3.3090268518431660e-003 	-3.9130351146485031e-005 	3.2698965006966803e-003
2.1015999999999999e+003 	3.0465066534691053e-003 	-3.4805955648111964e-005 	3.0117006978209928e-003
2.2040000000000000e+003 	2.8146298675617212e-003 	-3.0920133411962537e-005 	2.7837097341497580e-003
2.3064000000000001e+003 	2.6088440739642483e-003 	-2.7429283398792441e-005 	2.5814147905654566e-003
2.5112000000000003e+003 	2.2647636189793456e-003 	-2.1427110913688742e-005 	2.2433365080656567e-003
2.7160000000000000e+003 	1.9747703583886610e-003 	-1.6594799663562090e-005 	1.9581755587250995e-003
2.9207999999999997e+003 	1.7443359469405016e-003 	-1.2735769937186770e-005 	1.7316001770033146e-003
3.1255999999999999e+003 	1.5546060689537982e-003 	-9.6620961981288593e-006 	1.5449439727556690e-003
3.3304000000000001e+003 	1.3966460683099997e-003 	-7.2171369400014972e-006 	1.3894289313699983e-003
3.5352000000000003e+003 	1.2637556791039034e-003 	-5.2782545991242590e-006 	1.2584774245047795e-003
3.7400000000000000e+003 	1.1508735502665530e-003 	-3.7473467429617899e-006 	1.1471262035235913e-003
3.9447999999999997e+003 	1.0541338683889886e-003 	-2.5440070668995682e-006 	1.0515898613220895e-003
4.1496000000000004e+003 	9.7054859961548075e-004 	-1.6023529330688387e-006 	9.6894624668241239e-004
4.3543999999999996e+003 	8.9778161729105351e-004 	-8.6894343608407265e-007 	8.9691267385496947e-004
4.5591999999999998e+003 	8.3398719918556942e-004 	-3.0079987112190419e-007 	8.3368639931444711e-004
4.7640000000000000e+003 	7.7769315324562158e-004 	1.3646175194886861e-007 	7.7782961499757029e-004
4.9688000000000002e+003 	7.2771505311272037e-004 	4.7026405925472291e-007 	7.2818531717197500e-004
5.3783999999999996e+003 	6.4395106946160306e-004 	9.3939692228170803e-007 	6.4489046638388481e-004
5.7880000000000000e+003 	5.7262955676054984e-004 	1.1858200002847469e-006 	5.7381537676083453e-004
6.1976000000000004e+003 	5.1531269782639170e-004 	1.2912003669713656e-006 	5.1660389819336325e-004
6.6071999999999998e+003 	4.6734150444275165e-004 	1.3181479078829990e-006 	4.6865965235063479e-004
7.0168000000000002e+003 	4.2661815627019245e-004 	1.3012219087243129e-006 	4.2791937817891670e-004
7.4264000000000005e+003 	3.9161096098093347e-004 	1.2592932661242365e-006 	3.9287025424705768e-004
7.8360000000000000e+003 	3.6119038737259955e-004 	1.2041130812600799e-006 	3.6239450045385965e-004
8.2456000000000004e+003 	3.3451019986144726e-004 	1.1431741530013488e-006 	3.3565337401444864e-004
8.6552000000000007e+003 	3.1092491786460536e-004 	1.0809805412544565e-006 	3.1200589840585987e-004
9.0647999999999993e+003 	2.8993326012975831e-004 	1.0200507507810911e-006 	2.9095331088053951e-004
9.4743999999999996e+003 	2.7113930313606355e-004 	9.6168472890875467e-007 	2.7210098786497233e-004
1.0293600000000000e+004 	2.3945078981250581e-004 	8.6204217260758631e-007 	2.4031283198511338e-004
1.1112799999999999e+004 	2.1188593256378388e-004 	7.6328423830141007e-007 	2.1264921680208529e-004
1.1932000000000000e+004 	1.8960131586291871e-004 	6.7652942961631476e-007 	1.9027784529253498e-004
1.2751200000000001e+004 	1.7082042441621370e-004 	6.0408243032225852e-007 	1.7142450684653590e-004
1.3570400000000000e+004 	1.5481912162007856e-004 	5.4183253872050975e-007 	1.5536095415879907e-004
1.4389600000000000e+004 	1.4105411146491344e-004 	4.8711890020112884e-007 	1.4154123036511459e-004
1.5208799999999999e+004 	1.2911263174671114e-004 	4.3879260394779640e-007 	1.2955142435065896e-004
1.6027999999999998e+004 	1.1867614755764225e-004 	3.9611931009366137e-007 	1.1907226686773591e-004
1.6847200000000001e+004 	1.0949498668115980e-004 	3.5844182601206305e-007 	1.0985342850717182e-004
1.7666399999999998e+004 	1.0137065992644094e-004 	3.2516151881974243e-007 	1.0169582144526068e-004
1.8485600000000002e+004 	9.4143387865103069e-005 	2.9574940514250937e-007 	9.4439137270245580e-005
2.0124000000000000e+004 	8.2102395621863809e-005 	2.4974653699669790e-007 	8.2352142158860530e-005
2.1762399999999998e+004 	7.1708703184933782e-005 	2.0757854625876481e-007 	7.1916281731192541e-005
2.3400799999999999e+004 	6.3453497982478649e-005 	1.7604359372387646e-007 	6.3629541576202541e-005
2.5039200000000001e+004 	5.6592083172110234e-005 	1.5248033379741602e-007 	5.6744563505907657e-005
2.6677600000000002e+004 	5.0822740727682888e-005 	1.3386796486653802e-007 	5.0956608692549419e-005
2.8316000000000000e+004 	4.5920608784448756e-005 	1.1892793427736381e-007 	4.6039536718726148e-005
-1850 0
-1.8500000000000000e+003 0.0000000000000000e+000 0.0000000000000000e+000
1
1 1 1 1
1
         t, ms                         dVp, mV                         dVs, mV                         dV, mV
5.0000000000000000e-001 	1.1037266996818913e-001 	-2.8807364902956736e-004 	1.1008459631915957e-001
5.9999999999999998e-001 	1.1051154623524255e-001 	-2.8807364906560456e-004 	1.1022347258617696e-001
6.9999999999999996e-001 	1.1060283511033454e-001 	-2.8807364930206157e-004 	1.1031476146103245e-001
8.0000000000000004e-001 	1.1067472187517781e-001 	-2.8807364966060718e-004 	1.1038664822551721e-001
9.0000000000000002e-001 	1.1073553579455669e-001 	-2.8807365000705238e-004 	1.1044746214454963e-001
1.0000000000000000e+000 	1.1078847569303715e-001 	-2.8807365021634481e-004 	1.1050040204282081e-001
1.1000000000000001e+000 	1.1083524128373469e-001 	-2.8807365021356362e-004 	1.1054716763352115e-001
1.2000000000000000e+000 	1.1087696580882894e-001 	-2.8807364998565706e-004 	1.1058889215884325e-001
1.3000000000000000e+000 	1.1091449040949683e-001 	-2.8807364957201029e-004 	1.1062641675992488e-001
1.3999999999999999e+000 	1.1094846873940709e-001 	-2.8807364904493571e-004 	1.1066039509036217e-001
1.6000000000000001e+000 	1.1207774191600253e-001 	-2.8807364806128239e-004 	1.1178966826794125e-001
1.8000000000000000e+000 	1.1105877904254502e-001 	-2.8807364744831422e-004 	1.1077070539509674e-001
2.0000000000000000e+000 	1.1110212601825854e-001 	-2.8807364742815923e-004 	1.1081405237083035e-001
2.2000000000000002e+000 	1.1113981666751573e-001 	-2.8807364800210929e-004 	1.1085174301951360e-001
2.3999999999999999e+000 	1.1117298937621396e-001 	-2.8807364901036744e-004 	1.1088491572720366e-001
2.6000000000000001e+000 	1.1120249063095264e-001 	-2.8807365022081390e-004 	1.1091441698073182e-001
2.7999999999999998e+000 	1.1122895942174195e-001 	-2.8807365140770633e-004 	1.1094088577033423e-001
3.0000000000000000e+000 	1.1125288723594434e-001 	-2.8807365240245472e-004 	1.1096481358354192e-001
3.2000000000000002e+000 	1.1127465921242759e-001 	-2.8807365311428305e-004 	1.1098658555931330e-001
3.3999999999999999e+000 	1.1129458226502259e-001 	-2.8807365352716301e-004 	1.1100650861149543e-001
3.6000000000000001e+000 	1.1131290457559888e-001 	-2.8807365368222111e-004 	1.1102483092191669e-001
4.0000000000000000e+000 	1.1173716804411951e-001 	-2.8807365361321441e-004 	1.1144909439050631e-001
4.4000000000000004e+000 	1.1137413514131414e-001 	-2.8807365335148822e-004 	1.1108606148796266e-001
4.7999999999999998e+000 	1.1139903566469088e-001 	-2.8807365311269085e-004 	1.1111096201157813e-001
5.2000000000000002e+000 	1.1142114291461107e-001 	-2.8807365278096163e-004 	1.1113306926183009e-001
5.5999999999999996e+000 	1.1144105059383104e-001 	-2.8807365195828073e-004 	1.1115297694187282e-001
6.0000000000000000e+000 	1.1145925538200845e-001 	-2.8807365010880042e-004 	1.1117118173189958e-001
6.4000000000000004e+000 	1.1147617468715941e-001 	-2.8807364673334609e-004 	1.1118810104042609e-001
6.7999999999999998e+000 	1.1149215305380578e-001 	-2.8807364152259407e-004 	1.1120407941228318e-001
7.2000000000000002e+000 	1.1150746288971987e-001 	-2.8807363445876023e-004 	1.1121938925526112e-001
7.5999999999999996e+000 	1.1152230445443166e-001 	-2.8807362585580811e-004 	1.1123423082857585e-001
8.0000000000000000e+000 	1.1153680799590410e-001 	-2.8807361634286874e-004 	1.1124873437956119e-001
8.8000000000000007e+000 	1.1177871814781801e-001 	-2.8807359966783998e-004 	1.1149064454815023e-001
9.5999999999999996e+000 	1.1159169724075171e-001 	-2.8807359161012332e-004 	1.1130362364914165e-001
1.0400000000000000e+001 	1.1161638152126090e-001 	-2.8807359892230830e-004 	1.1132830792233854e-001
1.1199999999999999e+001 	1.1163810940863106e-001 	-2.8807362607128912e-004 	1.1135003578255977e-001
1.2000000000000000e+001 	1.1165585416211894e-001 	-2.8807367415180666e-004 	1.1136778048796717e-001
1.2800000000000001e+001 	1.1166858932839009e-001 	-2.8807374061442587e-004 	1.1138051558777572e-001
1.3600000000000000e+001 	1.1167536662118886e-001 	-2.8807381968390557e-004 	1.1138729280150497e-001
1.4400000000000000e+001 	1.1167535497902045e-001 	-2.8807390324347732e-004 	1.1138728107577697e-001
1.5199999999999999e+001 	1.1166785166906057e-001 	-2.8807398193907570e-004 	1.1137977768712153e-001
1.6000000000000000e+001 	1.1165227634815512e-001 	-2.8807404629173871e-004 	1.1136420230186340e-001
1.6800000000000001e+001 	1.1162815665837245e-001 	-2.8807408766723749e-004 	1.1134008257070525e-001
1.7600000000000001e+001 	1.1159511113968318e-001 	-2.8807409901694507e-004 	1.1130703704066623e-001
1.8399999999999999e+001 	1.1155283285070981e-001 	-2.8807407535953348e-004 	1.1126475877535033e-001
2.0000000000000000e+001 	1.1155576924605125e-001 	-2.8807391690234254e-004 	1.1126769532914893e-001
2.1600000000000001e+001 	1.1128683229315176e-001 	-2.8807362426391255e-004 	1.1099875866888788e-001
2.3199999999999999e+001 	1.1109425535525523e-001 	-2.8807323036091331e-004 	1.1080618212489429e-001
2.4800000000000001e+001 	1.1086131208152461e-001 	-2.8807278388602472e-004 	1.1057323929763856e-001
2.6399999999999999e+001 	1.1058800344869760e-001 	-2.8807234133702982e-004 	1.1029993110736058e-001
2.8000000000000000e+001 	1.1027469537396840e-001 	-2.8807195914811373e-004 	1.0998662341482031e-001
2.9600000000000001e+001 	1.0992209079300563e-001 	-2.8807168736727355e-004 	1.0963401910563837e-001
3.1199999999999999e+001 	1.0953119800344244e-001 	-2.8807156539547706e-004 	1.0924312643804696e-001
3.2800000000000004e+001 	1.0910329466061620e-001 	-2.8807161974503360e-004 	1.0881522304087117e-001
3.4399999999999999e+001 	1.0863988794102646e-001 	-2.8807186348557009e-004 	1.0835181607754091e-001
3.6000000000000000e+001 	1.0814267242484060e-001 	-2.8807229694064016e-004 	1.0785460012789996e-001
3.7600000000000001e+001 	1.0761348765763729e-001 	-2.8807290920407390e-004 	1.0732541474843318e-001
4.0800000000000004e+001 	1.0651538055543956e-001 	-2.8807454112637530e-004 	1.0622730601431320e-001
4.4000000000000000e+001 	1.0522293939996308e-001 	-2.8807654110365782e-004 	1.0493486285885946e-001
4.7199999999999996e+001 	1.0388841774442356e-001 	-2.8807864590947601e-004 	1.0360033909851403e-001
5.0399999999999999e+001 	1.0248128716039667e-001 	-2.8808058312801053e-004 	1.0219320657726867e-001
5.3600000000000001e+001 	1.0101579913965693e-001 	-2.8808209736229807e-004 	1.0072771704229463e-001
5.6800000000000004e+001 	9.9505001150501218e-002 	-2.8808296606065448e-004 	9.9216918184440603e-002
6.0000000000000000e+001 	9.7960578831307543e-002 	-2.8808300645719010e-004 	9.7672495824850367e-002
6.3200000000000003e+001 	9.6392819325364837e-002 	-2.8808207630610407e-004 	9.6104737249058741e-002
6.6400000000000006e+001 	9.4810653303756431e-002 	-2.8808007117103198e-004 	9.4522573232585436e-002
6.9599999999999994e+001 	9.3221744750659474e-002 	-2.8807692043880873e-004 	9.2933667830220640e-002
7.2799999999999997e+001 	9.1632606104809236e-002 	-2.8807258339696241e-004 	9.1344533521412266e-002
7.9200000000000003e+001 	8.8505429570243058e-002 	-2.8806035833718607e-004 	8.8217369211905886e-002
8.5599999999999994e+001 	8.5379469734404176e-002 	-2.8804360941607276e-004 	8.5091426124988115e-002
9.2000000000000000e+001 	8.2353343138295385e-002 	-2.8802275649971826e-004 	8.2065320381795689e-002
9.8400000000000006e+001 	7.9416763921893022e-002 	-2.8799834254229030e-004 	7.9128765579350752e-002
1.0480000000000001e+002 	7.6579583434207329e-002 	-2.8797088998732279e-004 	7.6291612544219983e-002
1.1119999999999999e+002 	7.3847401115503655e-002 	-2.8794071198871526e-004 	7.3559460403514937e-002
1.1759999999999999e+002 	7.1222689186106261e-002 	-2.8790770916538430e-004 	7.0934781476940892e-002
1.2400000000000000e+002 	6.8705688517755922e-002 	-2.8787119167222354e-004 	6.8417817326083721e-002
1.3039999999999998e+002 	6.6295083214962164e-002 	-2.8782975237285995e-004 	6.6007253462589316e-002
1.3680000000000001e+002 	6.3988494862795370e-002 	-2.8778119856857578e-004 	6.3700713664226791e-002
1.4319999999999999e+002 	6.1782839806482151e-002 	-2.8772254202891570e-004 	6.1495117264453239e-002
1.5600000000000000e+002 	5.7700330591786052e-002 	-2.8755295186846502e-004 	5.7412777639917562e-002
1.6880000000000001e+002 	5.3883634154818512e-002 	-2.8728727977638116e-004 	5.3596346875042097e-002
1.8160000000000002e+002 	5.0439581027142716e-002 	-2.8688647450140142e-004 	5.0152694552641312e-002
1.9439999999999998e+002 	4.7293026844974217e-002 	-2.8631107445829058e-004 	4.7006715770515926e-002
2.0719999999999999e+002 	4.4415771394685610e-002 	-2.8552521326559790e-004 	4.4130246181420016e-002
2.2000000000000000e+002 	4.1781646065935381e-002 	-2.8449949753629565e-004 	4.1497146568399097e-002
2.3280000000000001e+002 	3.9366750158909461e-002 	-2.8321267853216126e-004 	3.9083537480377330e-002
2.4560000000000002e+002 	3.7149470724845896e-002 	-2.8165224266134763e-004 	3.6867818482184539e-002
2.5840000000000003e+002 	3.5110384121201814e-002 	-2.7981413909820922e-004 	3.4830569982103612e-002
2.7119999999999999e+002 	3.3232098856612706e-002 	-2.7770189373788089e-004 	3.2954396962874832e-002
2.8400000000000000e+002 	3.1499074966714329e-002 	-2.7532536336649080e-004 	3.1223749603347846e-002
2.9680000000000001e+002 	2.9897439965791570e-002 	-2.7269935445658902e-004 	2.9624740611334972e-002
3.0959999999999997e+002 	2.8414812165685865e-002 	-2.6984227227258128e-004 	2.8144969893413290e-002
3.3519999999999999e+002 	2.5794564911092811e-002 	-2.6354876301051437e-004 	2.5531016148082297e-002
3.6080000000000001e+002 	2.3446904653752459e-002 	-2.5660099839494880e-004 	2.3190303655357514e-002
3.8640000000000003e+002 	2.1443115768438450e-002 	-2.4916325684481164e-004 	2.1193952511593641e-002
4.1200000000000000e+002 	1.9691838784616576e-002 	-2.4139049850937282e-004 	1.9450448286107199e-002
4.3759999999999997e+002 	1.8153012806261342e-002 	-2.3341948245984034e-004 	1.7919593323801504e-002
4.6319999999999999e+002 	1.6793801730456717e-002 	-2.2536566291042750e-004 	1.6568436067546294e-002
4.8880000000000001e+002 	1.5587283771228991e-002 	-2.1732350734457131e-004 	1.5369960263884427e-002
5.1439999999999998e+002 	1.4511304611553557e-002 	-2.0936818528675735e-004 	1.4301936426266797e-002
5.4000000000000000e+002 	1.3547539398757330e-002 	-2.0155769363617315e-004 	1.3345981705121154e-002
5.6560000000000002e+002 	1.2680744974623464e-002 	-1.9393521777998107e-004 	1.2486809756843482e-002
5.9119999999999993e+002 	1.1898168790940656e-002 	-1.8653160001888587e-004 	1.1711637190921772e-002
6.1680000000000007e+002 	1.1189081993685015e-002 	-1.7936770559332822e-004 	1.1009714288091686e-002
6.6800000000000000e+002 	9.9713515860091577e-003 	-1.6580882778319714e-004 	9.8055427582259581e-003
7.1919999999999993e+002 	8.9086488633243546e-003 	-1.5327911817954239e-004 	8.7553697451448129e-003
7.7039999999999998e+002 	8.0318505317004737e-003 	-1.4176153408883554e-004 	7.8900889976116356e-003
8.2160000000000002e+002 	7.2848332855574875e-003 	-1.3120986489610739e-004 	7.1536234206613812e-003
8.7280000000000007e+002 	6.6425447908975187e-003 	-1.2156031731381655e-004 	6.5209844735836997e-003
9.2400000000000000e+002 	6.0856213017164889e-003 	-1.1274114396959153e-004 	5.9728801577468961e-003
9.7519999999999993e+002 	5.5990107751087400e-003 	-1.0467907261559571e-004 	5.4943317024931434e-003
1.0264000000000001e+003 	5.1708995041056674e-003 	-9.7303097136386242e-005 	5.0735964069692817e-003
1.0775999999999999e+003 	4.7919136830782607e-003 	-9.0546555781771202e-005 	4.7013671272964873e-003
1.1288000000000000e+003 	4.4545340384426714e-003 	-8.4348157016487715e-005 	4.3701858814261859e-003
1.1800000000000000e+003 	4.1526664351000117e-003 	-7.8652339386659013e-005 	4.0740140957133538e-003
1.2824000000000001e+003 	3.6420669124708708e-003 	-6.8518881930625220e-005 	3.5735480305402467e-003
1.3848000000000000e+003 	3.2042519222335243e-003 	-5.9865957726511599e-005 	3.1443859645070129e-003
1.4872000000000000e+003 	2.8496875401358792e-003 	-5.2445189200840443e-005 	2.7972423509350381e-003
1.5895999999999999e+003 	2.5522188171152771e-003 	-4.6047282812701563e-005 	2.5061715343025772e-003
1.6920000000000000e+003 	2.2999698043404933e-003 	-4.0500014744182311e-005 	2.2594697895963107e-003
1.7944000000000001e+003 	2.0840212706844524e-003 	-3.5665604006836752e-005 	2.0483556666776167e-003
1.8968000000000000e+003 	1.8976054314446425e-003 	-3.1434948774582219e-005 	1.8661704826700598e-003
1.9992000000000000e+003 	1.7355120917941123e-003 	-2.7720627885293477e-005 	1.7077914639088186e-003
2.1015999999999999e+003 	1.5936679977776905e-003 	-2.4451276214682986e-005 	1.5692167215630077e-003
2.2040000000000000e+003 	1.4688417362915839e-003 	-2.1567746633708542e-005 	1.4472739896578756e-003
2.3064000000000001e+003 	1.3584355259741443e-003 	-1.9020459427653728e-005 	1.3394150665464906e-003
2.5112000000000003e+003 	1.1745959449069824e-003 	-1.4724268326108489e-005 	1.1598716765808738e-003
2.7160000000000000e+003 	1.0204332485426783e-003 	-1.1350647414985505e-005 	1.0090826011276927e-003
2.9207999999999997e+003 	8.9859139318143729e-004 	-8.7118114214215073e-006 	8.8987958176001602e-004
3.1255999999999999e+003 	7.9872275036205133e-004 	-6.6460719830390562e-006 	7.9207667837901221e-004
3.3304000000000001e+003 	7.1590659899112643e-004 	-5.0260656615921073e-006 	7.1088053332953450e-004
3.5352000000000003e+003 	6.4647800019180049e-004 	-3.7555540185298936e-006 	6.4272244617327094e-004
3.7400000000000000e+003 	5.8768596091460928e-004 	-2.7604817337670677e-006 	5.8492547918084206e-004
3.9447999999999997e+003 	5.3744122293920740e-004 	-1.9825301347095687e-006 	5.3545869280449785e-004
4.1496000000000004e+003 	4.9413702980328361e-004 	-1.3755083857385350e-006 	4.9276152141754497e-004
4.3543999999999996e+003 	4.5652273577675431e-004 	-9.0293275059962645e-007 	4.5561980302615473e-004
4.5591999999999998e+003 	4.2361410190967319e-004 	-5.3606882857189541e-007 	4.2307803308110146e-004
4.7640000000000000e+003 	3.9462881569793910e-004 	-2.5231108541749474e-007 	3.9437650461252163e-004
4.9688000000000002e+003 	3.6893945735716173e-004 	-3.3876676141752223e-008 	3.6890558068101997e-004
5.3783999999999996e+003 	3.2597710881175830e-004 	2.7724740027939907e-007 	3.2625435621203773e-004
5.7880000000000000e+003 	2.8947731952916821e-004 	4.4984129992281387e-007 	2.8992716082909103e-004
6.1976000000000004e+003 	2.6022336994346244e-004 	5.3460494623119466e-007 	2.6075797488969363e-004
6.6071999999999998e+003 	2.3578927601893484e-004 	5.6947830379697836e-007 	2.3635875432273182e-004
7.0168000000000002e+003 	2.1508245349694921e-004 	5.7579388791796456e-007 	2.1565824738486715e-004
7.4264000000000005e+003 	1.9730781815070254e-004 	5.6541936810668684e-007 	1.9787323751880919e-004
7.8360000000000000e+003 	1.8188085205739194e-004 	5.4571385558896370e-007 	1.8242656591298096e-004
8.2456000000000004e+003 	1.6836485030767909e-004 	5.2133893490767689e-007 	1.6888618924258681e-004
8.6552000000000007e+003 	1.5642751599571062e-004 	4.9511562480957552e-007 	1.5692263162052025e-004
9.0647999999999993e+003 	1.4581132907085680e-004 	4.6866189849119480e-007 	1.4627999096934800e-004
9.4743999999999996e+003 	1.3631326483894084e-004 	4.4285891726371383e-007 	1.3675612375620448e-004
1.0293600000000000e+004 	1.2031379264157156e-004 	3.9863268289134140e-007 	1.2071242532446288e-004
1.1112799999999999e+004 	1.0640579000843285e-004 	3.5347799123790332e-007 	1.0675926799967073e-004
1.1932000000000000e+004 	9.5174673822840712e-005 	3.1345360099842704e-007 	9.5488127423839077e-005
1.2751200000000001e+004 	8.5716695981323928e-005 	2.7999631384309958e-007 	8.5996692295167029e-005
1.3570400000000000e+004 	7.7663749362250574e-005 	2.5118685049001208e-007 	7.7914936212740592e-005
1.4389600000000000e+004 	7.0740077901137503e-005 	2.2578675521012232e-007 	7.0965864656347588e-005
1.5208799999999999e+004 	6.4736465426724747e-005 	2.0329429300692992e-007 	6.4939759719731673e-005
1.6027999999999998e+004 	5.9491647308693697e-005 	1.8339825567435301e-007 	5.9675045564368068e-005
1.6847200000000001e+004 	5.4879349512353847e-005 	1.6581231504664992e-007 	5.5045161827400478e-005
1.7666399999999998e+004 	5.0799270835613694e-005 	1.5026949428631315e-007 	5.0949540329900014e-005
1.8485600000000002e+004 	4.7170731080243311e-005 	1.3653061013076035e-007 	4.7307261690374062e-005
2.0124000000000000e+004 	4.1127779517571241e-005 	1.1517377499030394e-007 	4.1242953292561530e-005
2.1762399999999998e+004 	3.5912919054211652e-005 	9.5385862467830214e-008 	3.6008304916679482e-005
2.3400799999999999e+004 	3.1772972738470312e-005 	8.0678330578944064e-008 	3.1853651069049268e-005
2.5039200000000001e+004 	2.8333098853264202e-005 	6.9773409009512101e-008 	2.8402872262273725e-005
2.6677600000000002e+004 	2.5441489336234431e-005 	6.1194792247416365e-008 	2.5502684128481849e-005
2.8316000000000000e+004 	2.2985076773184931e-005 	5.4334072974007645e-008 	2.3039410846158944e-005
-1250 0
-1.2500000000000000e+003 0.0000000000000000e+000 0.0000000000000000e+000
1
1 1 1 1
1
         t, ms                         dVp, mV                         dVs, mV                         dV, mV
5.0000000000000000e-001 	2.9778777829741681e-002 	-3.6178917071872860e-006 	2.9775159938034489e-002
5.9999999999999998e-001 	2.9822024013099534e-002 	-3.6178916148618031e-006 	2.9818406121484672e-002
6.9999999999999996e-001 	2.9850451038476562e-002 	-3.6178912420229553e-006 	2.9846833147234540e-002
8.0000000000000004e-001 	2.9872836331898561e-002 	-3.6178907303186031e-006 	2.9869218441168240e-002
9.0000000000000002e-001 	2.9891773685178879e-002 	-3.6178902877914042e-006 	2.9888155794891090e-002
1.0000000000000000e+000 	2.9908259183563081e-002 	-3.6178900875368913e-006 	2.9904641293475538e-002
1.1000000000000001e+000 	2.9922822084675213e-002 	-3.6178902119457211e-006 	2.9919204194463263e-002
1.2000000000000000e+000 	2.9935815254334881e-002 	-3.6178906454822633e-006 	2.9932197363689399e-002
1.3000000000000000e+000 	2.9947500604848420e-002 	-3.6178912989999975e-006 	2.9943882713549416e-002
1.3999999999999999e+000 	2.9958081673287295e-002 	-3.6178920459661554e-006 	2.9954463781241333e-002
1.6000000000000001e+000 	3.0309774361488972e-002 	-3.6178932300251843e-006 	3.0306156468258950e-002
1.8000000000000000e+000 	2.9992433283049121e-002 	-3.6178937007932918e-006 	2.9988815389348326e-002
2.0000000000000000e+000 	3.0005932052139330e-002 	-3.6178933037954784e-006 	3.0002314158835544e-002
2.2000000000000002e+000 	3.0017669441384062e-002 	-3.6178922030195706e-006 	3.0014051549181048e-002
2.3999999999999999e+000 	3.0027999937138419e-002 	-3.6178907403772744e-006 	3.0024382046398061e-002
2.6000000000000001e+000 	3.0037187131382693e-002 	-3.6178892838498293e-006 	3.0033569242098844e-002
2.7999999999999998e+000 	3.0045430003935950e-002 	-3.6178881195339271e-006 	3.0041812115816399e-002
3.0000000000000000e+000 	3.0052881603940124e-002 	-3.6178874025085136e-006 	3.0049263716537614e-002
3.2000000000000002e+000 	3.0059661863119314e-002 	-3.6178871571833793e-006 	3.0056043975962121e-002
3.3999999999999999e+000 	3.0065866354826647e-002 	-3.6178873083105628e-006 	3.0062248467518333e-002
3.6000000000000001e+000 	3.0071572362510134e-002 	-3.6178877241369509e-006 	3.0067954474785993e-002
4.0000000000000000e+000 	3.0203702218820287e-002 	-3.6178886737477726e-006 	3.0200084330146527e-002
4.4000000000000004e+000 	3.0090641191460658e-002 	-3.6178894273676157e-006 	3.0087023302033299e-002
4.7999999999999998e+000 	3.0098396018530465e-002 	-3.6178898388784684e-006 	3.0094778128691584e-002
5.2000000000000002e+000 	3.0105281246514345e-002 	-3.6178901907710603e-006 	3.0101663356323572e-002
5.5999999999999996e+000 	3.0111482264924151e-002 	-3.6178910092859151e-006 	3.0107864373914862e-002
6.0000000000000000e+000 	3.0117154741492128e-002 	-3.6178928304663291e-006 	3.0113536848661651e-002
6.4000000000000004e+000 	3.0122430372074408e-002 	-3.6178960062765391e-006 	3.0118812476068131e-002
6.7999999999999998e+000 	3.0127419098037289e-002 	-3.6179005925887736e-006 	3.0123801197444702e-002
7.2000000000000002e+000 	3.0132209531307533e-002 	-3.6179063233675444e-006 	3.0128591624984154e-002
7.5999999999999996e+000 	3.0136869098691840e-002 	-3.6179126532771612e-006 	3.0133251186038566e-002
8.0000000000000000e+000 	3.0141444793757265e-002 	-3.6179188426196369e-006 	3.0137826874914654e-002
8.8000000000000007e+000 	3.0217026328954674e-002 	-3.6179265869698754e-006 	3.0213408402367699e-002
9.5999999999999996e+000 	3.0159201039687184e-002 	-3.6179248834981785e-006 	3.0155583114803691e-002
1.0400000000000000e+001 	3.0167619312134960e-002 	-3.6179106872368470e-006 	3.0164001401447732e-002
1.1199999999999999e+001 	3.0175517733733635e-002 	-3.6178834844043294e-006 	3.0171899850249234e-002
1.2000000000000000e+001 	3.0182687982847557e-002 	-3.6178453498780720e-006 	3.0179070137497689e-002
1.2800000000000001e+001 	3.0188925811829397e-002 	-3.6178004423565441e-006 	3.0185308011387038e-002
1.3600000000000000e+001 	3.0194052699062109e-002 	-3.6177542107197383e-006 	3.0190434944851383e-002
1.4400000000000000e+001 	3.0197926391363383e-002 	-3.6177125391000392e-006 	3.0194308678824278e-002
1.5199999999999999e+001 	3.0200443506732455e-002 	-3.6176809874707304e-006 	3.0196825825744997e-002
1.6000000000000000e+001 	3.0201537309383290e-002 	-3.6176642127953338e-006 	3.0197919645170490e-002
1.6800000000000001e+001 	3.0201173056660549e-002 	-3.6176655979285342e-006 	3.0197555391062614e-002
1.7600000000000001e+001 	3.0199342509409369e-002 	-3.6176870764851341e-006 	3.0195724822332893e-002
1.8399999999999999e+001 	3.0196058535600402e-002 	-3.6177291203888998e-006 	3.0192440806480009e-002
2.0000000000000000e+001 	3.0222014075316689e-002 	-3.6178664680006840e-006 	3.0218396208848690e-002
2.1600000000000001e+001 	3.0169308809636919e-002 	-3.6180579169455263e-006 	3.0165690751719966e-002
2.3199999999999999e+001 	3.0148447587028906e-002 	-3.6182757478288649e-006 	3.0144829311281075e-002
2.4800000000000001e+001 	3.0123215919046833e-002 	-3.6184889471728426e-006 	3.0119597430099673e-002
2.6399999999999999e+001 	3.0094099247000884e-002 	-3.6186677109079877e-006 	3.0090480579289976e-002
2.8000000000000000e+001 	3.0061567695707305e-002 	-3.6187868901470225e-006 	3.0057948908817172e-002
2.9600000000000001e+001 	3.0026060454904621e-002 	-3.6188281121969613e-006 	3.0022441626792420e-002
3.1199999999999999e+001 	2.9987976687651213e-002 	-3.6187806650469875e-006 	2.9984357906986159e-002
3.2800000000000004e+001 	2.9947671036090539e-002 	-3.6186414018194071e-006 	2.9944052394688715e-002
3.4399999999999999e+001 	2.9905452271092235e-002 	-3.6184139683786417e-006 	2.9901833857123857e-002
3.6000000000000000e+001 	2.9861584058564643e-002 	-3.6181076355794328e-006 	2.9857965950929054e-002
3.7600000000000001e+001 	2.9816287129573862e-002 	-3.6177359644126038e-006 	2.9812669393609433e-002
4.0800000000000004e+001 	2.9737261903631605e-002 	-3.6168885944383802e-006 	2.9733645015037155e-002
4.4000000000000000e+001 	2.9624133857244245e-002 	-3.6159999170347222e-006 	2.9620517857327219e-002
4.7199999999999996e+001 	2.9522502478384012e-002 	-3.6152019419953343e-006 	2.9518887276442009e-002
5.0399999999999999e+001 	2.9417635088028301e-002 	-3.6146121307360613e-006 	2.9414020475897563e-002
5.3600000000000001e+001 	2.9309601936791892e-002 	-3.6143232216990590e-006 	2.9305987613570204e-002
5.6800000000000004e+001 	2.9198328807018940e-002 	-3.6143990684377226e-006 	2.9194714407950500e-002
6.0000000000000000e+001 	2.9083659470263677e-002 	-3.6148747990780851e-006 	2.9080044595464601e-002
6.3200000000000003e+001 	2.8965405399698833e-002 	-3.6157598649809728e-006 	2.8961789639833847e-002
6.6400000000000006e+001 	2.8843381911861105e-002 	-3.6170427806864156e-006 	2.8839764869080426e-002
6.9599999999999994e+001 	2.8717432210348979e-002 	-3.6186965722660590e-006 	2.8713813513776699e-002
7.2799999999999997e+001 	2.8587441592652682e-002 	-3.6206841442681372e-006 	2.8583820908508414e-002
7.9200000000000003e+001 	2.8321733218813167e-002 	-3.6254314645090815e-006 	2.8318107787348664e-002
8.5599999999999994e+001 	2.8026781192920052e-002 	-3.6309776242676020e-006 	2.8023150215295778e-002
9.2000000000000000e+001 	2.7723011709829239e-002 	-3.6369983231200809e-006 	2.7719374711506126e-002
9.8400000000000006e+001 	2.7405020525746449e-002 	-3.6431650286445805e-006 	2.7401377360717794e-002
1.0480000000000001e+002 	2.7074282422932999e-002 	-3.6491404783714921e-006 	2.7070633282454633e-002
1.1119999999999999e+002 	2.6732453923226495e-002 	-3.6545745392842238e-006 	2.6728799348687205e-002
1.1759999999999999e+002 	2.6381261389162147e-002 	-3.6591150024478634e-006 	2.6377602274159709e-002
1.2400000000000000e+002 	2.6022415839953322e-002 	-3.6624415565385074e-006 	2.6018753398396790e-002
1.3039999999999998e+002 	2.5657554144730605e-002 	-3.6643177241655256e-006 	2.5653889827006442e-002
1.3680000000000001e+002 	2.5288202494705033e-002 	-3.6646457357692656e-006 	2.5284537848969248e-002
1.4319999999999999e+002 	2.4915756970372592e-002 	-3.6635098455496801e-006 	2.4912093460527047e-002
1.5600000000000000e+002 	2.4176260918036395e-002 	-3.6591186838216998e-006 	2.4172601799352565e-002
1.6880000000000001e+002 	2.3420709003782892e-002 	-3.6559093519697529e-006 	2.3417053094430918e-002
1.8160000000000002e+002 	2.2680645928141775e-002 	-3.6606004558466672e-006 	2.2676985327685938e-002
1.9439999999999998e+002 	2.1952540075370116e-002 	-3.6809521290970139e-006 	2.1948859123241023e-002
2.0719999999999999e+002 	2.1240122271333650e-002 	-3.7247498412370188e-006 	2.1236397521492405e-002
2.2000000000000000e+002 	2.0546102383850667e-002 	-3.7989247795653572e-006 	2.0542303459071105e-002
2.3280000000000001e+002 	1.9872362959573824e-002 	-3.9089482945692502e-006 	1.9868454011279259e-002
2.4560000000000002e+002 	1.9220133208029642e-002 	-4.0585329200376169e-006 	1.9216074675109603e-002
2.5840000000000003e+002 	1.8590133691764956e-002 	-4.2495980270795793e-006 	1.8585884093737869e-002
2.7119999999999999e+002 	1.7982692543262804e-002 	-4.4824232024072871e-006 	1.7978210120060404e-002
2.8400000000000000e+002 	1.7397837345586663e-002 	-4.7559091608861708e-006 	1.7393081436425786e-002
2.9680000000000001e+002 	1.6835367320348314e-002 	-5.0678802536302701e-006 	1.6830299440094686e-002
3.0959999999999997e+002 	1.6294909967921493e-002 	-5.4153825887054283e-006 	1.6289494585332784e-002
3.3519999999999999e+002 	1.5289048219676086e-002 	-6.1978474067454080e-006 	1.5282850372269341e-002
3.6080000000000001e+002 	1.4339818448370591e-002 	-7.0768610902839534e-006 	1.4332741587280307e-002
3.8640000000000003e+002 	1.3477743376114929e-002 	-8.0246413882871569e-006 	1.3469718734726641e-002
4.1200000000000000e+002 	1.2685174941550045e-002 	-9.0147749817970879e-006 	1.2676160166568244e-002
4.3759999999999997e+002 	1.1956411021462743e-002 	-1.0023417347801526e-005 	1.1946387604114940e-002
4.6319999999999999e+002 	1.1285935782368507e-002 	-1.1030083899213738e-005 	1.1274905698469284e-002
4.8880000000000001e+002 	1.0668539918720379e-002 	-1.2018125273873549e-005 	1.0656521793446510e-002
5.1439999999999998e+002 	1.0099383972097567e-002 	-1.2974628543606892e-005 	1.0086409343553961e-002
5.4000000000000000e+002 	9.5740232144755060e-003 	-1.3889877185701516e-005 	9.5601333372898004e-003
5.6560000000000002e+002 	9.0884077867331593e-003 	-1.4756727049233000e-005 	9.0736510596839265e-003
5.9119999999999993e+002 	8.6388677757566704e-003 	-1.5570104032921622e-005 	8.6232976717237481e-003
6.1680000000000007e+002 	8.2220898219661828e-003 	-1.6326633541791551e-005 	8.2057631884243885e-003
6.6800000000000000e+002 	7.4842020319795324e-003 	-1.7662657862562238e-005 	7.4665393741169704e-003
7.1919999999999993e+002 	6.8208753111807180e-003 	-1.8765148074713506e-005 	6.8021101631060019e-003
7.7039999999999998e+002 	6.2531424054234680e-003 	-1.9641861918585960e-005 	6.2335005435048803e-003
8.2160000000000002e+002 	5.7554184499249679e-003 	-2.0306152440497750e-005 	5.7351122974844725e-003
8.7280000000000007e+002 	5.3166590631741504e-003 	-2.0775420632539186e-005 	5.2958836425416088e-003
9.2400000000000000e+002 	4.9278028125332640e-003 	-2.1069497125119432e-005 	4.9067333154081457e-003
9.7519999999999993e+002 	4.5814206008609939e-003 	-2.1208861355737822e-005 	4.5602117395052537e-003
1.0264000000000001e+003 	4.2714031019195995e-003 	-2.1213287200764749e-005 	4.2501898147188346e-003
1.0775999999999999e+003 	3.9927021308991039e-003 	-2.1101156479581510e-005 	3.9716009744195212e-003
1.1288000000000000e+003 	3.7411229990984870e-003 	-2.0889229281505765e-005 	3.7202337698169813e-003
1.1800000000000000e+003 	3.5131597630968783e-003 	-2.0592617004045365e-005 	3.4925671460928334e-003
1.2824000000000001e+003 	3.1213848944670682e-003 	-1.9810435145249486e-005 	3.1015744593218177e-003
1.3848000000000000e+003 	2.7795876078738099e-003 	-1.8830630083993604e-005 	2.7607569777898162e-003
1.4872000000000000e+003 	2.4972921589069860e-003 	-1.7722715753837720e-005 	2.4795694431531488e-003
1.5895999999999999e+003 	2.2567044024233806e-003 	-1.6541486164836666e-005 	2.2401629162585430e-003
1.6920000000000000e+003 	2.0498742533722031e-003 	-1.5327590075530604e-005 	2.0345466632966727e-003
1.7944000000000001e+003 	1.8706679495888686e-003 	-1.4111832611482131e-005 	1.8565561169773864e-003
1.8968000000000000e+003 	1.7143160069986645e-003 	-1.2917882503384348e-005 	1.7013981244952800e-003
1.9992000000000000e+003 	1.5770660013006397e-003 	-1.1763339768426932e-005 	1.5653026615322127e-003
2.1015999999999999e+003 	1.4559277607695219e-003 	-1.0660567733734111e-005 	1.4452671930357875e-003
2.2040000000000000e+003 	1.3484888593663072e-003 	-9.6176735957708528e-006 	1.3388711857705356e-003
2.3064000000000001e+003 	1.2527807303554664e-003 	-8.6394576827918882e-006 	1.2441412726726746e-003
2.5112000000000003e+003 	1.0920234345367210e-003 	-6.8774335266354046e-006 	1.0851460010100858e-003
2.7160000000000000e+003 	9.5579131588551111e-004 	-5.3772317139093696e-006 	9.5041408417160232e-004
2.9207999999999997e+003 	8.4690817924899266e-004 	-4.1262308992765638e-006 	8.4278194834971605e-004
3.1255999999999999e+003 	7.5682724561212434e-004 	-3.0952897532713456e-006 	7.5373195585885290e-004
3.3304000000000001e+003 	6.8151481445810581e-004 	-2.2530215581342868e-006 	6.7926179289997128e-004
3.5352000000000003e+003 	6.1792181644974072e-004 	-1.5715219986828429e-006 	6.1635029445105782e-004
3.7400000000000000e+003 	5.6372826375635724e-004 	-1.0256636426397305e-006 	5.6270260011371761e-004
3.9447999999999997e+003 	5.1715075937013326e-004 	-5.9257450747385470e-007 	5.1655818486265933e-004
4.1496000000000004e+003 	4.7680308748012631e-004 	-2.5198806772224683e-007 	4.7655109941240390e-004
4.3543999999999996e+003 	4.4159614652996806e-004 	1.3477014996609885e-008 	4.4160962354496472e-004
4.5591999999999998e+003 	4.1066576019279136e-004 	2.1838023238231157e-007 	4.1088414042517375e-004
4.7640000000000000e+003 	3.8332001972495451e-004 	3.7473582212474669e-007 	3.8369475554707924e-004
4.9688000000000002e+003 	3.5900037182954101e-004 	4.9236107419957481e-007 	3.5949273290374067e-004
5.3783999999999996e+003 	3.1815103608113111e-004 	6.5372453878487095e-007 	3.1880476061991607e-004
5.7880000000000000e+003 	2.8329225006783020e-004 	7.2971864387070482e-007 	2.8402196871170083e-004
6.1976000000000004e+003 	2.5520301721065474e-004 	7.5174190994453303e-007 	2.5595475912059919e-004
6.6071999999999998e+003 	2.3164608298945790e-004 	7.4475464733865549e-007 	2.3239083763679661e-004
7.0168000000000002e+003 	2.1161428655815006e-004 	7.2216114764920674e-007 	2.1233644770579928e-004
7.4264000000000005e+003 	1.9436973041609011e-004 	6.9107124824360131e-007 	1.9506080166433373e-004
7.8360000000000000e+003 	1.7936652966171873e-004 	6.5594201902289795e-007 	1.8002247168074159e-004
8.2456000000000004e+003 	1.6619455371513059e-004 	6.1964485346025138e-007 	1.6681419856859090e-004
8.6552000000000007e+003 	1.5454019674262314e-004 	5.8388778816692213e-007 	1.5512408453078995e-004
9.0647999999999993e+003 	1.4415939352093902e-004 	5.4958711820810135e-007 	1.4470898063914710e-004
9.4743999999999996e+003 	1.3485902139783330e-004 	5.1717178962279987e-007 	1.3537619318745614e-004
1.0293600000000000e+004 	1.1916310062999016e-004 	4.6199988523672569e-007 	1.1962510051522687e-004
1.1112799999999999e+004 	1.0550067929956560e-004 	4.0858096208873360e-007 	1.0590926026165433e-004
1.1932000000000000e+004 	9.4443240622250549e-005 	3.6199673316231803e-007 	9.4805237355412856e-005
1.2751200000000001e+004 	8.5117331666053825e-005 	3.2312759269831605e-007 	8.5440459258752130e-005
1.3570400000000000e+004 	7.7166655536650718e-005 	2.8978806264105244e-007 	7.7456443599291752e-005
1.4389600000000000e+004 	7.0323490314938306e-005 	2.6055975466182507e-007 	7.0584050069600132e-005
1.5208799999999999e+004 	6.4384164345248008e-005 	2.3479867226422230e-007 	6.4618963017512248e-005
1.6027999999999998e+004 	5.9191318830692543e-005 	2.1208413170525481e-007 	5.9403402962397791e-005
1.6847200000000001e+004 	5.4621491842699541e-005 	1.9204711569539461e-007 	5.4813538958394914e-005
1.7666399999999998e+004 	5.0576448541654575e-005 	1.7435738022248255e-007 	5.0750805921877059e-005
1.8485600000000002e+004 	4.6977054640969437e-005 	1.5872622975239946e-007 	4.7135780870721832e-005
2.0124000000000000e+004 	4.0978017035875850e-005 	1.3415175932383440e-007 	4.1112168795199689e-005
2.1762399999999998e+004 	3.5798385260860003e-005 	1.1182801558173037e-007 	3.5910213276441748e-005
2.3400799999999999e+004 	3.1682578259016645e-005 	9.5046663251024804e-008 	3.1777624922267658e-005
2.5039200000000001e+004 	2.8260630266537745e-005 	8.2426433241558042e-008 	2.8343056699779305e-005
2.6677600000000002e+004 	2.5382589199971922e-005 	7.2424299005174114e-008 	2.5455013498977106e-005
2.8316000000000000e+004 	2.2936632357119310e-005 	6.4371457917655184e-008 	2.3001003815036966e-005
