-2050 0
-2.0500000000000000e+003 0.0000000000000000e+000 0.0000000000000000e+000
1
1 1 1 1
1
         t, ms                         dVp, mV                         dVs, mV                         dV, mV
5.0000000000000000e-001 	1.3769920912665240e-001 	-2.8943936656677916e-004 	1.3740976976008570e-001
5.9999999999999998e-001 	1.3787825850263793e-001 	-2.8943936656370003e-004 	1.3758881913607424e-001
6.9999999999999996e-001 	1.3799595432703213e-001 	-2.8943936641286577e-004 	1.3770651496061934e-001
8.0000000000000004e-001 	1.3808863565261742e-001 	-2.8943936615536677e-004 	1.3779919628646209e-001
9.0000000000000002e-001 	1.3816704122719176e-001 	-2.8943936587876425e-004 	1.3787760186131298e-001
1.0000000000000000e+000 	1.3823529517353594e-001 	-2.8943936567460681e-004 	1.3794585580786134e-001
1.1000000000000001e+000 	1.3829558884786375e-001 	-2.8943936560811128e-004 	1.3800614948225562e-001
1.2000000000000000e+000 	1.3834938327942900e-001 	-2.8943936570558653e-004 	1.3805994391372342e-001
1.3000000000000000e+000 	1.3839776290725669e-001 	-2.8943936595615205e-004 	1.3810832354130048e-001
1.3999999999999999e+000 	1.3844157045689043e-001 	-2.8943936632152629e-004 	1.3815213109056890e-001
1.6000000000000001e+000 	1.3989755019814792e-001 	-2.8943936711765123e-004 	1.3960811083103034e-001
1.8000000000000000e+000 	1.3858379153177861e-001 	-2.8943936776450109e-004 	1.3829435216401403e-001
2.0000000000000000e+000 	1.3863967815282677e-001 	-2.8943936802773064e-004 	1.3835023878479907e-001
2.2000000000000002e+000 	1.3868827223122843e-001 	-2.8943936781898643e-004 	1.3839883286340945e-001
2.3999999999999999e+000 	1.3873104144821882e-001 	-2.8943936718261293e-004 	1.3844160208103617e-001
2.6000000000000001e+000 	1.3876907715086373e-001 	-2.8943936624933333e-004 	1.3847963778461442e-001
2.7999999999999998e+000 	1.3880320316914685e-001 	-2.8943936518280517e-004 	1.3851376380396402e-001
3.0000000000000000e+000 	1.3883405316381184e-001 	-2.8943936413539713e-004 	1.3854461379967645e-001
3.2000000000000002e+000 	1.3886212368304224e-001 	-2.8943936322021124e-004 	1.3857268431982200e-001
3.3999999999999999e+000 	1.3888781042260656e-001 	-2.8943936249972431e-004 	1.3859837106010681e-001
3.6000000000000001e+000 	1.3891143335601466e-001 	-2.8943936198771195e-004 	1.3862199399402689e-001
4.0000000000000000e+000 	1.3945843954765444e-001 	-2.8943936140924271e-004 	1.3916900018624520e-001
4.4000000000000004e+000 	1.3899037803170294e-001 	-2.8943936118547232e-004 	1.3870093867051750e-001
4.7999999999999998e+000 	1.3902248247572102e-001 	-2.8943936110346463e-004 	1.3873304311461751e-001
5.2000000000000002e+000 	1.3905098587265866e-001 	-2.8943936118414439e-004 	1.3876154651147443e-001
5.5999999999999996e+000 	1.3907665421688095e-001 	-2.8943936171933353e-004 	1.3878721485516149e-001
6.0000000000000000e+000 	1.3910012894304977e-001 	-2.8943936320379539e-004 	1.3881068957984602e-001
6.4000000000000004e+000 	1.3912195005228756e-001 	-2.8943936620039602e-004 	1.3883251068608710e-001
6.7999999999999998e+000 	1.3914256461398258e-001 	-2.8943937118479932e-004 	1.3885312524279772e-001
7.2000000000000002e+000 	1.3916232791831307e-001 	-2.8943937840880028e-004 	1.3887288853990415e-001
7.5999999999999996e+000 	1.3918150362326137e-001 	-2.8943938780733318e-004 	1.3889206423545408e-001
8.0000000000000000e+000 	1.3920026660612034e-001 	-2.8943939895946752e-004 	1.3891082720716089e-001
8.8000000000000007e+000 	1.3951242522535454e-001 	-2.8943942163035330e-004 	1.3922298580372416e-001
9.5999999999999996e+000 	1.3927175123626542e-001 	-2.8943943832287155e-004 	1.3898231179794260e-001
1.0400000000000000e+001 	1.3930436861619760e-001 	-2.8943944003993391e-004 	1.3901492917615768e-001
1.1199999999999999e+001 	1.3933361134115849e-001 	-2.8943941916871087e-004 	1.3904417192198984e-001
1.2000000000000000e+001 	1.3935827953751204e-001 	-2.8943937129771822e-004 	1.3906884016621424e-001
1.2800000000000001e+001 	1.3937717955790899e-001 	-2.8943929625058174e-004 	1.3908774026165838e-001
1.3600000000000000e+001 	1.3938922167354750e-001 	-2.8943919826385602e-004 	1.3909978247528362e-001
1.4400000000000000e+001 	1.3939346860464527e-001 	-2.8943908543295992e-004 	1.3910402951921225e-001
1.5199999999999999e+001 	1.3938914866910335e-001 	-2.8943896865677121e-004 	1.3909970970044658e-001
1.6000000000000000e+001 	1.3937564733371011e-001 	-2.8943886033626251e-004 	1.3908620847337397e-001
1.6800000000000001e+001 	1.3935248797731609e-001 	-2.8943877305192677e-004 	1.3906304920426418e-001
1.7600000000000001e+001 	1.3931930914760601e-001 	-2.8943871838618793e-004 	1.3902987042921983e-001
1.8399999999999999e+001 	1.3927584259768364e-001 	-2.8943870599198139e-004 	1.3898640389169159e-001
2.0000000000000000e+001 	1.3930770253776190e-001 	-2.8943883479026186e-004 	1.3901826370297157e-001
2.1600000000000001e+001 	1.3899591727027955e-001 	-2.8943916670704693e-004 	1.3870647810357239e-001
2.3199999999999999e+001 	1.3879172014178273e-001 	-2.8943967753074863e-004 	1.3850228046425200e-001
2.4800000000000001e+001 	1.3854474858380231e-001 	-2.8944031415913666e-004 	1.3825530826964319e-001
2.6399999999999999e+001 	1.3825549109376462e-001 	-2.8944100366363719e-004 	1.3796605009010088e-001
2.8000000000000000e+001 	1.3792474410356706e-001 	-2.8944166425839838e-004 	1.3763530243930866e-001
2.9600000000000001e+001 	1.3755357419332864e-001 	-2.8944221552171267e-004 	1.3726413197780693e-001
3.1199999999999999e+001 	1.3714328437144269e-001 	-2.8944258649764434e-004 	1.3685384178494509e-001
3.2800000000000004e+001 	1.3669538091794081e-001 	-2.8944272119030414e-004 	1.3640593819675051e-001
3.4399999999999999e+001 	1.3621153919858175e-001 	-2.8944258153331624e-004 	1.3592209661704838e-001
3.6000000000000000e+001 	1.3569356856395051e-001 	-2.8944214823236806e-004 	1.3540412641571817e-001
3.7600000000000001e+001 	1.3514337736831936e-001 	-2.8944142000475996e-004 	1.3485393594831474e-001
4.0800000000000004e+001 	1.3401661336660944e-001 	-2.8943920250072041e-004 	1.3372717416410859e-001
4.4000000000000000e+001 	1.3266629565612881e-001 	-2.8943619594236033e-004 	1.3237685946018649e-001
4.7199999999999996e+001 	1.3128644287744343e-001 	-2.8943277069607234e-004 	1.3099701010674739e-001
5.0399999999999999e+001 	1.2983192452155023e-001 	-2.8942934960842474e-004 	1.2954249517194177e-001
5.3600000000000001e+001 	1.2831636417848410e-001 	-2.8942635973294603e-004 	1.2802693781875116e-001
5.6800000000000004e+001 	1.2675217096223093e-001 	-2.8942419434081995e-004 	1.2646274676789013e-001
6.0000000000000000e+001 	1.2515043174206239e-001 	-2.8942318770563714e-004 	1.2486100855435683e-001
6.3200000000000003e+001 	1.2352090723049511e-001 	-2.8942360219974956e-004 	1.2323148362829539e-001
6.6400000000000006e+001 	1.2187209240624543e-001 	-2.8942562575028720e-004 	1.2158266678049513e-001
6.9599999999999994e+001 	1.2021131377944656e-001 	-2.8942937705059540e-004 	1.1992188440239593e-001
7.2799999999999997e+001 	1.1854484424355051e-001 	-2.8943491576669000e-004 	1.1825540932778378e-001
7.9200000000000003e+001 	1.1525185570749152e-001 	-2.8945132625519753e-004 	1.1496240438123635e-001
8.5599999999999994e+001 	1.1192633069260412e-001 	-2.8947459688606164e-004 	1.1163685609571808e-001
9.2000000000000000e+001 	1.0868481584650418e-001 	-2.8950428080477423e-004 	1.0839531156569941e-001
9.8400000000000006e+001 	1.0551263737150239e-001 	-2.8953978516758243e-004 	1.0522309758633487e-001
1.0480000000000001e+002 	1.0242140184310831e-001 	-2.8958034967655144e-004 	1.0213182149343175e-001
1.1119999999999999e+002 	9.9418700739927507e-002 	-2.8962495518215146e-004 	9.9129075784745418e-002
1.1759999999999999e+002 	9.6509090234607145e-002 	-2.8967219943862896e-004 	9.6219418035168494e-002
1.2400000000000000e+002 	9.3694880993623622e-002 	-2.8972019239531483e-004 	9.3405160801228321e-002
1.3039999999999998e+002 	9.0976741668960609e-002 	-2.8976649937999103e-004 	9.0686975169580616e-002
1.3680000000000001e+002 	8.8354149947198937e-002 	-2.8980813201433421e-004 	8.8064341815184577e-002
1.4319999999999999e+002 	8.5825727205991312e-002 	-2.8984157782326064e-004 	8.5535885628168051e-002
1.5600000000000000e+002 	8.1092225655219882e-002 	-2.8986164709001973e-004 	8.0802364008129873e-002
1.6880000000000001e+002 	7.6599555425315838e-002 	-2.8979495050020666e-004 	7.6309760474815636e-002
1.8160000000000002e+002 	7.2483849905262715e-002 	-2.8960669890364571e-004 	7.2194243206359046e-002
1.9439999999999998e+002 	6.8669154033014324e-002 	-2.8926318872404155e-004 	6.8379890844290275e-002
2.0719999999999999e+002 	6.5132219354350276e-002 	-2.8873472294262391e-004 	6.4843484631407683e-002
2.2000000000000000e+002 	6.1850617973351757e-002 	-2.8799751239995804e-004 	6.1562620460951803e-002
2.3280000000000001e+002 	5.8803199214488844e-002 	-2.8703465795697875e-004 	5.8516164556531858e-002
2.4560000000000002e+002 	5.5970309549495001e-002 	-2.8583637994916044e-004 	5.5684473169545834e-002
2.5840000000000003e+002 	5.3333861850904093e-002 	-2.8439967015738251e-004 	5.3049462180746722e-002
2.7119999999999999e+002 	5.0877313896034948e-002 	-2.8272753485014337e-004 	5.0594586361184815e-002
2.8400000000000000e+002 	4.8585595741154931e-002 	-2.8082799817748401e-004 	4.8304767742977456e-002
2.9680000000000001e+002 	4.6445011110515314e-002 	-2.7871302014182244e-004 	4.6166298090373474e-002
3.0959999999999997e+002 	4.4443128215189920e-002 	-2.7639744531842943e-004 	4.4166730769871480e-002
3.3519999999999999e+002 	4.0853070909402080e-002 	-2.7125664848911028e-004 	4.0581814260912973e-002
3.6080000000000001e+002 	3.7587271489549448e-002 	-2.6553261213952561e-004 	3.7321738877409923e-002
3.8640000000000003e+002 	3.4746586483205541e-002 	-2.5935983385811219e-004 	3.4487226649347426e-002
4.1200000000000000e+002 	3.2223786630278750e-002 	-2.5286582496139999e-004 	3.1970920805317347e-002
4.3759999999999997e+002 	2.9973920481111083e-002 	-2.4616341856504946e-004 	2.9727757062546035e-002
4.6319999999999999e+002 	2.7959269213973830e-002 	-2.3934832435045059e-004 	2.7719920889623387e-002
4.8880000000000001e+002 	2.6148196935753491e-002 	-2.3249973662671283e-004 	2.5915697199126772e-002
5.1439999999999998e+002 	2.4514099725045205e-002 	-2.2568173157853629e-004 	2.4288417993466673e-002
5.4000000000000000e+002 	2.3034517377017564e-002 	-2.1894467629528832e-004 	2.2815572700722278e-002
5.6560000000000002e+002 	2.1690404424681758e-002 	-2.1232681589745283e-004 	2.1478077608784323e-002
5.9119999999999993e+002 	2.0465538087081177e-002 	-2.0585611988455443e-004 	2.0259681967196630e-002
6.1680000000000007e+002 	1.9346038448570465e-002 	-1.9955218882476968e-004 	1.9146486259745691e-002
6.6800000000000000e+002 	1.7400875817396043e-002 	-1.8749759136887060e-004 	1.7213378226027181e-002
7.1919999999999993e+002 	1.5683557097532736e-002 	-1.7619492503632454e-004 	1.5507362172496417e-002
7.7039999999999998e+002 	1.4245775867942586e-002 	-1.6564445026425766e-004 	1.4080131417678329e-002
8.2160000000000002e+002 	1.3006486784245645e-002 	-1.5582070316616162e-004 	1.2850666081079482e-002
8.7280000000000007e+002 	1.1929896440180724e-002 	-1.4668266289749908e-004 	1.1783213777283218e-002
9.2400000000000000e+002 	1.0987802691727982e-002 	-1.3818215596943608e-004 	1.0849620535758548e-002
9.7519999999999993e+002 	1.0157889486133274e-002 	-1.3026893770631622e-004 	1.0027620548426959e-002
1.0264000000000001e+003 	9.4223574212591067e-003 	-1.2289351531507268e-004 	9.2994639059440359e-003
1.0775999999999999e+003 	8.7668783517862846e-003 	-1.1600884748020997e-004 	8.6508695043060781e-003
1.1288000000000000e+003 	8.1798105272398898e-003 	-1.0957136311071459e-004 	8.0702391641291789e-003
1.1800000000000000e+003 	7.6516101549753846e-003 	-1.0354144087246574e-004 	7.5480687141029172e-003
1.2824000000000001e+003 	6.7518608918598752e-003 	-9.2524056086122478e-005 	6.6593368357737506e-003
1.3848000000000000e+003 	5.9743727350051430e-003 	-8.2758179948662101e-005 	5.8916145550564798e-003
1.4872000000000000e+003 	5.3391147352927631e-003 	-7.4071179849126507e-005 	5.2650435554436386e-003
1.5895999999999999e+003 	4.8023209213487669e-003 	-6.6314883584202836e-005 	4.7360060377645624e-003
1.6920000000000000e+003 	4.3442513429287899e-003 	-5.9363764624795270e-005 	4.2848875783039943e-003
1.7944000000000001e+003 	3.9499141980461755e-003 	-5.3116306952912989e-005 	3.8967978910932630e-003
1.8968000000000000e+003 	3.6078161955337938e-003 	-4.7491772030996664e-005 	3.5603244235027968e-003
1.9992000000000000e+003 	3.3090268518431664e-003 	-4.2424209371758563e-005 	3.2666026424714085e-003
2.1015999999999999e+003 	3.0465066534691057e-003 	-3.7857680062905729e-005 	3.0086489734061994e-003
2.2040000000000000e+003 	2.8146298675617220e-003 	-3.3743461033421114e-005 	2.7808864065283012e-003
2.3064000000000001e+003 	2.6088440739642487e-003 	-3.0038433103081993e-005 	2.5788056408611675e-003
2.5112000000000003e+003 	2.2647636189793456e-003 	-2.3650438367121061e-005 	2.2411131806122243e-003
2.7160000000000000e+003 	1.9747703583886610e-003 	-1.8486780482592654e-005 	1.9562835779060681e-003
2.9207999999999997e+003 	1.7443359469405018e-003 	-1.4346694380614124e-005 	1.7299892525598876e-003
3.1255999999999999e+003 	1.5546060689537980e-003 	-1.1036891152235588e-005 	1.5435691778015626e-003
3.3304000000000001e+003 	1.3966460683099999e-003 	-8.3948978329879856e-006 	1.3882511704770121e-003
3.5352000000000003e+003 	1.2637556791039038e-003 	-6.2923165938095122e-006 	1.2574633625100941e-003
3.7400000000000000e+003 	1.1508735502665530e-003 	-4.6257011195266715e-006 	1.1462478491470268e-003
3.9447999999999997e+003 	1.0541338683889888e-003 	-3.3098961397392865e-006 	1.0508239722492492e-003
4.1496000000000004e+003 	9.7054859961548108e-004 	-2.2749229417664603e-006 	9.6827367667371442e-004
4.3543999999999996e+003 	8.9778161729105340e-004 	-1.4638815179123623e-006 	8.9631773577314130e-004
4.5591999999999998e+003 	8.3398719918556942e-004 	-8.3091638420490488e-007 	8.3315628280136462e-004
4.7640000000000000e+003 	7.7769315324562158e-004 	-3.3927729935418985e-007 	7.7735387594626696e-004
4.9688000000000002e+003 	7.2771505311272047e-004 	4.0389431645737612e-008 	7.2775544254436613e-004
5.3783999999999996e+003 	6.4395106946160316e-004 	5.8306354070029736e-007 	6.4453413300230317e-004
5.7880000000000000e+003 	5.7262955676054984e-004 	8.8378195647394351e-007 	5.7351333871702361e-004
6.1976000000000004e+003 	5.1531269782639192e-004 	1.0300429527915134e-006 	5.1634274077918358e-004
6.6071999999999998e+003 	4.6734150444275170e-004 	1.0885926942099157e-006 	4.6843009713696160e-004
7.0168000000000002e+003 	4.2661815627019245e-004 	1.0967982224331467e-006 	4.2771495449262561e-004
7.4264000000000005e+003 	3.9161096098093358e-004 	1.0753956736133416e-006 	3.9268635665454699e-004
7.8360000000000000e+003 	3.6119038737259960e-004 	1.0373698384823013e-006 	3.6222775721108172e-004
8.2456000000000004e+003 	3.3451019986144732e-004 	9.9103952597788221e-007 	3.3550123938742518e-004
8.6552000000000007e+003 	3.1092491786460536e-004 	9.4147435822276708e-007 	3.1186639222282811e-004
9.0647999999999993e+003 	2.8993326012975831e-004 	8.9159068262172392e-007 	2.9082485081238010e-004
9.4743999999999996e+003 	2.7113930313606355e-004 	8.4297641300509152e-007 	2.7198227954906867e-004
1.0293600000000000e+004 	2.3945078981250584e-004 	7.5992764505313113e-007 	2.4021071745755897e-004
1.1112799999999999e+004 	2.1188593256378385e-004 	6.7454678726747252e-007 	2.1256047935105124e-004
1.1932000000000000e+004 	1.8960131586291871e-004 	5.9872330840860302e-007 	1.9020003917132733e-004
1.2751200000000001e+004 	1.7082042441621370e-004 	5.3532878195220986e-007 	1.7135575319816585e-004
1.3570400000000000e+004 	1.5481912162007851e-004 	4.8065742461279355e-007 	1.5529977904469130e-004
1.4389600000000000e+004 	1.4105411146491341e-004 	4.3234389310241645e-007 	1.4148645535801585e-004
1.5208799999999999e+004 	1.2911263174671114e-004 	3.8946602143294191e-007 	1.2950209776814409e-004
1.6027999999999998e+004 	1.1867614755764225e-004 	3.5146727184871659e-007 	1.1902761482949100e-004
1.6847200000000001e+004 	1.0949498668115980e-004 	3.1782996945908664e-007 	1.0981281665061889e-004
1.7666399999999998e+004 	1.0137065992644095e-004 	2.8806508662650149e-007 	1.0165872501306744e-004
1.8485600000000002e+004 	9.4143387865103082e-005 	2.6173047324429248e-007 	9.4405118338347369e-005
2.0124000000000000e+004 	8.2102395621863809e-005 	2.2087908516432335e-007 	8.2323274707028166e-005
2.1762399999999998e+004 	7.1708703184933782e-005 	1.8278201739270479e-007 	7.1891485202326498e-005
2.3400799999999999e+004 	6.3453497982478662e-005 	1.5451745624690155e-007 	6.3608015438725552e-005
2.5039200000000001e+004 	5.6592083172110234e-005 	1.3361617405003987e-007 	5.6725699346160290e-005
2.6677600000000002e+004 	5.0822740727682888e-005 	1.1719295868032826e-007 	5.0939933686363205e-005
2.8316000000000000e+004 	4.5920608784448756e-005 	1.0407384714511891e-007 	4.6024682631593889e-005
-2350 0
-2.3500000000000000e+003 0.0000000000000000e+000 0.0000000000000000e+000
1
1 1 1 1
1
         t, ms                         dVp, mV                         dVs, mV                         dV, mV
5.0000000000000000e-001 	1.1037266996818915e-001 	-2.8964183450810085e-004 	1.1008302813368107e-001
5.9999999999999998e-001 	1.1051154623524258e-001 	-2.8964183454954800e-004 	1.1022190440069302e-001
6.9999999999999996e-001 	1.1060283511033457e-001 	-2.8964183479217401e-004 	1.1031319327554238e-001
8.0000000000000004e-001 	1.1067472187517781e-001 	-2.8964183515328918e-004 	1.1038508004002455e-001
9.0000000000000002e-001 	1.1073553579455669e-001 	-2.8964183549549531e-004 	1.1044589395906114e-001
1.0000000000000000e+000 	1.1078847569303714e-001 	-2.8964183569331087e-004 	1.1049883385734385e-001
1.1000000000000001e+000 	1.1083524128373469e-001 	-2.8964183567425304e-004 	1.1054559944806050e-001
1.2000000000000000e+000 	1.1087696580882894e-001 	-2.8964183542955826e-004 	1.1058732397339938e-001
1.3000000000000000e+000 	1.1091449040949680e-001 	-2.8964183500334315e-004 	1.1062484857449351e-001
1.3999999999999999e+000 	1.1094846873940711e-001 	-2.8964183447184046e-004 	1.1065882690493525e-001
1.6000000000000001e+000 	1.1207774191600255e-001 	-2.8964183350950240e-004 	1.1178810008249303e-001
1.8000000000000000e+000 	1.1105877904254498e-001 	-2.8964183294887181e-004 	1.1076913720959616e-001
2.0000000000000000e+000 	1.1110212601825853e-001 	-2.8964183299244958e-004 	1.1081248418526607e-001
2.2000000000000002e+000 	1.1113981666751571e-001 	-2.8964183361761920e-004 	1.1085017483389806e-001
2.3999999999999999e+000 	1.1117298937621398e-001 	-2.8964183464479185e-004 	1.1088334754156921e-001
2.6000000000000001e+000 	1.1120249063095260e-001 	-2.8964183583135317e-004 	1.1091284879512127e-001
2.7999999999999998e+000 	1.1122895942174195e-001 	-2.8964183695154723e-004 	1.1093931758479039e-001
3.0000000000000000e+000 	1.1125288723594440e-001 	-2.8964183784531389e-004 	1.1096324539809901e-001
3.2000000000000002e+000 	1.1127465921242756e-001 	-2.8964183843537060e-004 	1.1098501737399223e-001
3.3999999999999999e+000 	1.1129458226502256e-001 	-2.8964183872033547e-004 	1.1100494042630223e-001
3.6000000000000001e+000 	1.1131290457559886e-001 	-2.8964183875405719e-004 	1.1102326273684485e-001
4.0000000000000000e+000 	1.1173716804411951e-001 	-2.8964183849467071e-004 	1.1144752620562487e-001
4.4000000000000004e+000 	1.1137413514131411e-001 	-2.8964183811170719e-004 	1.1108449330320241e-001
4.7999999999999998e+000 	1.1139903566469082e-001 	-2.8964183780935562e-004 	1.1110939382688148e-001
5.2000000000000002e+000 	1.1142114291461107e-001 	-2.8964183745923660e-004 	1.1113150107715183e-001
5.5999999999999996e+000 	1.1144105059383107e-001 	-2.8964183667028214e-004 	1.1115140875716079e-001
6.0000000000000000e+000 	1.1145925538200842e-001 	-2.8964183494277842e-004 	1.1116961354706562e-001
6.4000000000000004e+000 	1.1147617468715942e-001 	-2.8964183183915473e-004 	1.1118653285532029e-001
6.7999999999999998e+000 	1.1149215305380576e-001 	-2.8964182712280144e-004 	1.1120251122668301e-001
7.2000000000000002e+000 	1.1150746288971987e-001 	-2.8964182084008475e-004 	1.1121782106887980e-001
7.5999999999999996e+000 	1.1152230445443165e-001 	-2.8964181334108696e-004 	1.1123266264109054e-001
8.0000000000000000e+000 	1.1153680799590411e-001 	-2.8964180524804434e-004 	1.1124716619065601e-001
8.8000000000000007e+000 	1.1177871814781802e-001 	-2.8964179188127105e-004 	1.1148907635593676e-001
9.5999999999999996e+000 	1.1159169724075174e-001 	-2.8964178689876212e-004 	1.1130205545385295e-001
1.0400000000000000e+001 	1.1161638152126090e-001 	-2.8964179570440860e-004 	1.1132673972555647e-001
1.1199999999999999e+001 	1.1163810940863106e-001 	-2.8964182141174574e-004 	1.1134846758721934e-001
1.2000000000000000e+001 	1.1165585416211896e-001 	-2.8964186409206313e-004 	1.1136621229802685e-001
1.2800000000000001e+001 	1.1166858932839011e-001 	-2.8964192075465632e-004 	1.1137894740763546e-001
1.3600000000000000e+001 	1.1167536662118882e-001 	-2.8964198588844915e-004 	1.1138572463530040e-001
1.4400000000000000e+001 	1.1167535497902048e-001 	-2.8964205233571465e-004 	1.1138571292668477e-001
1.5199999999999999e+001 	1.1166785166906060e-001 	-2.8964211227656527e-004 	1.1137820955678401e-001
1.6000000000000000e+001 	1.1165227634815510e-001 	-2.8964215815149543e-004 	1.1136263419000361e-001
1.6800000000000001e+001 	1.1162815665837249e-001 	-2.8964218341202017e-004 	1.1133851447496049e-001
1.7600000000000001e+001 	1.1159511113968321e-001 	-2.8964218304813937e-004 	1.1130546895663503e-001
1.8399999999999999e+001 	1.1155283285070983e-001 	-2.8964215388682494e-004 	1.1126319069682301e-001
2.0000000000000000e+001 	1.1155576924605128e-001 	-2.8964200893476580e-004 	1.1126612723711646e-001
2.1600000000000001e+001 	1.1128683229315177e-001 	-2.8964176362394737e-004 	1.1099719052952786e-001
2.3199999999999999e+001 	1.1109425535525523e-001 	-2.8964144857146175e-004 	1.1080461390668370e-001
2.4800000000000001e+001 	1.1086131208152457e-001 	-2.8964110486162241e-004 	1.1057167097666293e-001
2.6399999999999999e+001 	1.1058800344869761e-001 	-2.8964077745674078e-004 	1.1029836267124089e-001
2.8000000000000000e+001 	1.1027469537396845e-001 	-2.8964050917881009e-004 	1.0998505486478961e-001
2.9600000000000001e+001 	1.0992209079300562e-001 	-2.8964033620260300e-004 	1.0963245045680303e-001
3.1199999999999999e+001 	1.0953119800344246e-001 	-2.8964028529383708e-004 	1.0924155771814863e-001
3.2800000000000004e+001 	1.0910329466061622e-001 	-2.8964037263060760e-004 	1.0881365428798556e-001
3.4399999999999999e+001 	1.0863988794102648e-001 	-2.8964060386833264e-004 	1.0835024733715816e-001
3.6000000000000000e+001 	1.0814267242484056e-001 	-2.8964097506874143e-004 	1.0785303144977181e-001
3.7600000000000001e+001 	1.0761348765763727e-001 	-2.8964147414952914e-004 	1.0732384618348773e-001
4.0800000000000004e+001 	1.0651538055543955e-001 	-2.8964274353687817e-004 	1.0622573781190270e-001
4.4000000000000000e+001 	1.0522293939996313e-001 	-2.8964423436925895e-004 	1.0493329516559384e-001
4.7199999999999996e+001 	1.0388841774442355e-001 	-2.8964574256318455e-004 	1.0359877200186038e-001
5.0399999999999999e+001 	1.0248128716039667e-001 	-2.8964706562940900e-004 	1.0219164009476726e-001
5.3600000000000001e+001 	1.0101579913965693e-001 	-2.8964802129245563e-004 	1.0072615111836444e-001
5.6800000000000004e+001 	9.9505001150501204e-002 	-2.8964845743270314e-004 	9.9215352693068512e-002
6.0000000000000000e+001 	9.7960578831307557e-002 	-2.8964825520556126e-004 	9.7670930576101989e-002
6.3200000000000003e+001 	9.6392819325364851e-002 	-2.8964732781470407e-004 	9.6103171997550099e-002
6.6400000000000006e+001 	9.4810653303756390e-002 	-2.8964561727484853e-004 	9.4521007686481612e-002
6.9599999999999994e+001 	9.3221744750659460e-002 	-2.8964309087343656e-004 	9.2932101659786034e-002
7.2799999999999997e+001 	9.1632606104809222e-002 	-2.8963973826592637e-004 	9.1342966366543293e-002
7.9200000000000003e+001 	8.8505429570243099e-002 	-2.8963067508783132e-004 	8.8215798895155198e-002
8.5599999999999994e+001 	8.5379469734404217e-002 	-2.8961875438662197e-004 	8.5089850980017590e-002
9.2000000000000000e+001 	8.2353343138295412e-002 	-2.8960448625702586e-004 	8.2063738652038365e-002
9.8400000000000006e+001 	7.9416763921893035e-002 	-2.8958847929834642e-004 	7.9127175442594691e-002
1.0480000000000001e+002 	7.6579583434207316e-002 	-2.8957129815571320e-004 	7.6290012136051591e-002
1.1119999999999999e+002 	7.3847401115503669e-002 	-2.8955327326527045e-004 	7.3557847842238386e-002
1.1759999999999999e+002 	7.1222689186106275e-002 	-2.8953429371918340e-004 	7.0933154892387079e-002
1.2400000000000000e+002 	6.8705688517755936e-002 	-2.8951362496060825e-004 	6.8416174892795306e-002
1.3039999999999998e+002 	6.6295083214962164e-002 	-2.8948977899501626e-004 	6.6005593435967139e-002
1.3680000000000001e+002 	6.3988494862795356e-002 	-2.8946044576564245e-004 	6.3699034417029704e-002
1.4319999999999999e+002 	6.1782839806482158e-002 	-2.8942248580732699e-004 	6.1493417320674863e-002
1.5600000000000000e+002 	5.7700330591786059e-002 	-2.8929769943206955e-004 	5.7411032892353962e-002
1.6880000000000001e+002 	5.3883634154818498e-002 	-2.8908025458083964e-004 	5.3594553900237665e-002
1.8160000000000002e+002 	5.0439581027142709e-002 	-2.8872951565240261e-004 	5.0150851511490312e-002
1.9439999999999998e+002 	4.7293026844974231e-002 	-2.8820452300472332e-004 	4.7004822321969481e-002
2.0719999999999999e+002 	4.4415771394685624e-002 	-2.8746812900411146e-004 	4.4128303265681498e-002
2.2000000000000000e+002 	4.1781646065935381e-002 	-2.8648993965287782e-004 	4.1495156126282511e-002
2.3280000000000001e+002 	3.9366750158909475e-002 	-2.8524799576835371e-004 	3.9081502163141130e-002
2.4560000000000002e+002 	3.7149470724845909e-002 	-2.8372933556457486e-004 	3.6865741389281323e-002
2.5840000000000003e+002 	3.5110384121201821e-002 	-2.8192967403418393e-004 	3.4828454447167645e-002
2.7119999999999999e+002 	3.3232098856612706e-002 	-2.7985246239730949e-004 	3.2952246394215401e-002
2.8400000000000000e+002 	3.1499074966714335e-002 	-2.7750759119222861e-004 	3.1221567375522109e-002
2.9680000000000001e+002 	2.9897439965791559e-002 	-2.7490996679846382e-004 	2.9622529998993091e-002
3.0959999999999997e+002 	2.8414812165685869e-002 	-2.7207812895955688e-004 	2.8142734036726305e-002
3.3519999999999999e+002 	2.5794564911092818e-002 	-2.6582646418437669e-004 	2.5528738446908429e-002
3.6080000000000001e+002 	2.3446904653752466e-002 	-2.5890975342324928e-004 	2.3187994900329228e-002
3.8640000000000003e+002 	2.1443115768438450e-002 	-2.5149327008659945e-004 	2.1191622498351850e-002
4.1200000000000000e+002 	1.9691838784616576e-002 	-2.4373292182915826e-004 	1.9448105862787415e-002
4.3759999999999997e+002 	1.8153012806261349e-002 	-2.3576638018605784e-004 	1.7917246426075287e-002
4.6319999999999999e+002 	1.6793801730456713e-002 	-2.2770999918780049e-004 	1.6566091731268915e-002
4.8880000000000001e+002 	1.5587283771228994e-002 	-2.1965914531986596e-004 	1.5367624625909128e-002
5.1439999999999998e+002 	1.4511304611553557e-002 	-2.1168988387640963e-004 	1.4299614727677145e-002
5.4000000000000000e+002 	1.3547539398757330e-002 	-2.0386109087126259e-004 	1.3343678307886067e-002
5.6560000000000002e+002 	1.2680744974623463e-002 	-1.9621679501257986e-004 	1.2484528179610885e-002
5.9119999999999993e+002 	1.1898168790940661e-002 	-1.8878862642088007e-004 	1.1709380164519778e-002
6.1680000000000007e+002 	1.1189081993685016e-002 	-1.8159816616630288e-004 	1.1007483827518712e-002
6.6800000000000000e+002 	9.9713515860091542e-003 	-1.6798315354014774e-004 	9.8033684324690066e-003
7.1919999999999993e+002 	8.9086488633243546e-003 	-1.5539548440969959e-004 	8.7532533789146556e-003
7.7039999999999998e+002 	8.0318505317004737e-003 	-1.4382058030515984e-004 	7.8880299513953110e-003
8.2160000000000002e+002 	7.2848332855574866e-003 	-1.3321380258714212e-004 	7.1516194829703466e-003
8.7280000000000007e+002 	6.6425447908975161e-003 	-1.2351214505831713e-004 	6.5190326458392026e-003
9.2400000000000000e+002 	6.0856213017164889e-003 	-1.1464405539948447e-004 	5.9709772463170056e-003
9.7519999999999993e+002 	5.5990107751087382e-003 	-1.0653606188682302e-004 	5.4924747132219145e-003
1.0264000000000001e+003 	5.1708995041056674e-003 	-9.9116732196245547e-005 	5.0717827719094222e-003
1.0775999999999999e+003 	4.7919136830782598e-003 	-9.2318879092422994e-005 	4.6995948039858368e-003
1.1288000000000000e+003 	4.4545340384426696e-003 	-8.6080674681253224e-005 	4.3684533637614181e-003
1.1800000000000000e+003 	4.1526664351000135e-003 	-8.0346065892259889e-005 	4.0723203692077528e-003
1.2824000000000001e+003 	3.6420669124708708e-003 	-7.0136173686408565e-005 	3.5719307387844621e-003
1.3848000000000000e+003 	3.2042519222335235e-003 	-6.1407260164622312e-005 	3.1428446620689015e-003
1.4872000000000000e+003 	2.8496875401358788e-003 	-5.3909975038954526e-005 	2.7957775650969256e-003
1.5895999999999999e+003 	2.5522188171152775e-003 	-4.7434800816708458e-005 	2.5047840162985696e-003
1.6920000000000000e+003 	2.2999698043404933e-003 	-4.1809840644414050e-005 	2.2581599636960791e-003
1.7944000000000001e+003 	2.0840212706844529e-003 	-3.6897958997361329e-005 	2.0471233116870916e-003
1.8968000000000000e+003 	1.8976054314446419e-003 	-3.2590825657885301e-005 	1.8650146057867575e-003
1.9992000000000000e+003 	1.7355120917941121e-003 	-2.8801783375811561e-005 	1.7067103084183004e-003
2.1015999999999999e+003 	1.5936679977776905e-003 	-2.5460142013342072e-005 	1.5682078557643488e-003
2.2040000000000000e+003 	1.4688417362915842e-003 	-2.2507299835524237e-005 	1.4463344364560595e-003
2.3064000000000001e+003 	1.3584355259741445e-003 	-1.9894080895406276e-005 	1.3385414450787381e-003
2.5112000000000003e+003 	1.1745959449069828e-003 	-1.5477205577825824e-005 	1.1591187393291565e-003
2.7160000000000000e+003 	1.0204332485426783e-003 	-1.1997876566673165e-005 	1.0084353719760049e-003
2.9207999999999997e+003 	8.9859139318143729e-004 	-9.2679012504843706e-006 	8.8932349193095281e-004
3.1255999999999999e+003 	7.9872275036205111e-004 	-7.1245517950303967e-006 	7.9159819856702092e-004
3.3304000000000001e+003 	7.1590659899112654e-004 	-5.4390517477155003e-006 	7.1046754724341107e-004
3.5352000000000003e+003 	6.4647800019180070e-004 	-4.1136025707031446e-006 	6.4236439762109748e-004
3.7400000000000000e+003 	5.8768596091460928e-004 	-3.0726044342243280e-006 	5.8461335648038481e-004
3.9447999999999997e+003 	5.3744122293920751e-004 	-2.2563077670761243e-006 	5.3518491517213151e-004
4.1496000000000004e+003 	4.9413702980328350e-004 	-1.6172517727483317e-006 	4.9251977803053504e-004
4.3543999999999996e+003 	4.5652273577675436e-004 	-1.1178578172988666e-006 	4.5540487795945548e-004
4.5591999999999998e+003 	4.2361410190967319e-004 	-7.2846665765006534e-007 	4.2288563525202315e-004
4.7640000000000000e+003 	3.9462881569793910e-004 	-4.2570276453135904e-007 	3.9420311293340788e-004
4.9688000000000002e+003 	3.6893945735716173e-004 	-1.9114881297145755e-007 	3.6874830854419016e-004
5.3783999999999996e+003 	3.2597710881175819e-004 	1.4599415941570556e-007 	3.2612310297117395e-004
5.7880000000000000e+003 	2.8947731952916821e-004 	3.3799767129867039e-007 	2.8981531720046697e-004
6.1976000000000004e+003 	2.6022336994346233e-004 	4.3752553858002819e-007 	2.6066089548204243e-004
6.6071999999999998e+003 	2.3578927601893482e-004 	4.8391797943678899e-007 	2.3627319399837165e-004
7.0168000000000002e+003 	2.1508245349694921e-004 	4.9946575473197497e-007 	2.1558191925168113e-004
7.4264000000000005e+003 	1.9730781815070251e-004 	4.9667927406106794e-007 	1.9780449742476351e-004
7.8360000000000000e+003 	1.8188085205739194e-004 	4.8334637379919853e-007 	1.8236419843119115e-004
8.2456000000000004e+003 	1.6836485030767906e-004 	4.6441776164417465e-007 	1.6882926806932331e-004
8.6552000000000007e+003 	1.5642751599571059e-004 	4.4291397488746141e-007 	1.5687042997059806e-004
9.0647999999999993e+003 	1.4581132907085680e-004 	4.2059465489966708e-007 	1.4623192372575651e-004
9.4743999999999996e+003 	1.3631326483894081e-004 	3.9844455917926100e-007 	1.3671170939812003e-004
1.0293600000000000e+004 	1.2031379264157159e-004 	3.6043256058661465e-007 	1.2067422520215819e-004
1.1112799999999999e+004 	1.0640579000843285e-004 	3.2028705046683740e-007 	1.0672607705889965e-004
1.1932000000000000e+004 	9.5174673822840658e-005 	2.8435127850104869e-007 	9.5459025101341736e-005
1.2751200000000001e+004 	8.5716695981323900e-005 	2.5427227778102855e-007 	8.5970968259104952e-005
1.3570400000000000e+004 	7.7663749362250588e-005 	2.2828430459270048e-007 	7.7892033666843285e-005
1.4389600000000000e+004 	7.0740077901137503e-005 	2.0526184093234497e-007 	7.0945339742069824e-005
1.5208799999999999e+004 	6.4736465426724747e-005 	1.8478938065021542e-007 	6.4921254807374972e-005
1.6027999999999998e+004 	5.9491647308693697e-005 	1.6662317028107195e-007 	5.9658270478974779e-005
1.6847200000000001e+004 	5.4879349512353840e-005 	1.5052989770645916e-007 	5.5029879410060294e-005
1.7666399999999998e+004 	5.0799270835613687e-005 	1.3628425790792182e-007 	5.0935555093521617e-005
1.8485600000000002e+004 	4.7170731080243291e-005 	1.2368001572023321e-007 	4.7294411095963536e-005
2.0124000000000000e+004 	4.1127779517571241e-005 	1.0422080137431382e-007 	4.1232000318945555e-005
2.1762399999999998e+004 	3.5912919054211645e-005 	8.5935366408155676e-008 	3.5998854420619810e-005
2.3400799999999999e+004 	3.1772972738470312e-005 	7.2437098071862527e-008 	3.1845409836542169e-005
2.5039200000000001e+004 	2.8333098853264199e-005 	6.2519201234829356e-008 	2.8395618054499037e-005
2.6677600000000002e+004 	2.5441489336234435e-005 	5.4755880559544908e-008 	2.5496245216793981e-005
2.8316000000000000e+004 	2.2985076773184931e-005 	4.8576856543924417e-008 	2.3033653629728858e-005
-1750 0
-1.7500000000000000e+003 0.0000000000000000e+000 0.0000000000000000e+000
1
1 1 1 1
1
         t, ms                         dVp, mV                         dVs, mV                         dV, mV
5.0000000000000000e-001 	2.9778777829741671e-002 	-5.8873278083681794e-006 	2.9772890501933297e-002
5.9999999999999998e-001 	2.9822024013099521e-002 	-5.8873277659034057e-006 	2.9816136685333620e-002
6.9999999999999996e-001 	2.9850451038476552e-002 	-5.8873273852147382e-006 	2.9844563711091333e-002
8.0000000000000004e-001 	2.9872836331898547e-002 	-5.8873267857689734e-006 	2.9866949005112772e-002
9.0000000000000002e-001 	2.9891773685178865e-002 	-5.8873261852812318e-006 	2.9885886358993578e-002
1.0000000000000000e+000 	2.9908259183563074e-002 	-5.8873257941238351e-006 	2.9902371857768940e-002
1.1000000000000001e+000 	2.9922822084675199e-002 	-5.8873257461036518e-006 	2.9916934758929103e-002
1.2000000000000000e+000 	2.9935815254334863e-002 	-5.8873260757467783e-006 	2.9929927928259121e-002
1.3000000000000000e+000 	2.9947500604848406e-002 	-5.8873267303019873e-006 	2.9941613278118100e-002
1.3999999999999999e+000 	2.9958081673287288e-002 	-5.8873275992106963e-006 	2.9952194345688066e-002
1.6000000000000001e+000 	3.0309774361488958e-002 	-5.8873293063741156e-006 	3.0303887032182585e-002
1.8000000000000000e+000 	2.9992433283049104e-002 	-5.8873304830041870e-006 	2.9986545952566099e-002
2.0000000000000000e+000 	3.0005932052139320e-002 	-5.8873307032963095e-006 	3.0000044721436012e-002
2.2000000000000002e+000 	3.0017669441384051e-002 	-5.8873299008036691e-006 	3.0011782111483247e-002
2.3999999999999999e+000 	3.0027999937138405e-002 	-5.8873282904465798e-006 	3.0022112608847958e-002
2.6000000000000001e+000 	3.0037187131382679e-002 	-5.8873262330885811e-006 	3.0031299805149597e-002
2.7999999999999998e+000 	3.0045430003935936e-002 	-5.8873241063663548e-006 	3.0039542679829563e-002
3.0000000000000000e+000 	3.0052881603940113e-002 	-5.8873222142094220e-006 	3.0046994281725893e-002
3.2000000000000002e+000 	3.0059661863119300e-002 	-5.8873207427288460e-006 	3.0053774542376562e-002
3.3999999999999999e+000 	3.0065866354826637e-002 	-5.8873197554357944e-006 	3.0059979035071190e-002
3.6000000000000001e+000 	3.0071572362510124e-002 	-5.8873192148152082e-006 	3.0065685043295293e-002
4.0000000000000000e+000 	3.0203702218820273e-002 	-5.8873188883394521e-006 	3.0197814899931931e-002
4.4000000000000004e+000 	3.0090641191460644e-002 	-5.8873190328125087e-006 	3.0084753872427830e-002
4.7999999999999998e+000 	3.0098396018530454e-002 	-5.8873192418235974e-006 	3.0092508699288631e-002
5.2000000000000002e+000 	3.0105281246514334e-002 	-5.8873196580638022e-006 	3.0099393926856267e-002
5.5999999999999996e+000 	3.0111482264924133e-002 	-5.8873209436390319e-006 	3.0105594943980504e-002
6.0000000000000000e+000 	3.0117154741492118e-002 	-5.8873240657879718e-006 	3.0111267417426323e-002
6.4000000000000004e+000 	3.0122430372074398e-002 	-5.8873300001409640e-006 	3.0116543042074260e-002
6.7999999999999998e+000 	3.0127419098037275e-002 	-5.8873394440999354e-006 	3.0121531758593178e-002
7.2000000000000002e+000 	3.0132209531307522e-002 	-5.8873526029160572e-006 	3.0126322178704600e-002
7.5999999999999996e+000 	3.0136869098691826e-002 	-5.8873690776029487e-006 	3.0130981729614228e-002
8.0000000000000000e+000 	3.0141444793757251e-002 	-5.8873878563938370e-006 	3.0135557405900862e-002
8.8000000000000007e+000 	3.0217026328954660e-002 	-5.8874230790999720e-006 	3.0211138905875564e-002
9.5999999999999996e+000 	3.0159201039687177e-002 	-5.8874443614110372e-006 	3.0153313595325755e-002
1.0400000000000000e+001 	3.0167619312134950e-002 	-5.8874376279636583e-006 	3.0161731874506999e-002
1.1199999999999999e+001 	3.0175517733733621e-002 	-5.8873923675936351e-006 	3.0169630341366022e-002
1.2000000000000000e+001 	3.0182687982847546e-002 	-5.8873041517532112e-006 	3.0176800678695794e-002
1.2800000000000001e+001 	3.0188925811829383e-002 	-5.8871756757105151e-006 	3.0183038636153677e-002
1.3600000000000000e+001 	3.0194052699062099e-002 	-5.8870164143639287e-006 	3.0188165682647726e-002
1.4400000000000000e+001 	3.0197926391363369e-002 	-5.8868412354815008e-006 	3.0192039550127881e-002
1.5199999999999999e+001 	3.0200443506732438e-002 	-5.8866684109805299e-006 	3.0194556838321472e-002
1.6000000000000000e+001 	3.0201537309383276e-002 	-5.8865174447588370e-006 	3.0195650791938516e-002
1.6800000000000001e+001 	3.0201173056660539e-002 	-5.8864070449636819e-006 	3.0195286649615575e-002
1.7600000000000001e+001 	3.0199342509409352e-002 	-5.8863534542427918e-006 	3.0193456155955128e-002
1.8399999999999999e+001 	3.0196058535600385e-002 	-5.8863692435016947e-006 	3.0190172166356877e-002
2.0000000000000000e+001 	3.0222014075316675e-002 	-5.8866355728040989e-006 	3.0216127439743872e-002
2.1600000000000001e+001 	3.0169308809636908e-002 	-5.8871986655414555e-006 	3.0163421610971363e-002
2.3199999999999999e+001 	3.0148447587028896e-002 	-5.8880051613898670e-006 	3.0142559581867512e-002
2.4800000000000001e+001 	3.0123215919046823e-002 	-5.8889631561734881e-006 	3.0117326955890658e-002
2.6399999999999999e+001 	3.0094099247000874e-002 	-5.8899574907190091e-006 	3.0088209289510160e-002
2.8000000000000000e+001 	3.0061567695707288e-002 	-5.8908663625575420e-006 	3.0055676829344742e-002
2.9600000000000001e+001 	3.0026060454904607e-002 	-5.8915757397473099e-006 	3.0020168879164859e-002
3.1199999999999999e+001 	2.9987976687651196e-002 	-5.8919900001585466e-006 	2.9982084697651040e-002
3.2800000000000004e+001 	2.9947671036090525e-002 	-5.8920384730312375e-006 	2.9941778997617498e-002
3.4399999999999999e+001 	2.9905452271092224e-002 	-5.8916782930749198e-006 	2.9899560592799149e-002
3.6000000000000000e+001 	2.9861584058564632e-002 	-5.8908943262576739e-006 	2.9855693164238362e-002
3.7600000000000001e+001 	2.9816287129573849e-002 	-5.8896970155231076e-006 	2.9810397432558314e-002
4.0800000000000004e+001 	2.9737261903631594e-002 	-5.8862927086167028e-006 	2.9731375610922973e-002
4.4000000000000000e+001 	2.9624133857244234e-002 	-5.8818994344640248e-006 	2.9618251957809778e-002
4.7199999999999996e+001 	2.9522502478383998e-002 	-5.8770783078254440e-006 	2.9516625400076168e-002
5.0399999999999999e+001 	2.9417635088028291e-002 	-5.8724403083190925e-006 	2.9411762647719979e-002
5.3600000000000001e+001 	2.9309601936791885e-002 	-5.8685808521000867e-006 	2.9303733355939783e-002
5.6800000000000004e+001 	2.9198328807018930e-002 	-5.8660328678868309e-006 	2.9192462774151034e-002
6.0000000000000000e+001 	2.9083659470263663e-002 	-5.8652390210282445e-006 	2.9077794231242640e-002
6.3200000000000003e+001 	2.8965405399698829e-002 	-5.8665402372180854e-006 	2.8959538859461603e-002
6.6400000000000006e+001 	2.8843381911861091e-002 	-5.8701763577405074e-006 	2.8837511735503363e-002
6.9599999999999994e+001 	2.8717432210348965e-002 	-5.8762947231611391e-006 	2.8711555915625801e-002
7.2799999999999997e+001 	2.8587441592652668e-002 	-5.8849630729367425e-006 	2.8581556629579730e-002
7.9200000000000003e+001 	2.8321733218813153e-002 	-5.9098010647863466e-006 	2.8315823417748364e-002
8.5599999999999994e+001 	2.8026781192920038e-002 	-5.9441168048332796e-006 	2.8020837076115211e-002
9.2000000000000000e+001 	2.7723011709829225e-002 	-5.9869793658281323e-006 	2.7717024730463408e-002
9.8400000000000006e+001 	2.7405020525746435e-002 	-6.0372221902795622e-006 	2.7398983303556154e-002
1.0480000000000001e+002 	2.7074282422932992e-002 	-6.0935579566911187e-006 	2.7068188864976306e-002
1.1119999999999999e+002 	2.6732453923226488e-002 	-6.1546699634527257e-006 	2.6726299253263020e-002
1.1759999999999999e+002 	2.6381261389162133e-002 	-6.2192873866493419e-006 	2.6375042101775485e-002
1.2400000000000000e+002 	2.6022415839953312e-002 	-6.2862563200482396e-006 	2.6016129583633262e-002
1.3039999999999998e+002 	2.5657554144730595e-002 	-6.3546081613583834e-006 	2.5651199536569236e-002
1.3680000000000001e+002 	2.5288202494705026e-002 	-6.4236169399127563e-006 	2.5281778877765115e-002
1.4319999999999999e+002 	2.4915756970372582e-002 	-6.4928364437306261e-006 	2.4909264133928865e-002
1.5600000000000000e+002 	2.4176260918036381e-002 	-6.6320591805297066e-006 	2.4169628858855850e-002
1.6880000000000001e+002 	2.3420709003782882e-002 	-6.7747989677562048e-006 	2.3413934204815117e-002
1.8160000000000002e+002 	2.2680645928141768e-002 	-6.9258843562547837e-006 	2.2673720043785515e-002
1.9439999999999998e+002 	2.1952540075370106e-002 	-7.0915631630303825e-006 	2.1945448512207082e-002
2.0719999999999999e+002 	2.1240122271333640e-002 	-7.2783965281044550e-006 	2.1232843874805528e-002
2.2000000000000000e+002 	2.0546102383850660e-002 	-7.4922903342280138e-006 	2.0538610093516433e-002
2.3280000000000001e+002 	1.9872362959573817e-002 	-7.7378313253699568e-006 	1.9864625128248461e-002
2.4560000000000002e+002 	1.9220133208029636e-002 	-8.0179590549727530e-006 	1.9212115248974666e-002
2.5840000000000003e+002 	1.8590133691764949e-002 	-8.3339218857554370e-006 	1.8581799769879191e-002
2.7119999999999999e+002 	1.7982692543262797e-002 	-8.6854304597584879e-006 	1.7974007112803048e-002
2.8400000000000000e+002 	1.7397837345586656e-002 	-9.0709214853487596e-006 	1.7388766424101310e-002
2.9680000000000001e+002 	1.6835367320348311e-002 	-9.4878618527608494e-006 	1.6825879458495549e-002
3.0959999999999997e+002 	1.6294909967921486e-002 	-9.9330453495526158e-006 	1.6284976922571932e-002
3.3519999999999999e+002 	1.5289048219676077e-002 	-1.0888522723208991e-005 	1.5278159696952872e-002
3.6080000000000001e+002 	1.4339818448370586e-002 	-1.1911068064509248e-005 	1.4327907380306077e-002
3.8640000000000003e+002 	1.3477743376114924e-002 	-1.2973890797062886e-005 	1.3464769485317857e-002
4.1200000000000000e+002 	1.2685174941550043e-002 	-1.4052297858314636e-005 	1.2671122643691730e-002
4.3759999999999997e+002 	1.1956411021462741e-002 	-1.5124688918451608e-005 	1.1941286332544284e-002
4.6319999999999999e+002 	1.1285935782368504e-002 	-1.6173133764858720e-005 	1.1269762648603644e-002
4.8880000000000001e+002 	1.0668539918720375e-002 	-1.7183662076840429e-005 	1.0651356256643537e-002
5.1439999999999998e+002 	1.0099383972097564e-002 	-1.8146019754961768e-005 	1.0081237952342606e-002
5.4000000000000000e+002 	9.5740232144755008e-003 	-1.9053024823206369e-005 	9.5549701896522968e-003
5.6560000000000002e+002 	9.0884077867331558e-003 	-1.9899874943261383e-005 	9.0685079117898953e-003
5.9119999999999993e+002 	8.6388677757566670e-003 	-2.0683605467616234e-005 	8.6181841702890512e-003
6.1680000000000007e+002 	8.2220898219661793e-003 	-2.1402701444679084e-005 	8.2006871205214955e-003
6.6800000000000000e+002 	7.4842020319795307e-003 	-2.2648220902889341e-005 	7.4615538110766391e-003
7.1919999999999993e+002 	6.8208753111807172e-003 	-2.3644921058014386e-005 	6.7972303901226994e-003
7.7039999999999998e+002 	6.2531424054234680e-003 	-2.4407061538015184e-005 	6.2287353438854522e-003
8.2160000000000002e+002 	5.7554184499249679e-003 	-2.4952550155659616e-005 	5.7304658997693074e-003
8.7280000000000007e+002 	5.3166590631741487e-003 	-2.5301677108007223e-005 	5.2913573860661417e-003
9.2400000000000000e+002 	4.9278028125332640e-003 	-2.5475920361411943e-005 	4.9023268921718514e-003
9.7519999999999993e+002 	4.5814206008609930e-003 	-2.5496563645792947e-005 	4.5559240372151973e-003
1.0264000000000001e+003 	4.2714031019195995e-003 	-2.5383663486402034e-005 	4.2460194384331953e-003
1.0775999999999999e+003 	3.9927021308991031e-003 	-2.5155598632158240e-005 	3.9675465322669447e-003
1.1288000000000000e+003 	3.7411229990984857e-003 	-2.4829000132380203e-005 	3.7162939989661076e-003
1.1800000000000000e+003 	3.5131597630968774e-003 	-2.4418823722171966e-005 	3.4887409393747062e-003
1.2824000000000001e+003 	3.1213848944670669e-003 	-2.3412371028481053e-005 	3.0979725234385868e-003
1.3848000000000000e+003 	2.7795876078738086e-003 	-2.2212172500867374e-005 	2.7573754353729424e-003
1.4872000000000000e+003 	2.4972921589069860e-003 	-2.0888232351287428e-005 	2.4764039265556983e-003
1.5895999999999999e+003 	2.2567044024233806e-003 	-1.9496297337582095e-005 	2.2372081050857978e-003
1.6920000000000000e+003 	2.0498742533722027e-003 	-1.8078208475603021e-005 	2.0317960448966001e-003
1.7944000000000001e+003 	1.8706679495888682e-003 	-1.6665987064586662e-005 	1.8540019625242819e-003
1.8968000000000000e+003 	1.7143160069986645e-003 	-1.5284383886903705e-005 	1.6990316231117600e-003
1.9992000000000000e+003 	1.5770660013006397e-003 	-1.3951854251453035e-005 	1.5631141470491868e-003
2.1015999999999999e+003 	1.4559277607695215e-003 	-1.2681352028767796e-005 	1.4432464087407539e-003
2.2040000000000000e+003 	1.3484888593663072e-003 	-1.1481311096286656e-005 	1.3370075482700200e-003
2.3064000000000001e+003 	1.2527807303554664e-003 	-1.0356619761489376e-005 	1.2424241105939769e-003
2.5112000000000003e+003 	1.0920234345367208e-003 	-8.3325555382516543e-006 	1.0836908789984693e-003
2.7160000000000000e+003 	9.5579131588551111e-004 	-6.6092779499713595e-006 	9.4918203793554015e-004
2.9207999999999997e+003 	8.4690817924899266e-004 	-5.1704654490771251e-006 	8.4173771379991550e-004
3.1255999999999999e+003 	7.5682724561212434e-004 	-3.9827263353911542e-006 	7.5284451927673318e-004
3.3304000000000001e+003 	6.8151481445810570e-004 	-3.0103214426622030e-006 	6.7850449301544338e-004
3.5352000000000003e+003 	6.1792181644974061e-004 	-2.2212035613685323e-006 	6.1570061288837206e-004
3.7400000000000000e+003 	5.6372826375635714e-004 	-1.5864944069547264e-006 	5.6214176934940260e-004
3.9447999999999997e+003 	5.1715075937013326e-004 	-1.0800443183585963e-006 	5.1607071505177461e-004
4.1496000000000004e+003 	4.7680308748012631e-004 	-6.7879384288117618e-007 	4.7612429363724491e-004
4.3543999999999996e+003 	4.4159614652996806e-004 	-3.6302444495361347e-007 	4.4123312208501432e-004
4.5591999999999998e+003 	4.1066576019279136e-004 	-1.1624651689231833e-007 	4.1054951367589898e-004
4.7640000000000000e+003 	3.8332001972495451e-004 	7.5132898325424052e-008 	3.8339515262328003e-004
4.9688000000000002e+003 	3.5900037182954101e-004 	2.2221363597209292e-007 	3.5922258546551312e-004
5.3783999999999996e+003 	3.1815103608113105e-004 	4.3064255195033681e-007 	3.1858167863308139e-004
5.7880000000000000e+003 	2.8329225006783020e-004 	5.4119326310802531e-007 	2.8383344333093814e-004
6.1976000000000004e+003 	2.5520301721065468e-004 	5.8909129353244191e-007 	2.5579210850418705e-004
6.6071999999999998e+003 	2.3164608298945790e-004 	6.0200469489044698e-007 	2.3224808768434831e-004
7.0168000000000002e+003 	2.1161428655815006e-004 	5.9516837243224745e-007 	2.1220945493058226e-004
7.4264000000000005e+003 	1.9436973041609011e-004 	5.7690236898996631e-007 	1.9494663278508013e-004
7.8360000000000000e+003 	1.7936652966171870e-004 	5.5246074083170228e-007 	1.7991899040255047e-004
8.2456000000000004e+003 	1.6619455371513062e-004 	5.2524651156701615e-007 	1.6671980022669764e-004
8.6552000000000007e+003 	1.5454019674262311e-004 	4.9733022534675479e-007 	1.5503752696796979e-004
9.0647999999999993e+003 	1.4415939352093899e-004 	4.6988191813389981e-007 	1.4462927543907293e-004
9.4743999999999996e+003 	1.3485902139783333e-004 	4.4351318777286542e-007 	1.3530253458560621e-004
1.0293600000000000e+004 	1.1916310062999016e-004 	3.9863183075147062e-007 	1.1956173246074165e-004
1.1112799999999999e+004 	1.0550067929956562e-004 	3.5350904792892825e-007 	1.0585418834749454e-004
1.1932000000000000e+004 	9.4443240622250535e-005 	3.1370872149802180e-007 	9.4756949343748591e-005
1.2751200000000001e+004 	8.5117331666053852e-005 	2.8046475876877066e-007 	8.5397796424822625e-005
1.3570400000000000e+004 	7.7166655536650718e-005 	2.5184097121526669e-007 	7.7418496507865959e-005
1.4389600000000000e+004 	7.0323490314938293e-005 	2.2660005690213400e-007 	7.0550090371840444e-005
1.5208799999999999e+004 	6.4384164345248035e-005 	2.0423737312198937e-007 	6.4588401718370007e-005
1.6027999999999998e+004 	5.9191318830692536e-005 	1.8444166445081765e-007 	5.9375760495143361e-005
1.6847200000000001e+004 	5.4621491842699541e-005 	1.6692969817972315e-007 	5.4788421540879254e-005
1.7666399999999998e+004 	5.0576448541654575e-005 	1.5143860150667940e-007 	5.0727887143161257e-005
1.8485600000000002e+004 	4.6977054640969444e-005 	1.3773311595155848e-007 	4.7114787756921004e-005
2.0124000000000000e+004 	4.0978017035875856e-005 	1.1638366384271999e-007 	4.1094400699718594e-005
2.1762399999999998e+004 	3.5798385260860003e-005 	9.6605741708288724e-008 	3.5894991002568295e-005
2.3400799999999999e+004 	3.1682578259016652e-005 	8.1867459178420316e-008 	3.1764445718195069e-005
2.5039200000000001e+004 	2.8260630266537745e-005 	7.0907613662241991e-008 	2.8331537880199995e-005
2.6677600000000002e+004 	2.5382589199971919e-005 	6.2267524938349894e-008 	2.5444856724910272e-005
2.8316000000000000e+004 	2.2936632357119313e-005 	5.5344247568580354e-008 	2.2991976604687894e-005
