-550 0
-5.5000000000000000e+002 0.0000000000000000e+000 0.0000000000000000e+000
1
1 1 1 1
1
         t, ms                         dVp, mV                         dVs, mV                         dV, mV
5.0000000000000000e-001 	1.3769920912664468e-001 	-2.4105615413011914e-004 	1.3745815297251454e-001
5.9999999999999998e-001 	1.3787825850278199e-001 	-2.4105615411812954e-004 	1.3763720234866392e-001
6.9999999999999996e-001 	1.3799595432721970e-001 	-2.4105615397388829e-004 	1.3775489817324579e-001
8.0000000000000004e-001 	1.3808863565250612e-001 	-2.4105615374134565e-004 	1.3784757949876467e-001
9.0000000000000002e-001 	1.3816704122712578e-001 	-2.4105615350375619e-004 	1.3792598507362194e-001
1.0000000000000000e+000 	1.3823529517361427e-001 	-2.4105615334315186e-004 	1.3799423902027111e-001
1.1000000000000001e+000 	1.3829558884787557e-001 	-2.4105615331321105e-004 	1.3805453269456242e-001
1.2000000000000000e+000 	1.3834938327917928e-001 	-2.4105615342977154e-004 	1.3810832712574947e-001
1.3000000000000000e+000 	1.3839776290737987e-001 	-2.4105615367475789e-004 	1.3815670675370498e-001
1.3999999999999999e+000 	1.3844157045682623e-001 	-2.4105615400706092e-004 	1.3820051430281924e-001
1.6000000000000001e+000 	1.3989755019813341e-001 	-2.4105615467415867e-004 	1.3965649404345926e-001
1.8000000000000000e+000 	1.3858379153180417e-001 	-2.4105615515004197e-004 	1.3834273537665423e-001
2.0000000000000000e+000 	1.3863967815272729e-001 	-2.4105615526150587e-004 	1.3839862199746575e-001
2.2000000000000002e+000 	1.3868827223128855e-001 	-2.4105615497466533e-004 	1.3844721607631388e-001
2.3999999999999999e+000 	1.3873104144825407e-001 	-2.4105615436792986e-004 	1.3848998529388612e-001
2.6000000000000001e+000 	1.3876907715072787e-001 	-2.4105615358068901e-004 	1.3852802099714723e-001
2.7999999999999998e+000 	1.3880320316916681e-001 	-2.4105615276256770e-004 	1.3856214701640421e-001
3.0000000000000000e+000 	1.3883405316380579e-001 	-2.4105615203662525e-004 	1.3859299701176916e-001
3.2000000000000002e+000 	1.3886212368296927e-001 	-2.4105615148034313e-004 	1.3862106753148895e-001
3.3999999999999999e+000 	1.3888781042267315e-001 	-2.4105615112227929e-004 	1.3864675427155077e-001
3.6000000000000001e+000 	1.3891143335606715e-001 	-2.4105615094961987e-004 	1.3867037720511755e-001
4.0000000000000000e+000 	1.3945843954756840e-001 	-2.4105615092469358e-004 	1.3921738339664375e-001
4.4000000000000004e+000 	1.3899037803172268e-001 	-2.4105615109841272e-004 	1.3874932188062419e-001
4.7999999999999998e+000 	1.3902248247565868e-001 	-2.4105615128144941e-004 	1.3878142632437718e-001
5.2000000000000002e+000 	1.3905098587274053e-001 	-2.4105615149655832e-004 	1.3880992972124398e-001
5.5999999999999996e+000 	1.3907665421684676e-001 	-2.4105615197007061e-004 	1.3883559806487666e-001
6.0000000000000000e+000 	1.3910012894309776e-001 	-2.4105615304805409e-004 	1.3885907279004978e-001
6.4000000000000004e+000 	1.3912195005224939e-001 	-2.4105615507930930e-004 	1.3888089389717009e-001
6.7999999999999998e+000 	1.3914256461395777e-001 	-2.4105615830384864e-004 	1.3890150845565394e-001
7.2000000000000002e+000 	1.3916232791830693e-001 	-2.4105616277272465e-004 	1.3892127175553420e-001
7.5999999999999996e+000 	1.3918150362330928e-001 	-2.4105616831059709e-004 	1.3894044745499862e-001
8.0000000000000000e+000 	1.3920026660605106e-001 	-2.4105617452057593e-004 	1.3895921043153045e-001
8.8000000000000007e+000 	1.3951242522538423e-001 	-2.4105618560188346e-004 	1.3927136903978238e-001
9.5999999999999996e+000 	1.3927175123626828e-001 	-2.4105619125374257e-004 	1.3903069504501456e-001
1.0400000000000000e+001 	1.3930436861618864e-001 	-2.4105618705458110e-004 	1.3906331242913417e-001
1.1199999999999999e+001 	1.3933361134116024e-001 	-2.4105617022684509e-004 	1.3909255517093344e-001
1.2000000000000000e+001 	1.3935827953750302e-001 	-2.4105614036106366e-004 	1.3911722339714191e-001
1.2800000000000001e+001 	1.3937717955793641e-001 	-2.4105609952637948e-004 	1.3913612345841006e-001
1.3600000000000000e+001 	1.3938922167352943e-001 	-2.4105605187331439e-004 	1.3914816562165605e-001
1.4400000000000000e+001 	1.3939346860463603e-001 	-2.4105600291505209e-004 	1.3915241260172098e-001
1.5199999999999999e+001 	1.3938914866910582e-001 	-2.4105595868582948e-004 	1.3914809271042000e-001
1.6000000000000000e+001 	1.3937564733373839e-001 	-2.4105592494103181e-004 	1.3913459140879733e-001
1.6800000000000001e+001 	1.3935248797732316e-001 	-2.4105590650895471e-004 	1.3911143207081433e-001
1.7600000000000001e+001 	1.3931930914760138e-001 	-2.4105590684851203e-004 	1.3907825324075287e-001
1.8399999999999999e+001 	1.3927584259768963e-001 	-2.4105592782161088e-004 	1.3903478666986802e-001
2.0000000000000000e+001 	1.3930770253775154e-001 	-2.4105602787111039e-004 	1.3906664650988043e-001
2.1600000000000001e+001 	1.3899591727028812e-001 	-2.4105618996291881e-004 	1.3875486108032517e-001
2.3199999999999999e+001 	1.3879172014177044e-001 	-2.4105638658461978e-004 	1.3855066375518579e-001
2.4800000000000001e+001 	1.3854474858381005e-001 	-2.4105658505022774e-004 	1.3830369199875983e-001
2.6399999999999999e+001 	1.3825549109376714e-001 	-2.4105675364997361e-004 	1.3801443434011709e-001
2.8000000000000000e+001 	1.3792474410357053e-001 	-2.4105686660653880e-004 	1.3768368723696400e-001
2.9600000000000001e+001 	1.3755357419333183e-001 	-2.4105690715436212e-004 	1.3731251728617738e-001
3.1199999999999999e+001 	1.3714328437144346e-001 	-2.4105686871576948e-004 	1.3690222750272768e-001
3.2800000000000004e+001 	1.3669538091795008e-001 	-2.4105675450691446e-004 	1.3645432416344322e-001
3.4399999999999999e+001 	1.3621153919858492e-001 	-2.4105657604838853e-004 	1.3597048262253650e-001
3.6000000000000000e+001 	1.3569356856394454e-001 	-2.4105635105748293e-004 	1.3545251221288709e-001
3.7600000000000001e+001 	1.3514337736830401e-001 	-2.4105610112473523e-004 	1.3490232126717927e-001
4.0800000000000004e+001 	1.3401661336661155e-001 	-2.4105564522095612e-004 	1.3377555772139052e-001
4.4000000000000000e+001 	1.3266629565613641e-001 	-2.4105534632238641e-004 	1.3242524030981398e-001
4.7199999999999996e+001 	1.3128644287743788e-001 	-2.4105531065292965e-004 	1.3104538756678502e-001
5.0399999999999999e+001 	1.2983192452155543e-001 	-2.4105558797183130e-004 	1.2959086893358360e-001
5.3600000000000001e+001 	1.2831636417848727e-001 	-2.4105616260172724e-004 	1.2807530801588551e-001
5.6800000000000004e+001 	1.2675217096222596e-001 	-2.4105695478809401e-004 	1.2651111400743784e-001
6.0000000000000000e+001 	1.2515043174207530e-001 	-2.4105782873298952e-004 	1.2490937391334231e-001
6.3200000000000003e+001 	1.2352090723049025e-001 	-2.4105860467931632e-004 	1.2327984862581098e-001
6.6400000000000006e+001 	1.2187209240625015e-001 	-2.4105907313591753e-004 	1.2163103333311424e-001
6.9599999999999994e+001 	1.2021131377944863e-001 	-2.4105900975943570e-004 	1.1997025476968919e-001
7.2799999999999997e+001 	1.1854484424355047e-001 	-2.4105818963983316e-004 	1.1830378605391063e-001
7.9200000000000003e+001 	1.1525185570749527e-001 	-2.4105324053619206e-004 	1.1501080246695909e-001
8.5599999999999994e+001 	1.1192633069260711e-001 	-2.4104311187584854e-004 	1.1168528758073124e-001
9.2000000000000000e+001 	1.0868481584650225e-001 	-2.4102695168493686e-004 	1.0844378889481730e-001
9.8400000000000006e+001 	1.0551263737150303e-001 	-2.4100421669145659e-004 	1.0527163315481158e-001
1.0480000000000001e+002 	1.0242140184310640e-001 	-2.4097456178718478e-004 	1.0218042728131922e-001
1.1119999999999999e+002 	9.9418700739931878e-002 	-2.4093764187048898e-004 	9.9177763098061367e-002
1.1759999999999999e+002 	9.6509090234611489e-002 	-2.4089289296494728e-004 	9.6268197341646516e-002
1.2400000000000000e+002 	9.3694880993625468e-002 	-2.4083935409045337e-004 	9.3454041639535024e-002
1.3039999999999998e+002 	9.0976741668960581e-002 	-2.4077555832228688e-004 	9.0735966110638291e-002
1.3680000000000001e+002 	8.8354149947199548e-002 	-2.4069948935564371e-004 	8.8113450457843898e-002
1.4319999999999999e+002 	8.5825727205992977e-002 	-2.4060859004433716e-004 	8.5585118615948641e-002
1.5600000000000000e+002 	8.1092225655221367e-002 	-2.4036484121548325e-004 	8.0851860814005874e-002
1.6880000000000001e+002 	7.6599555425316976e-002 	-2.4001857647992146e-004 	7.6359536848837020e-002
1.8160000000000002e+002 	7.2483849905264838e-002 	-2.3954101849373838e-004 	7.2244308886771108e-002
1.9439999999999998e+002 	6.8669154033014629e-002 	-2.3890403583882457e-004 	6.8430249997175799e-002
2.0719999999999999e+002 	6.5132219354353565e-002 	-2.3808290998619211e-004 	6.4894136444367367e-002
2.2000000000000000e+002 	6.1850617973350522e-002 	-2.3705818318510690e-004 	6.1613559790165418e-002
2.3280000000000001e+002 	5.8803199214492972e-002 	-2.3581663107688530e-004 	5.8567382583416094e-002
2.4560000000000002e+002 	5.5970309549493696e-002 	-2.3435150856522939e-004 	5.5735958040928478e-002
2.5840000000000003e+002 	5.3333861850906168e-002 	-2.3266223737232057e-004 	5.3101199613533850e-002
2.7119999999999999e+002 	5.0877313896035621e-002 	-2.3075369920225400e-004 	5.0646560196833369e-002
2.8400000000000000e+002 	4.8585595741155174e-002 	-2.2863529908705255e-004 	4.8356960442068130e-002
2.9680000000000001e+002 	4.6445011110518318e-002 	-2.2631994837408746e-004 	4.6218691162144235e-002
3.0959999999999997e+002 	4.4443128215190253e-002 	-2.2382307923996317e-004 	4.4219305135950272e-002
3.3519999999999999e+002 	4.0853070909403100e-002 	-2.1837767791407512e-004 	4.0634693231489029e-002
3.6080000000000001e+002 	3.7587271489550482e-002 	-2.1242527158342548e-004 	3.7374846217967043e-002
3.8640000000000003e+002 	3.4746586483207165e-002 	-2.0609790915809785e-004 	3.4540488574049046e-002
4.1200000000000000e+002 	3.2223786630279617e-002 	-1.9951951244999501e-004 	3.2024267117829630e-002
4.3759999999999997e+002 	2.9973920481111752e-002 	-1.9279872228159165e-004 	2.9781121758830163e-002
4.6319999999999999e+002 	2.7959269213974753e-002 	-1.8602688150844566e-004 	2.7773242332466305e-002
4.8880000000000001e+002 	2.6148196935753806e-002 	-1.7927892647502249e-004 	2.5968918009278790e-002
5.1439999999999998e+002 	2.4514099725046475e-002 	-1.7261493963960042e-004 	2.4341484785406872e-002
5.4000000000000000e+002 	2.3034517377018168e-002 	-1.6608161954968204e-004 	2.2868435757468497e-002
5.6560000000000002e+002 	2.1690404424682144e-002 	-1.5971386859675804e-004 	2.1530690556085391e-002
5.9119999999999993e+002 	2.0465538087082083e-002 	-1.5353660694061150e-004 	2.0312001480141464e-002
6.1680000000000007e+002 	1.9346038448571076e-002 	-1.4756663248052709e-004 	1.9198471816090551e-002
6.6800000000000000e+002 	1.7400875817396744e-002 	-1.3628810641566478e-004 	1.7264587710981081e-002
7.1919999999999993e+002 	1.5683557097532934e-002 	-1.2589345103955642e-004 	1.5557663646493382e-002
7.7039999999999998e+002 	1.4245775867943207e-002 	-1.1636579342042845e-004 	1.4129410074522786e-002
8.2160000000000002e+002 	1.3006486784246003e-002 	-1.0766295713672600e-004 	1.2898823827109279e-002
8.7280000000000007e+002 	1.1929896440181015e-002 	-9.9727857437415559e-005 	1.1830168582743602e-002
9.2400000000000000e+002 	1.0987802691728230e-002 	-9.2497016368827293e-005 	1.0895305675359398e-002
9.7519999999999993e+002 	1.0157889486133812e-002 	-8.5905753154430340e-005 	1.0071983732979383e-002
1.0264000000000001e+003 	9.4223574212592420e-003 	-7.9891125662399863e-005 	9.3424662955968445e-003
1.0775999999999999e+003 	8.7668783517866333e-003 	-7.4393739376532565e-005 	8.6924846124101004e-003
1.1288000000000000e+003 	8.1798105272401552e-003 	-6.9358845330508970e-005 	8.1104516819096462e-003
1.1800000000000000e+003 	7.6516101549757576e-003 	-6.4736857463935425e-005 	7.5868732975118234e-003
1.2824000000000001e+003 	6.7518608918599003e-003 	-5.6508899722869343e-005 	6.6953519921370301e-003
1.3848000000000000e+003 	5.9743727350054293e-003 	-4.9465551518793628e-005 	5.9249071834866357e-003
1.4872000000000000e+003 	5.3391147352929410e-003 	-4.3396666696113771e-005 	5.2957180685968301e-003
1.5895999999999999e+003 	4.8023209213489126e-003 	-3.8127252795644108e-005 	4.7641936685532708e-003
1.6920000000000000e+003 	4.3442513429289694e-003 	-3.3514827268015780e-005 	4.3107365156609531e-003
1.7944000000000001e+003 	3.9499141980463707e-003 	-2.9448997961550274e-005 	3.9204652000848182e-003
1.8968000000000000e+003 	3.6078161955337426e-003 	-2.5846352526477349e-005 	3.5819698430072659e-003
1.9992000000000000e+003 	3.3090268518434097e-003 	-2.2642805116636210e-005 	3.2863840467267742e-003
2.1015999999999999e+003 	3.0465066534691252e-003 	-1.9787454925466871e-005 	3.0267191985436583e-003
2.2040000000000000e+003 	2.8146298675618738e-003 	-1.7238720311931365e-005 	2.7973911472499425e-003
2.3064000000000001e+003 	2.6088440739642691e-003 	-1.4961914070079857e-005 	2.5938821598941886e-003
2.5112000000000003e+003 	2.2647636189794622e-003 	-1.1067447657274305e-005 	2.2536961713221886e-003
2.7160000000000000e+003 	1.9747703583887608e-003 	-7.9618000309819061e-006 	1.9668085583577784e-003
2.9207999999999997e+003 	1.7443359469405866e-003 	-5.5103419365703438e-006 	1.7388256050040159e-003
3.1255999999999999e+003 	1.5546060689538451e-003 	-3.5813050209333053e-006 	1.5510247639329120e-003
3.3304000000000001e+003 	1.3966460683100094e-003 	-2.0666146340092574e-006 	1.3945794536760006e-003
3.5352000000000003e+003 	1.2637556791039964e-003 	-8.8441897473666896e-007 	1.2628712601292600e-003
3.7400000000000000e+003 	1.1508735502665877e-003 	2.9771857604801397e-008 	1.1509033221241923e-003
3.9447999999999997e+003 	1.0541338683890372e-003 	7.2898679808783075e-007 	1.0548628551871251e-003
4.1496000000000004e+003 	9.7054859961553616e-004 	1.2569807230083427e-006 	9.7180558033854421e-004
4.3543999999999996e+003 	8.9778161729109742e-004 	1.6494065253013693e-006 	8.9943102381639863e-004
4.5591999999999998e+003 	8.3398719918562829e-004 	1.9349978901682071e-006 	8.3592219707579634e-004
4.7640000000000000e+003 	7.7769315324561356e-004 	2.1367594596516771e-006 	7.7982991270526532e-004
4.9688000000000002e+003 	7.2771505311278477e-004 	2.2730356418765615e-006 	7.2998808875466160e-004
5.3783999999999996e+003 	6.4395106946161748e-004 	2.4271623744532019e-006 	6.4637823183607060e-004
5.7880000000000000e+003 	5.7262955676057781e-004 	2.4430480717931940e-006 	5.7507260483237075e-004
6.1976000000000004e+003 	5.1531269782641327e-004 	2.3762905816203166e-006 	5.1768898840803357e-004
6.6071999999999998e+003 	4.6734150444276910e-004 	2.2710424086305936e-006 	4.6961254685139961e-004
7.0168000000000002e+003 	4.2661815627021831e-004 	2.1494955388209715e-006 	4.2876765180903945e-004
7.4264000000000005e+003 	3.9161096098095619e-004 	2.0224368194394840e-006 	3.9363339780039576e-004
7.8360000000000000e+003 	3.6119038737260708e-004 	1.8963094124302902e-006 	3.6308669678503742e-004
8.2456000000000004e+003 	3.3451019986148174e-004 	1.7750562003007108e-006 	3.3628525606178237e-004
8.6552000000000007e+003 	3.1092491786460200e-004 	1.6607561634759857e-006 	3.1258567402807808e-004
9.0647999999999993e+003 	2.8993326012977994e-004 	1.5542322246838485e-006 	2.9148749235446378e-004
9.4743999999999996e+003 	2.7113930313607624e-004 	1.4555662004186269e-006 	2.7259486933649485e-004
1.0293600000000000e+004 	2.3945078981251578e-004 	1.2869906860351066e-006 	2.4073778049855086e-004
1.1112799999999999e+004 	2.1188593256379264e-004 	1.1325036913156020e-006 	2.1301843625510830e-004
1.1932000000000000e+004 	1.8960131586292662e-004 	9.9992721979088007e-007 	1.9060124308271749e-004
1.2751200000000001e+004 	1.7082042441622585e-004 	8.8916263878706798e-007 	1.7170958705501290e-004
1.3570400000000000e+004 	1.5481912162008650e-004 	7.9451802153806849e-007 	1.5561363964162450e-004
1.4389600000000000e+004 	1.4105411146492057e-004 	7.1219225296014275e-007 	1.4176630371788064e-004
1.5208799999999999e+004 	1.2911263174671792e-004 	6.4014434308213270e-007 	1.2975277608980000e-004
1.6027999999999998e+004 	1.1867614755764744e-004 	5.7693922949950511e-007 	1.1925308678714703e-004
1.6847200000000001e+004 	1.0949498668116537e-004 	5.2137395949808119e-007 	1.1001636064066349e-004
1.7666399999999998e+004 	1.0137065992644495e-004 	4.7242192340307204e-007 	1.0184308184984803e-004
1.8485600000000002e+004 	9.4143387865108612e-005 	4.2921330524363409e-007 	9.4572601170352230e-005
2.0124000000000000e+004 	8.2102395621867427e-005 	3.5990994797305082e-007 	8.2462305569840479e-005
2.1762399999999998e+004 	7.1708703184936208e-005 	2.9940194443745414e-007 	7.2008105129373650e-005
2.3400799999999999e+004 	6.3453497982481752e-005 	2.5316712390377555e-007 	6.3706665106385538e-005
2.5039200000000001e+004 	5.6592083172112565e-005 	2.1771502345876884e-007 	5.6809798195571336e-005
2.6677600000000002e+004 	5.0822740727685009e-005 	1.8945553977252792e-007 	5.1012196267457546e-005
2.8316000000000000e+004 	4.5920608784451399e-005 	1.6663870040222888e-007 	4.6087247484853636e-005
-850 0
-8.5000000000000000e+002 0.0000000000000000e+000 0.0000000000000000e+000
1
1 1 1 1
1
         t, ms                         dVp, mV                         dVs, mV                         dV, mV
5.0000000000000000e-001 	1.1037266996808018e-001 	-2.7145628363338013e-004 	1.1010121368444677e-001
5.9999999999999998e-001 	1.1051154623540030e-001 	-2.7145628368949849e-004 	1.1024008995171078e-001
6.9999999999999996e-001 	1.1060283511024252e-001 	-2.7145628393495345e-004 	1.1033137882630764e-001
8.0000000000000004e-001 	1.1067472187516438e-001 	-2.7145628427921334e-004 	1.1040326559088519e-001
9.0000000000000002e-001 	1.1073553579458137e-001 	-2.7145628458476688e-004 	1.1046407950999663e-001
1.0000000000000000e+000 	1.1078847569294348e-001 	-2.7145628473392789e-004 	1.1051701940820953e-001
1.1000000000000001e+000 	1.1083524128376063e-001 	-2.7145628466700156e-004 	1.1056378499909363e-001
1.2000000000000000e+000 	1.1087696580894288e-001 	-2.7145628438891107e-004 	1.1060550952455402e-001
1.3000000000000000e+000 	1.1091449040953193e-001 	-2.7145628395470296e-004 	1.1064303412557724e-001
1.3999999999999999e+000 	1.1094846873920249e-001 	-2.7145628344649370e-004 	1.1067701245575592e-001
1.6000000000000001e+000 	1.1207774191616358e-001 	-2.7145628260930949e-004 	1.1180628563355434e-001
1.8000000000000000e+000 	1.1105877904261305e-001 	-2.7145628223115370e-004 	1.1078732276038186e-001
2.0000000000000000e+000 	1.1110212601817543e-001 	-2.7145628244341566e-004 	1.1083066973573200e-001
2.2000000000000002e+000 	1.1113981666753424e-001 	-2.7145628315984529e-004 	1.1086836038437439e-001
2.3999999999999999e+000 	1.1117298937625868e-001 	-2.7145628416331386e-004 	1.1090153309209537e-001
2.6000000000000001e+000 	1.1120249063089162e-001 	-2.7145628520591520e-004 	1.1093103434568570e-001
2.7999999999999998e+000 	1.1122895942174794e-001 	-2.7145628608421220e-004 	1.1095750313566373e-001
3.0000000000000000e+000 	1.1125288723596004e-001 	-2.7145628667727567e-004 	1.1098143094928273e-001
3.2000000000000002e+000 	1.1127465921233599e-001 	-2.7145628695159979e-004 	1.1100320292538439e-001
3.3999999999999999e+000 	1.1129458226507441e-001 	-2.7145628694412487e-004 	1.1102312597813027e-001
3.6000000000000001e+000 	1.1131290457555075e-001 	-2.7145628673525365e-004 	1.1104144828881556e-001
4.0000000000000000e+000 	1.1173716804413146e-001 	-2.7145628616833252e-004 	1.1146571175796315e-001
4.4000000000000004e+000 	1.1137413514129503e-001 	-2.7145628566476799e-004 	1.1110267885563033e-001
4.7999999999999998e+000 	1.1139903566461916e-001 	-2.7145628535353783e-004 	1.1112757937926562e-001
5.2000000000000002e+000 	1.1142114291469100e-001 	-2.7145628505847736e-004 	1.1114968662963255e-001
5.5999999999999996e+000 	1.1144105059387784e-001 	-2.7145628441112968e-004 	1.1116959430946674e-001
6.0000000000000000e+000 	1.1145925538194101e-001 	-2.7145628301124849e-004 	1.1118779909892976e-001
6.4000000000000004e+000 	1.1147617468717973e-001 	-2.7145628057099455e-004 	1.1120471840660873e-001
6.7999999999999998e+000 	1.1149215305378227e-001 	-2.7145627700811095e-004 	1.1122069677677413e-001
7.2000000000000002e+000 	1.1150746288974020e-001 	-2.7145627247924896e-004 	1.1123600661726095e-001
7.5999999999999996e+000 	1.1152230445444043e-001 	-2.7145626736167186e-004 	1.1125084818707882e-001
8.0000000000000000e+000 	1.1153680799587719e-001 	-2.7145626219957591e-004 	1.1126535173367760e-001
8.8000000000000007e+000 	1.1177871814785044e-001 	-2.7145625506967989e-004 	1.1150726189278082e-001
9.5999999999999996e+000 	1.1159169724073809e-001 	-2.7145625500660220e-004 	1.1132024098573146e-001
1.0400000000000000e+001 	1.1161638152126946e-001 	-2.7145626486339879e-004 	1.1134492525640609e-001
1.1199999999999999e+001 	1.1163810940865128e-001 	-2.7145628560638842e-004 	1.1136665312304488e-001
1.2000000000000000e+001 	1.1165585416208927e-001 	-2.7145631613105541e-004 	1.1138439784595819e-001
1.2800000000000001e+001 	1.1166858932841879e-001 	-2.7145635354156413e-004 	1.1139713297487717e-001
1.3600000000000000e+001 	1.1167536662117479e-001 	-2.7145639370097210e-004 	1.1140391022747378e-001
1.4400000000000000e+001 	1.1167535497899747e-001 	-2.7145643187636843e-004 	1.1140389854712110e-001
1.5199999999999999e+001 	1.1166785166908189e-001 	-2.7145646334793445e-004 	1.1139639520573390e-001
1.6000000000000000e+001 	1.1165227634815254e-001 	-2.7145648390327964e-004 	1.1138081986424922e-001
1.6800000000000001e+001 	1.1162815665835402e-001 	-2.7145649018410842e-004 	1.1135670016816994e-001
1.7600000000000001e+001 	1.1159511113972689e-001 	-2.7145647988510187e-004 	1.1132365465984180e-001
1.8399999999999999e+001 	1.1155283285066273e-001 	-2.7145645182445323e-004 	1.1128137639883830e-001
2.0000000000000000e+001 	1.1155576924606293e-001 	-2.7145634528013402e-004 	1.1128431290078281e-001
2.1600000000000001e+001 	1.1128683229315442e-001 	-2.7145618225220145e-004 	1.1101537611090216e-001
2.3199999999999999e+001 	1.1109425535525257e-001 	-2.7145598238137409e-004 	1.1082279937287122e-001
2.4800000000000001e+001 	1.1086131208153852e-001 	-2.7145577028781545e-004 	1.1058985631125075e-001
2.6399999999999999e+001 	1.1058800344869475e-001 	-2.7145557220773777e-004 	1.1031654787648700e-001
2.8000000000000000e+001 	1.1027469537397185e-001 	-2.7145541307886672e-004 	1.1000323996089301e-001
2.9600000000000001e+001 	1.0992209079300616e-001 	-2.7145531440234073e-004 	1.0965063547860388e-001
3.1199999999999999e+001 	1.0953119800344009e-001 	-2.7145529291098560e-004 	1.0925974271052910e-001
3.2800000000000004e+001 	1.0910329466062660e-001 	-2.7145535993032468e-004 	1.0883183930069625e-001
3.4399999999999999e+001 	1.0863988794101781e-001 	-2.7145552127037120e-004 	1.0836843241974747e-001
3.6000000000000000e+001 	1.0814267242484792e-001 	-2.7145577748961591e-004 	1.0787121664735838e-001
3.7600000000000001e+001 	1.0761348765763171e-001 	-2.7145612439818760e-004 	1.0734203153323353e-001
4.0800000000000004e+001 	1.0651538055543490e-001 	-2.7145703503156506e-004 	1.0624392352040338e-001
4.4000000000000000e+001 	1.0522293939997353e-001 	-2.7145815406873257e-004 	1.0495148124590477e-001
4.7199999999999996e+001 	1.0388841774441815e-001 	-2.7145935331508654e-004 	1.0361695839110306e-001
5.0399999999999999e+001 	1.0248128716040340e-001 	-2.7146048846639928e-004 	1.0220982667193704e-001
5.3600000000000001e+001 	1.0101579913965084e-001 	-2.7146140956034161e-004 	1.0074433773009046e-001
5.6800000000000004e+001 	9.9505001150503744e-002 	-2.7146196834513739e-004 	9.9233539182158603e-002
6.0000000000000000e+001 	9.7960578831313636e-002 	-2.7146202295825881e-004 	9.7689116808355320e-002
6.3200000000000003e+001 	9.6392819325356316e-002 	-2.7146144087676529e-004 	9.6121357884479536e-002
6.6400000000000006e+001 	9.4810653303762205e-002 	-2.7146010115121892e-004 	9.4539193202610991e-002
6.9599999999999994e+001 	9.3221744750660349e-002 	-2.7145789662662994e-004 	9.2950286854033726e-002
7.2799999999999997e+001 	9.1632606104816133e-002 	-2.7145473641196360e-004 	9.1361151368404198e-002
7.9200000000000003e+001 	8.8505429570240268e-002 	-2.7144524634009946e-004 	8.8233984323900172e-002
8.5599999999999994e+001 	8.5379469734406660e-002 	-2.7143144200636145e-004 	8.5108038292400240e-002
9.2000000000000000e+001 	8.2353343138294163e-002 	-2.7141336242595565e-004 	8.2081929775868229e-002
9.8400000000000006e+001 	7.9416763921893077e-002 	-2.7139124352805233e-004 	7.9145372678365022e-002
1.0480000000000001e+002 	7.6579583434208426e-002 	-2.7136539117631240e-004 	7.6308218043032075e-002
1.1119999999999999e+002 	7.3847401115506403e-002 	-2.7133598751130389e-004 	7.3576065127995111e-002
1.1759999999999999e+002 	7.1222689186108384e-002 	-2.7130287186641946e-004 	7.0951386314241985e-002
1.2400000000000000e+002 	6.8705688517758282e-002 	-2.7126534371140648e-004 	6.8434423174046910e-002
1.3039999999999998e+002 	6.6295083214959583e-002 	-2.7122201821491292e-004 	6.6023861196744665e-002
1.3680000000000001e+002 	6.3988494862798298e-002 	-2.7117074421476121e-004 	6.3717324118583551e-002
1.4319999999999999e+002 	6.1782839806483185e-002 	-2.7110858490258795e-004 	6.1511731221580601e-002
1.5600000000000000e+002 	5.7700330591786475e-002 	-2.7092994621376169e-004 	5.7429400645572726e-002
1.6880000000000001e+002 	5.3883634154820302e-002 	-2.7065282600154225e-004 	5.3612981328818754e-002
1.8160000000000002e+002 	5.0439581027142674e-002 	-2.7023865987731025e-004 	5.0169342367265349e-002
1.9439999999999998e+002 	4.7293026844975897e-002 	-2.6964851648351626e-004 	4.7023378328492370e-002
2.0719999999999999e+002 	4.4415771394686207e-002 	-2.6884708979131323e-004 	4.4146924304894884e-002
2.2000000000000000e+002 	4.1781646065934729e-002 	-2.6780555622595053e-004 	4.1513840509708778e-002
2.3280000000000001e+002 	3.9366750158910960e-002 	-2.6650321928110431e-004 	3.9100246939629851e-002
2.4560000000000002e+002 	3.7149470724846916e-002 	-2.6492807218298338e-004 	3.6884542652663943e-002
2.5840000000000003e+002 	3.5110384121203549e-002 	-2.6307650215854657e-004 	3.4847307619045018e-002
2.7119999999999999e+002 	3.3232098856613122e-002 	-2.6095238872224472e-004 	3.2971146467890879e-002
2.8400000000000000e+002 	3.1499074966715064e-002 	-2.5856585091663684e-004 	3.1240509115798433e-002
2.9680000000000001e+002 	2.9897439965791861e-002 	-2.5593186729251996e-004 	2.9641508098499341e-002
3.0959999999999997e+002 	2.8414812165686684e-002 	-2.5306893263121115e-004 	2.8161743233055481e-002
3.3519999999999999e+002 	2.5794564911093030e-002 	-2.4677001196750435e-004 	2.5547794899125533e-002
3.6080000000000001e+002 	2.3446904653752910e-002 	-2.3982477242107082e-004 	2.3207079881331839e-002
3.8640000000000003e+002 	2.1443115768439484e-002 	-2.3239672355043135e-004 	2.1210719044889064e-002
4.1200000000000000e+002 	1.9691838784617804e-002 	-2.2463997101033421e-004 	1.9467198813607461e-002
4.3759999999999997e+002 	1.8153012806261238e-002 	-2.1669051658385611e-004 	1.7936322289677384e-002
4.6319999999999999e+002 	1.6793801730456880e-002 	-2.0866327394260535e-004 	1.6585138456514274e-002
4.8880000000000001e+002 	1.5587283771229692e-002 	-2.0065243916776864e-004 	1.5386631332061923e-002
5.1439999999999998e+002 	1.4511304611554296e-002 	-1.9273317801449079e-004 	1.4318571433539805e-002
5.4000000000000000e+002 	1.3547539398757665e-002 	-1.8496371348904946e-004 	1.3362575685268611e-002
5.6560000000000002e+002 	1.2680744974623563e-002 	-1.7738762951586103e-004 	1.2503357345107701e-002
5.9119999999999993e+002 	1.1898168790941344e-002 	-1.7003627557461216e-004 	1.1728132515366739e-002
6.1680000000000007e+002 	1.1189081993685008e-002 	-1.6293107193562844e-004 	1.1026150921749380e-002
6.6800000000000000e+002 	9.9713515860096816e-003 	-1.4951155470710009e-004 	9.8218400313025787e-003
7.1919999999999993e+002 	8.9086488633245073e-003 	-1.3715246564173915e-004 	8.7714963976827636e-003
7.7039999999999998e+002 	8.0318505317007165e-003 	-1.2583866320756387e-004 	7.9060118684931534e-003
8.2160000000000002e+002 	7.2848332855578405e-003 	-1.1552448122663484e-004 	7.1693088043312042e-003
8.7280000000000007e+002 	6.6425447908974745e-003 	-1.0614529228979520e-004 	6.5363994986076777e-003
9.2400000000000000e+002 	6.0856213017167924e-003 	-9.7627323445946803e-005 	5.9879939782708468e-003
9.7519999999999993e+002 	5.5990107751088891e-003 	-8.9894366809154777e-005 	5.5091164082997340e-003
1.0264000000000001e+003 	5.1708995041056301e-003 	-8.2871871642044824e-005 	5.0880276324635860e-003
1.0775999999999999e+003 	4.7919136830785443e-003 	-7.6489300109435870e-005 	4.7154243829691071e-003
1.1288000000000000e+003 	4.4545340384428431e-003 	-7.0681385344460588e-005 	4.3838526530983824e-003
1.1800000000000000e+003 	4.1526664351002355e-003 	-6.5388670410379397e-005 	4.0872777646898551e-003
1.2824000000000001e+003 	3.6420669124708899e-003 	-5.6080785110803123e-005 	3.5859861273600867e-003
1.3848000000000000e+003 	3.2042519222336618e-003 	-4.8264014530378458e-005 	3.1559879077032826e-003
1.4872000000000000e+003 	2.8496875401359230e-003 	-4.1671062824395508e-005 	2.8080164773115262e-003
1.5895999999999999e+003 	2.5522188171154389e-003 	-3.6077790794777074e-005 	2.5161410263206617e-003
1.6920000000000000e+003 	2.2999698043405349e-003 	-3.1301269727318304e-005 	2.2686685346132167e-003
1.7944000000000001e+003 	2.0840212706845686e-003 	-2.7196637085806244e-005 	2.0568246335987625e-003
1.8968000000000000e+003 	1.8976054314446325e-003 	-2.3650643311072949e-005 	1.8739547881335592e-003
1.9992000000000000e+003 	1.7355120917942359e-003 	-2.0573975368280037e-005 	1.7149381164259553e-003
2.1015999999999999e+003 	1.5936679977776780e-003 	-1.7895040291340533e-005 	1.5757729574863372e-003
2.2040000000000000e+003 	1.4688417362916579e-003 	-1.5555643208259511e-005 	1.4532860930833984e-003
2.3064000000000001e+003 	1.3584355259741953e-003 	-1.3507957810455374e-005 	1.3449275681637401e-003
2.5112000000000003e+003 	1.1745959449070546e-003 	-1.0090222278444828e-005 	1.1645057226286092e-003
2.7160000000000000e+003 	1.0204332485427054e-003 	-7.4483531346392161e-006 	1.0129848954080660e-003
2.9207999999999997e+003 	8.9859139318148316e-004 	-5.4147565595405069e-006 	8.9317663662194275e-004
3.1255999999999999e+003 	7.9872275036207399e-004 	-3.8473545673294711e-006 	7.9487539579474443e-004
3.3304000000000001e+003 	7.1590659899113738e-004 	-2.6366784569479411e-006 	7.1326992053418956e-004
3.5352000000000003e+003 	6.4647800019183887e-004 	-1.7021713843864443e-006 	6.4477582880745202e-004
3.7400000000000000e+003 	5.8768596091464051e-004 	-9.8314070678426994e-007 	5.8670282020785631e-004
3.9447999999999997e+003 	5.3744122293923223e-004 	-4.3243623540830141e-007 	5.3700878670382378e-004
4.1496000000000004e+003 	4.9413702980330280e-004 	-1.3077600030877107e-008 	4.9412395220327192e-004
4.3543999999999996e+003 	4.5652273577676612e-004 	3.0389474946518051e-007 	4.5682663052623113e-004
4.5591999999999998e+003 	4.2361410190970577e-004 	5.4111025438724909e-007 	4.2415521216409289e-004
4.7640000000000000e+003 	3.9462881569794669e-004 	7.1624500507187923e-007 	3.9534506070301853e-004
4.9688000000000002e+003 	3.6893945735720098e-004 	8.4311439071693835e-007 	3.6978257174791776e-004
5.3783999999999996e+003 	3.2597710881175336e-004 	1.0073637980680270e-006 	3.2698447260982150e-004
5.7880000000000000e+003 	2.8947731952918773e-004 	1.0714255320632641e-006 	2.9054874506125104e-004
6.1976000000000004e+003 	2.6022336994347268e-004 	1.0743411185541159e-006 	2.6129771106202687e-004
6.6071999999999998e+003 	2.3578927601894094e-004 	1.0457920501484431e-006 	2.3683506806908950e-004
7.0168000000000002e+003 	2.1508245349695799e-004 	1.0015243274739515e-006 	2.1608397782443205e-004
7.4264000000000005e+003 	1.9730781815071764e-004 	9.4971023369284134e-007 	1.9825752838441055e-004
7.8360000000000000e+003 	1.8188085205739473e-004 	8.9526616639924497e-007 	1.8277611822379404e-004
8.2456000000000004e+003 	1.6836485030769690e-004 	8.4121424498992623e-007 	1.6920606455268677e-004
8.6552000000000007e+003 	1.5642751599571550e-004 	7.8925015344884395e-007 	1.5721676614916433e-004
9.0647999999999993e+003 	1.4581132907086775e-004 	7.4019960868222329e-007 	1.4655152867954990e-004
9.4743999999999996e+003 	1.3631326483894694e-004 	6.9437026535297949e-007 	1.3700763510429991e-004
1.0293600000000000e+004 	1.2031379264157572e-004 	6.1584229148803644e-007 	1.2092963493306375e-004
1.1112799999999999e+004 	1.0640579000843650e-004 	5.4279655103666583e-007 	1.0694858655947319e-004
1.1932000000000000e+004 	9.5174673822846228e-005 	4.7975772739492606e-007 	9.5654431550241129e-005
1.2751200000000001e+004 	8.5716695981327505e-005 	4.2703195329536560e-007 	8.6143727934622877e-005
1.3570400000000000e+004 	7.7663749362256714e-005 	3.8190908108691216e-007 	7.8045658443343633e-005
1.4389600000000000e+004 	7.0740077901140593e-005 	3.4257626100759659e-007 	7.1082654162148178e-005
1.5208799999999999e+004 	6.4736465426728677e-005 	3.0809038759658577e-007 	6.5044555814325293e-005
1.6027999999999998e+004 	5.9491647308694395e-005 	2.7779500613767425e-007 	5.9769442314832083e-005
1.6847200000000001e+004 	5.4879349512358414e-005 	2.5113358921342911e-007 	5.5130483101571838e-005
1.7666399999999998e+004 	5.0799270835615083e-005 	2.2762629453092235e-007 	5.1026897130146019e-005
1.8485600000000002e+004 	4.7170731080245439e-005 	2.0686402681158592e-007 	4.7377595107057034e-005
2.0124000000000000e+004 	4.1127779517574114e-005 	1.7364604680125042e-007 	4.1301425564375382e-005
2.1762399999999998e+004 	3.5912919054211835e-005 	1.4443942717342605e-007 	3.6057358481385273e-005
2.3400799999999999e+004 	3.1772972738471945e-005 	1.2216285527941672e-007 	3.1895135593751361e-005
2.5039200000000001e+004 	2.8333098853265635e-005 	1.0512265723363668e-007 	2.8438221510499275e-005
2.6677600000000002e+004 	2.5441489336235272e-005 	9.1542456867573602e-008 	2.5533031793102830e-005
2.8316000000000000e+004 	2.2985076773186317e-005 	8.0576065292346199e-008 	2.3065652838478664e-005
-250 0
-2.5000000000000000e+002 0.0000000000000000e+000 0.0000000000000000e+000
1
1 1 1 1
1
         t, ms                         dVp, mV                         dVs, mV                         dV, mV
5.0000000000000000e-001 	2.9778777829839956e-002 	2.3969016578028149e-005 	2.9802746846417979e-002
5.9999999999999998e-001 	2.9822024013080709e-002 	2.3969016643289656e-005 	2.9845993029723999e-002
6.9999999999999996e-001 	2.9850451038757844e-002 	2.3969017019676284e-005 	2.9874420055777513e-002
8.0000000000000004e-001 	2.9872836331792642e-002 	2.3969017577546203e-005 	2.9896805349370191e-002
9.0000000000000002e-001 	2.9891773685083872e-002 	2.3969018103614491e-005 	2.9915742703187490e-002
1.0000000000000000e+000 	2.9908259183738937e-002 	2.3969018404646009e-005 	2.9932228202143578e-002
1.1000000000000001e+000 	2.9922822084649494e-002 	2.3969018370647851e-005 	2.9946791103020145e-002
1.2000000000000000e+000 	2.9935815253984033e-002 	2.3969017990584554e-005 	2.9959784271974627e-002
1.3000000000000000e+000 	2.9947500604929969e-002 	2.3969017334713580e-005 	2.9971469622264695e-002
1.3999999999999999e+000 	2.9958081673427936e-002 	2.3969016521881272e-005 	2.9982050689949819e-002
1.6000000000000001e+000 	3.0309774361311350e-002 	2.3969015064210649e-005 	3.0333743376375556e-002
1.8000000000000000e+000 	2.9992433283009330e-002 	2.3969014232762186e-005 	3.0016402297242097e-002
2.0000000000000000e+000 	3.0005932052126330e-002 	2.3969014324307772e-005 	3.0029901066450641e-002
2.2000000000000002e+000 	3.0017669441422982e-002 	2.3969015290444451e-005 	3.0041638456713420e-002
2.3999999999999999e+000 	3.0027999937125741e-002 	2.3969016846885724e-005 	3.0051968953972625e-002
2.6000000000000001e+000 	3.0037187131311805e-002 	2.3969018619555483e-005 	3.0061156149931361e-002
2.7999999999999998e+000 	3.0045430003946001e-002 	2.3969020266502632e-005 	3.0069399024212504e-002
3.0000000000000000e+000 	3.0052881603923037e-002 	2.3969021550600511e-005 	3.0076850625473637e-002
3.2000000000000002e+000 	3.0059661863135925e-002 	2.3969022363098495e-005 	3.0083630885499028e-002
3.3999999999999999e+000 	3.0065866354842416e-002 	2.3969022710802471e-005 	3.0089835377553210e-002
3.6000000000000001e+000 	3.0071572362609666e-002 	2.3969022682916147e-005 	3.0095541385292576e-002
4.0000000000000000e+000 	3.0203702218723320e-002 	2.3969022167251996e-005 	3.0227671240890569e-002
4.4000000000000004e+000 	3.0090641191498877e-002 	2.3969021514677918e-005 	3.0114610213013562e-002
4.7999999999999998e+000 	3.0098396018538229e-002 	2.3969021035758903e-005 	3.0122365039574002e-002
5.2000000000000002e+000 	3.0105281246515955e-002 	2.3969020540341831e-005 	3.0129250267056290e-002
5.5999999999999996e+000 	3.0111482264844606e-002 	2.3969019453412555e-005 	3.0135451284298030e-002
6.0000000000000000e+000 	3.0117154741605621e-002 	2.3969017051040823e-005 	3.0141123758656661e-002
6.4000000000000004e+000 	3.0122430372019331e-002 	2.3969012713680962e-005 	3.0146399384733017e-002
6.7999999999999998e+000 	3.0127419098035742e-002 	2.3969006125445156e-005 	3.0151388104161188e-002
7.2000000000000002e+000 	3.0132209531282671e-002 	2.3968997385278122e-005 	3.0156178528667966e-002
7.5999999999999996e+000 	3.0136869098731176e-002 	2.3968987026579655e-005 	3.0160838085757754e-002
8.0000000000000000e+000 	3.0141444793714715e-002 	2.3968975961211835e-005 	3.0165413769675908e-002
8.8000000000000007e+000 	3.0217026328952054e-002 	2.3968958204339044e-005 	3.0240995287156399e-002
9.5999999999999996e+000 	3.0159201039702967e-002 	2.3968952562593174e-005 	3.0183169992265571e-002
1.0400000000000000e+001 	3.0167619312118973e-002 	2.3968966129730466e-005 	3.0191588278248714e-002
1.1199999999999999e+001 	3.0175517733714050e-002 	2.3969002571813636e-005 	3.0199486736285874e-002
1.2000000000000000e+001 	3.0182687982868165e-002 	2.3969061236075838e-005 	3.0206657044104235e-002
1.2800000000000001e+001 	3.0188925811828443e-002 	2.3969137309393331e-005 	3.0212894949137835e-002
1.3600000000000000e+001 	3.0194052699057249e-002 	2.3969222737266985e-005 	3.0218021921794510e-002
1.4400000000000000e+001 	3.0197926391376757e-002 	2.3969307551001658e-005 	3.0221895698927751e-002
1.5199999999999999e+001 	3.0200443506712405e-002 	2.3969381281475116e-005 	3.0224412887993882e-002
1.6000000000000000e+001 	3.0201537309415511e-002 	2.3969434221654425e-005 	3.0225506743637175e-002
1.6800000000000001e+001 	3.0201173056686476e-002 	2.3969458397782847e-005 	3.0225142515084267e-002
1.7600000000000001e+001 	3.0199342509361050e-002 	2.3969448195645904e-005 	3.0223311957556700e-002
1.8399999999999999e+001 	3.0196058535652950e-002 	2.3969400652023480e-005 	3.0220027936304961e-002
2.0000000000000000e+001 	3.0222014075294505e-002 	2.3969200043145609e-005 	3.0245983275337656e-002
2.1600000000000001e+001 	3.0169308809643084e-002 	2.3968884248489993e-005 	3.0193277693891570e-002
2.3199999999999999e+001 	3.0148447587019175e-002 	2.3968499196666837e-005 	3.0172416086215841e-002
2.4800000000000001e+001 	3.0123215919040245e-002 	2.3968100665178289e-005 	3.0147184019705411e-002
2.6399999999999999e+001 	3.0094099247006061e-002 	2.3967745000351377e-005 	3.0118066992006410e-002
2.8000000000000000e+001 	3.0061567695707021e-002 	2.3967481448012814e-005 	3.0085535177155041e-002
2.9600000000000001e+001 	3.0026060454907265e-002 	2.3967347079638013e-005 	3.0050027801986900e-002
3.1199999999999999e+001 	2.9987976687654315e-002 	2.3967364366253497e-005 	3.0011944052020560e-002
3.2800000000000004e+001 	2.9947671036089484e-002 	2.3967540961516186e-005 	2.9971638577051013e-002
3.4399999999999999e+001 	2.9905452271103562e-002 	2.3967871070061584e-005 	2.9929420142173618e-002
3.6000000000000000e+001 	2.9861584058551775e-002 	2.3968337779026159e-005 	2.9885552396330790e-002
3.7600000000000001e+001 	2.9816287129563773e-002 	2.3968915828829828e-005 	2.9840256045392602e-002
4.0800000000000004e+001 	2.9737261903638477e-002 	2.3970236243278909e-005 	2.9761232139881751e-002
4.4000000000000000e+001 	2.9624133857241237e-002 	2.3971601824640593e-005 	2.9648105459065887e-002
4.7199999999999996e+001 	2.9522502478383655e-002 	2.3972785521281878e-005 	2.9546475263904946e-002
5.0399999999999999e+001 	2.9417635088026823e-002 	2.3973600377873639e-005 	2.9441608688404709e-002
5.3600000000000001e+001 	2.9309601936800909e-002 	2.3973918295432268e-005 	2.9333575855096324e-002
5.6800000000000004e+001 	2.9198328807010922e-002 	2.3973675699260198e-005 	2.9222302482710179e-002
6.0000000000000000e+001 	2.9083659470270584e-002 	2.3972870098822711e-005 	2.9107632340369401e-002
6.3200000000000003e+001 	2.8965405399702257e-002 	2.3971551039240582e-005 	2.8989376950741493e-002
6.6400000000000006e+001 	2.8843381911859593e-002 	2.3969808280892921e-005 	2.8867351720140474e-002
6.9599999999999994e+001 	2.8717432210350419e-002 	2.3967759326057712e-005 	2.8741399969676489e-002
7.2799999999999997e+001 	2.8587441592645126e-002 	2.3965537763049624e-005 	2.8611407130408169e-002
7.9200000000000003e+001 	2.8321733218819475e-002 	2.3961305216106952e-005 	2.8345694524035597e-002
8.5599999999999994e+001 	2.8026781192920309e-002 	2.3958020442877558e-005 	2.8050739213363183e-002
9.2000000000000000e+001 	2.7723011709828122e-002 	2.3956553003309109e-005 	2.7746968262831434e-002
9.8400000000000006e+001 	2.7405020525746709e-002 	2.3957657013283667e-005 	2.7428978182759987e-002
1.0480000000000001e+002 	2.7074282422929776e-002 	2.3961958905014579e-005 	2.7098244381834790e-002
1.1119999999999999e+002 	2.6732453923227695e-002 	2.3969967561541999e-005 	2.6756423890789239e-002
1.1759999999999999e+002 	2.6381261389163975e-002 	2.3982080316333603e-005 	2.6405243469480314e-002
1.2400000000000000e+002 	2.6022415839952490e-002 	2.3998569636243716e-005 	2.6046414409588735e-002
1.3039999999999998e+002 	2.5657554144732798e-002 	2.4019551712303848e-005 	2.5681573696445102e-002
1.3680000000000001e+002 	2.5288202494702358e-002 	2.4044949938687992e-005 	2.5312247444641049e-002
1.4319999999999999e+002 	2.4915756970372849e-002 	2.4074467001352364e-005 	2.4939831437374195e-002
1.5600000000000000e+002 	2.4176260918037051e-002 	2.4142265461488295e-005 	2.4200403183498535e-002
1.6880000000000001e+002 	2.3420709003781775e-002 	2.4216340449286567e-005 	2.3444925344231062e-002
1.8160000000000002e+002 	2.2680645928143620e-002 	2.4287972392436428e-005 	2.2704933900536056e-002
1.9439999999999998e+002 	2.1952540075368381e-002 	2.4347420038007823e-005 	2.1976887495406387e-002
2.0719999999999999e+002 	2.1240122271335937e-002 	2.4385036620754654e-005 	2.1264507307956686e-002
2.2000000000000000e+002 	2.0546102383849730e-002 	2.4392206384164417e-005 	2.0570494590233884e-002
2.3280000000000001e+002 	1.9872362959576104e-002 	2.4361979685494898e-005 	1.9896724939261593e-002
2.4560000000000002e+002 	1.9220133208027030e-002 	2.4289382727247692e-005 	1.9244422590754276e-002
2.5840000000000003e+002 	1.8590133691764946e-002 	2.4171449149054232e-005 	1.8614305140914000e-002
2.7119999999999999e+002 	1.7982692543262721e-002 	2.4007054133453900e-005 	1.8006699597396179e-002
2.8400000000000000e+002 	1.7397837345585802e-002 	2.3796634322209827e-005 	1.7421633979908011e-002
2.9680000000000001e+002 	1.6835367320350719e-002 	2.3541862221714565e-005 	1.6858909182572431e-002
3.0959999999999997e+002 	1.6294909967920691e-002 	2.3245323404532665e-005 	1.6318155291325225e-002
3.3519999999999999e+002 	1.5289048219676596e-002 	2.2544982197939229e-005 	1.5311593201874540e-002
3.6080000000000001e+002 	1.4339818448370904e-002 	2.1721234299026033e-005 	1.4361539682669932e-002
3.8640000000000003e+002 	1.3477743376115263e-002 	2.0801503251988028e-005 	1.3498544879367250e-002
4.1200000000000000e+002 	1.2685174941549474e-002 	1.9812192521239676e-005 	1.2704987134070714e-002
4.3759999999999997e+002 	1.1956411021463290e-002 	1.8777334005405226e-005 	1.1975188355468690e-002
4.6319999999999999e+002 	1.1285935782369066e-002 	1.7717688631461933e-005 	1.1303653471000529e-002
4.8880000000000001e+002 	1.0668539918719822e-002 	1.6650219765430719e-005 	1.0685190138485259e-002
5.1439999999999998e+002 	1.0099383972097892e-002 	1.5588185840898660e-005 	1.0114972157938785e-002
5.4000000000000000e+002 	9.5740232144756205e-003 	1.4541700774545521e-005 	9.5885649152501716e-003
5.6560000000000002e+002 	9.0884077867332807e-003 	1.3518387975226099e-005 	9.1019261747085061e-003
5.9119999999999993e+002 	8.6388677757567017e-003 	1.2523910472613117e-005 	8.6513916862293143e-003
6.1680000000000007e+002 	8.2220898219666824e-003 	1.1562360892167730e-005 	8.2336521828588506e-003
6.6800000000000000e+002 	7.4842020319795741e-003 	9.7495849731623282e-006 	7.4939516169527367e-003
7.1919999999999993e+002 	6.8208753111806599e-003 	8.0876283556218957e-006 	6.8289629395362839e-003
7.7039999999999998e+002 	6.2531424054237420e-003 	6.5784799811520991e-006 	6.2597208854048942e-003
8.2160000000000002e+002 	5.7554184499248760e-003 	5.2196404878736035e-006 	5.7606380904127530e-003
8.7280000000000007e+002 	5.3166590631743994e-003 	4.0050340846015621e-006 	5.3206640972589987e-003
9.2400000000000000e+002 	4.9278028125331330e-003 	2.9260832939039435e-006 	4.9307288958270355e-003
9.7519999999999993e+002 	4.5814206008613070e-003 	1.9730606603140635e-006 	4.5833936615216229e-003
1.0264000000000001e+003 	4.2714031019197071e-003 	1.1361311525108231e-006 	4.2725392330722166e-003
1.0775999999999999e+003 	3.9927021308991152e-003 	4.0583829179600195e-007 	3.9931079691909116e-003
1.1288000000000000e+003 	3.7411229990985235e-003 	-2.2676607050836837e-007 	3.7408962330280141e-003
1.1800000000000000e+003 	3.5131597630969789e-003 	-7.7011285808462685e-007 	3.5123896502388926e-003
1.2824000000000001e+003 	3.1213848944670244e-003 	-1.6278529983534140e-006 	3.1197570414686700e-003
1.3848000000000000e+003 	2.7795876078739157e-003 	-2.2171929182916310e-006 	2.7773704149556245e-003
1.4872000000000000e+003 	2.4972921589070845e-003 	-2.5884802813953579e-006 	2.4947036786256891e-003
1.5895999999999999e+003 	2.2567044024233334e-003 	-2.7851145450464618e-006 	2.2539192878782872e-003
1.6920000000000000e+003 	2.0498742533723068e-003 	-2.8428297899049027e-006 	2.0470314235824026e-003
1.7944000000000001e+003 	1.8706679495889185e-003 	-2.7923027559217902e-006 	1.8678756468329968e-003
1.8968000000000000e+003 	1.7143160069985964e-003 	-2.6603359915642298e-006 	1.7116556710070326e-003
1.9992000000000000e+003 	1.5770660013007384e-003 	-2.4697216571680051e-006 	1.5745962796435704e-003
2.1015999999999999e+003 	1.4559277607695301e-003 	-2.2391856841188377e-006 	1.4536885750854106e-003
2.2040000000000000e+003 	1.3484888593663642e-003 	-1.9837442354712406e-006 	1.3465051151308935e-003
2.3064000000000001e+003 	1.2527807303554172e-003 	-1.7152324932704497e-006 	1.2510654978621469e-003
2.5112000000000003e+003 	1.0920234345367479e-003 	-1.1747476959812858e-006 	1.0908486868407665e-003
2.7160000000000000e+003 	9.5579131588556900e-004 	-6.6370197449279864e-007 	9.5512761391107666e-004
2.9207999999999997e+003 	8.4690817924901662e-004 	-2.1074541852854708e-007 	8.4669743383048801e-004
3.1255999999999999e+003 	7.5682724561213595e-004 	1.7709783944929652e-007 	7.5700434345158567e-004
3.3304000000000001e+003 	6.8151481445809291e-004 	5.0082846001299120e-007 	6.8201564291810581e-004
3.5352000000000003e+003 	6.1792181644978658e-004 	7.6345626964541460e-007 	6.1868527271943189e-004
3.7400000000000000e+003 	5.6372826375634998e-004 	9.7001142925323054e-007 	5.6469827518560323e-004
3.9447999999999997e+003 	5.1715075937014822e-004 	1.1272683640026167e-006 	5.1827802773415075e-004
4.1496000000000004e+003 	4.7680308748015347e-004 	1.2426579578812862e-006 	4.7804574543803473e-004
4.3543999999999996e+003 	4.4159614652999245e-004 	1.3233579104870275e-006 	4.4291950444047968e-004
4.5591999999999998e+003 	4.1066576019280974e-004 	1.3758322435974297e-006 	4.1204159243640737e-004
4.7640000000000000e+003 	3.8332001972493185e-004 	1.4056785176359992e-006 	3.8472569824256803e-004
4.9688000000000002e+003 	3.5900037182956036e-004 	1.4176281789843721e-006 	3.6041800000854459e-004
5.3783999999999996e+003 	3.1815103608114471e-004 	1.4112727470265114e-006 	3.1956230882817133e-004
5.7880000000000000e+003 	2.8329225006783356e-004 	1.3655102950572078e-006 	2.8465776036289077e-004
6.1976000000000004e+003 	2.5520301721066119e-004 	1.2973881011348606e-006 	2.5650040531179601e-004
6.6071999999999998e+003 	2.3164608298946481e-004 	1.2217096201909156e-006 	2.3286779260965572e-004
7.0168000000000002e+003 	2.1161428655816299e-004 	1.1451236318526159e-006 	2.1275941019001555e-004
7.4264000000000005e+003 	1.9436973041609407e-004 	1.0703656641507320e-006 	1.9544009608024487e-004
7.8360000000000000e+003 	1.7936652966172017e-004 	9.9903620625400965e-007 	1.8036556586797424e-004
8.2456000000000004e+003 	1.6619455371514423e-004 	9.3210166812722483e-007 	1.6712665538327141e-004
8.6552000000000007e+003 	1.5454019674261210e-004 	8.6997377798190578e-007 	1.5541017052059410e-004
9.0647999999999993e+003 	1.4415939352094704e-004 	8.1266761939052086e-007 	1.4497206114033761e-004
9.4743999999999996e+003 	1.3485902139783742e-004 	7.5996880761816841e-007 	1.3561899020545561e-004
1.0293600000000000e+004 	1.1916310062999385e-004 	6.7014682444611592e-007 	1.1983324745444000e-004
1.1112799999999999e+004 	1.0550067929956883e-004 	5.8886642609456123e-007 	1.0608954572566338e-004
1.1932000000000000e+004 	9.4443240622251118e-005 	5.1945174080708848e-007 	9.4962692363058233e-005
1.2751200000000001e+004 	8.5117331666060845e-005 	4.6151304585481902e-007 	8.5578844711915663e-005
1.3570400000000000e+004 	7.7166655536651057e-005 	4.1207377070015249e-007 	7.7578729307351200e-005
1.4389600000000000e+004 	7.0323490314941071e-005 	3.6914899390256511e-007 	7.0692639308843610e-005
1.5208799999999999e+004 	6.4384164345249688e-005 	3.3164388777838843e-007 	6.4715808233028078e-005
1.6027999999999998e+004 	5.9191318830696053e-005 	2.9878226230914572e-007 	5.9490101093005204e-005
1.6847200000000001e+004 	5.4621491842699555e-005 	2.6991945334497847e-007 	5.4891411296044559e-005
1.7666399999999998e+004 	5.0576448541656289e-005 	2.4450999159344275e-007 	5.0820958533249733e-005
1.8485600000000002e+004 	4.6977054640971863e-005 	2.2209415108455569e-007 	4.7199148792056401e-005
2.0124000000000000e+004 	4.0978017035875687e-005 	1.8606091459185839e-007 	4.1164077950467540e-005
2.1762399999999998e+004 	3.5798385260861630e-005 	1.5479628374163481e-007 	3.5953181544603277e-005
2.3400799999999999e+004 	3.1682578259017451e-005 	1.3086746100300832e-007 	3.1813445720020464e-005
2.5039200000000001e+004 	2.8260630266538131e-005 	1.1247950780123183e-007 	2.8373109774339376e-005
2.6677600000000002e+004 	2.5382589199972769e-005 	9.7819163582703445e-008 	2.5480408363555458e-005
2.8316000000000000e+004 	2.2936632357120154e-005 	8.5983704993341050e-008 	2.3022616062113494e-005
