-800 0
-8.0000000000000000e+002 0.0000000000000000e+000 0.0000000000000000e+000
1
1 1 1 1
1
         t, ms                         dVp, mV                         dVs, mV                         dV, mV
5.0000000000000000e-001 	1.3769920912653369e-001 	-2.5967924822291186e-004 	1.3743952987831065e-001
5.9999999999999998e-001 	1.3787825850265104e-001 	-2.5967924819923543e-004 	1.3761857925445184e-001
6.9999999999999996e-001 	1.3799595432713049e-001 	-2.5967924804243058e-004 	1.3773627507908806e-001
8.0000000000000004e-001 	1.3808863565248580e-001 	-2.5967924780544459e-004 	1.3782895640468043e-001
9.0000000000000002e-001 	1.3816704122713602e-001 	-2.5967924757774251e-004 	1.3790736197955825e-001
1.0000000000000000e+000 	1.3823529517360245e-001 	-2.5967924744165676e-004 	1.3797561592616070e-001
1.1000000000000001e+000 	1.3829558884805809e-001 	-2.5967924744536288e-004 	1.3803590960061279e-001
1.2000000000000000e+000 	1.3834938327918522e-001 	-2.5967924759568855e-004 	1.3808970403158966e-001
1.3000000000000000e+000 	1.3839776290739722e-001 	-2.5967924786501499e-004 	1.3813808365953217e-001
1.3999999999999999e+000 	1.3844157045677025e-001 	-2.5967924820467921e-004 	1.3818189120856564e-001
1.6000000000000001e+000 	1.3989755019818642e-001 	-2.5967924882710320e-004 	1.3963787094935931e-001
1.8000000000000000e+000 	1.3858379153178507e-001 	-2.5967924919996152e-004 	1.3832411228258512e-001
2.0000000000000000e+000 	1.3863967815284348e-001 	-2.5967924919071170e-004 	1.3837999890365271e-001
2.2000000000000002e+000 	1.3868827223114014e-001 	-2.5967924881159575e-004 	1.3842859298232851e-001
2.3999999999999999e+000 	1.3873104144821743e-001 	-2.5967924817625187e-004 	1.3847136220004116e-001
2.6000000000000001e+000 	1.3876907715091474e-001 	-2.5967924743944216e-004 	1.3850939790347530e-001
2.7999999999999998e+000 	1.3880320316912942e-001 	-2.5967924674560059e-004 	1.3854352392238387e-001
3.0000000000000000e+000 	1.3883405316390099e-001 	-2.5967924619722945e-004 	1.3857437391770383e-001
3.2000000000000002e+000 	1.3886212368297807e-001 	-2.5967924584370365e-004 	1.3860244443713438e-001
3.3999999999999999e+000 	1.3888781042267237e-001 	-2.5967924568552858e-004 	1.3862813117698686e-001
3.6000000000000001e+000 	1.3891143335596196e-001 	-2.5967924568753414e-004 	1.3865175411027442e-001
4.0000000000000000e+000 	1.3945843954760323e-001 	-2.5967924589281752e-004 	1.3919876030171038e-001
4.4000000000000004e+000 	1.3899037803179098e-001 	-2.5967924615794626e-004 	1.3873069878563296e-001
4.7999999999999998e+000 	1.3902248247566076e-001 	-2.5967924633804867e-004 	1.3876280322932272e-001
5.2000000000000002e+000 	1.3905098587267201e-001 	-2.5967924649800036e-004 	1.3879130662617395e-001
5.5999999999999996e+000 	1.3907665421686283e-001 	-2.5967924686872481e-004 	1.3881697496999407e-001
6.0000000000000000e+000 	1.3910012894303478e-001 	-2.5967924775095633e-004 	1.3884044969528375e-001
6.4000000000000004e+000 	1.3912195005230252e-001 	-2.5967924940971328e-004 	1.3886227080289282e-001
6.7999999999999998e+000 	1.3914256461392577e-001 	-2.5967925199013911e-004 	1.3888288536193569e-001
7.2000000000000002e+000 	1.3916232791837554e-001 	-2.5967925546965229e-004 	1.3890264866290589e-001
7.5999999999999996e+000 	1.3918150362324472e-001 	-2.5967925964821885e-004 	1.3892182436359646e-001
8.0000000000000000e+000 	1.3920026660612905e-001 	-2.5967926417018564e-004 	1.3894058734195897e-001
8.8000000000000007e+000 	1.3951242522536156e-001 	-2.5967927166238445e-004 	1.3925274595369921e-001
9.5999999999999996e+000 	1.3927175123626909e-001 	-2.5967927455707176e-004 	1.3901207196171200e-001
1.0400000000000000e+001 	1.3930436861619019e-001 	-2.5967926996943664e-004 	1.3904468934622077e-001
1.1199999999999999e+001 	1.3933361134116759e-001 	-2.5967925634235497e-004 	1.3907393208482521e-001
1.2000000000000000e+001 	1.3935827953749275e-001 	-2.5967923380109813e-004 	1.3909860030369170e-001
1.2800000000000001e+001 	1.3937717955791690e-001 	-2.5967920409546152e-004 	1.3911750035382153e-001
1.3600000000000000e+001 	1.3938922167356560e-001 	-2.5967917024681021e-004 	1.3912954250331880e-001
1.4400000000000000e+001 	1.3939346860463792e-001 	-2.5967913603969228e-004 	1.3913378946859811e-001
1.5199999999999999e+001 	1.3938914866909638e-001 	-2.5967910548275818e-004 	1.3912946956361363e-001
1.6000000000000000e+001 	1.3937564733372429e-001 	-2.5967908232920695e-004 	1.3911596825139505e-001
1.6800000000000001e+001 	1.3935248797732161e-001 	-2.5967906970846688e-004 	1.3909280890761314e-001
1.7600000000000001e+001 	1.3931930914762269e-001 	-2.5967906988775213e-004 	1.3905963007773500e-001
1.8399999999999999e+001 	1.3927584259768819e-001 	-2.5967908415849080e-004 	1.3901616351352969e-001
2.0000000000000000e+001 	1.3930770253775657e-001 	-2.5967915356530649e-004 	1.3904802338419125e-001
2.1600000000000001e+001 	1.3899591727027635e-001 	-2.5967926887437276e-004 	1.3873623800140195e-001
2.3199999999999999e+001 	1.3879172014177987e-001 	-2.5967941410443555e-004 	1.3853204072767544e-001
2.4800000000000001e+001 	1.3854474858380136e-001 	-2.5967956927286839e-004 	1.3828506901452847e-001
2.6399999999999999e+001 	1.3825549109375102e-001 	-2.5967971374596957e-004 	1.3799581138000500e-001
2.8000000000000000e+001 	1.3792474410358560e-001 	-2.5967982906494871e-004 	1.3766506427452074e-001
2.9600000000000001e+001 	1.3755357419332553e-001 	-2.5967990086220169e-004 	1.3729389429246325e-001
3.1199999999999999e+001 	1.3714328437144344e-001 	-2.5967991982698662e-004 	1.3688360445161638e-001
3.2800000000000004e+001 	1.3669538091795444e-001 	-2.5967988186377235e-004 	1.3643570103609065e-001
3.4399999999999999e+001 	1.3621153919857593e-001 	-2.5967978766207382e-004 	1.3595185941091389e-001
3.6000000000000000e+001 	1.3569356856396048e-001 	-2.5967964190418000e-004 	1.3543388892205635e-001
3.7600000000000001e+001 	1.3514337736830953e-001 	-2.5967945230688072e-004 	1.3488369791600266e-001
4.0800000000000004e+001 	1.3401661336661297e-001 	-2.5967899627158558e-004 	1.3375693437034133e-001
4.4000000000000000e+001 	1.3266629565612703e-001 	-2.5967849569406815e-004 	1.3240661716043298e-001
4.7199999999999996e+001 	1.3128644287744018e-001 	-2.5967802754397573e-004 	1.3102676484989620e-001
5.0399999999999999e+001 	1.2983192452155357e-001 	-2.5967765712612569e-004 	1.2957224686442745e-001
5.3600000000000001e+001 	1.2831636417848574e-001 	-2.5967743070785348e-004 	1.2805668674777790e-001
5.6800000000000004e+001 	1.2675217096222766e-001 	-2.5967737197032562e-004 	1.2649249359025733e-001
6.0000000000000000e+001 	1.2515043174206417e-001 	-2.5967748153548769e-004 	1.2489075426052872e-001
6.3200000000000003e+001 	1.2352090723049643e-001 	-2.5967773910502608e-004 	1.2326122949139136e-001
6.6400000000000006e+001 	1.2187209240624396e-001 	-2.5967810780154786e-004 	1.2161241429844241e-001
6.9599999999999994e+001 	1.2021131377944960e-001 	-2.5967854015648026e-004 	1.1995163523929306e-001
7.2799999999999997e+001 	1.1854484424355075e-001 	-2.5967898497377578e-004 	1.1828516525857702e-001
7.9200000000000003e+001 	1.1525185570749330e-001 	-2.5967969684416247e-004 	1.1499217601064912e-001
8.5599999999999994e+001 	1.1192633069260442e-001 	-2.5968007161024056e-004 	1.1166665062099419e-001
9.2000000000000000e+001 	1.0868481584650369e-001 	-2.5968006448167763e-004 	1.0842513578202202e-001
9.8400000000000006e+001 	1.0551263737150361e-001 	-2.5967972417517481e-004 	1.0525295764732845e-001
1.0480000000000001e+002 	1.0242140184310741e-001 	-2.5967907510820516e-004 	1.0216172276799931e-001
1.1119999999999999e+002 	9.9418700739928520e-002 	-2.5967794295850527e-004 	9.9159022796970017e-002
1.1759999999999999e+002 	9.6509090234607076e-002 	-2.5967577036796268e-004 	9.6249414464239083e-002
1.2400000000000000e+002 	9.3694880993625870e-002 	-2.5967147399689133e-004 	9.3435209519628998e-002
1.3039999999999998e+002 	9.0976741668961109e-002 	-2.5966336649013277e-004 	9.0717078302471027e-002
1.3680000000000001e+002 	8.8354149947198937e-002 	-2.5964913801454286e-004 	8.8094500809184406e-002
1.4319999999999999e+002 	8.5825727205990784e-002 	-2.5962588399696415e-004 	8.5566101321993826e-002
1.5600000000000000e+002 	8.1092225655220090e-002 	-2.5953269066752451e-004 	8.0832692964552588e-002
1.6880000000000001e+002 	7.6599555425316240e-002 	-2.5935499738058507e-004 	7.6340200427935656e-002
1.8160000000000002e+002 	7.2483849905265130e-002 	-2.5906060707146236e-004 	7.2224789298193703e-002
1.9439999999999998e+002 	6.8669154033013241e-002 	-2.5861787428840588e-004 	6.8410536158724847e-002
2.0719999999999999e+002 	6.5132219354352178e-002 	-2.5799864380452304e-004 	6.4874220710547659e-002
2.2000000000000000e+002 	6.1850617973351806e-002 	-2.5718021926194760e-004 	6.1593437754089840e-002
2.3280000000000001e+002 	5.8803199214490502e-002 	-2.5614641950103998e-004 	5.8547052794989451e-002
2.4560000000000002e+002 	5.5970309549494758e-002 	-2.5488787592604380e-004 	5.5715421673568688e-002
2.5840000000000003e+002 	5.3333861850904753e-002 	-2.5340174322719658e-004 	5.3080460107677557e-002
2.7119999999999999e+002 	5.0877313896035642e-002 	-2.5169099224795838e-004 	5.0625622903787706e-002
2.8400000000000000e+002 	4.8585595741154106e-002 	-2.4976345526774588e-004 	4.8335832285886358e-002
2.9680000000000001e+002 	4.6445011110516597e-002 	-2.4763077899612145e-004 	4.6197380331520467e-002
3.0959999999999997e+002 	4.4443128215190322e-002 	-2.4530740248356444e-004 	4.4197820812706769e-002
3.3519999999999999e+002 	4.0853070909402343e-002 	-2.4017803076652471e-004 	4.0612892878635828e-002
3.6080000000000001e+002 	3.7587271489549566e-002 	-2.3449851813749252e-004 	3.7352772971412089e-002
3.8640000000000003e+002 	3.4746586483206263e-002 	-2.2839911042953087e-004 	3.4518187372776725e-002
4.1200000000000000e+002 	3.2223786630278840e-002 	-2.2200305677721696e-004 	3.2001783573501627e-002
4.3759999999999997e+002 	2.9973920481111378e-002 	-2.1541918420888215e-004 	2.9758501296902499e-002
4.6319999999999999e+002 	2.7959269213974465e-002 	-2.0873962524361445e-004 	2.7750529588730852e-002
4.8880000000000001e+002 	2.6148196935753053e-002 	-2.0204052604462858e-004 	2.5946156409708421e-002
5.1439999999999998e+002 	2.4514099725045674e-002 	-1.9538348370390536e-004 	2.4318716241341763e-002
5.4000000000000000e+002 	2.3034517377017644e-002 	-1.8881694763379602e-004 	2.2845700429383844e-002
5.6560000000000002e+002 	2.1690404424682008e-002 	-1.8237776445886818e-004 	2.1508026660223143e-002
5.9119999999999993e+002 	2.0465538087081323e-002 	-1.7609295991278826e-004 	2.0289445127168525e-002
6.1680000000000007e+002 	1.9346038448570663e-002 	-1.6998156937856192e-004 	1.9176056879192098e-002
6.6800000000000000e+002 	1.7400875817396279e-002 	-1.5833124359416865e-004 	1.7242544573802102e-002
7.1919999999999993e+002 	1.5683557097532875e-002 	-1.4745909806202867e-004 	1.5536097999470842e-002
7.7039999999999998e+002 	1.4245775867942597e-002 	-1.3736665013088455e-004 	1.4108409217811708e-002
8.2160000000000002e+002 	1.3006486784245883e-002 	-1.2802982468380388e-004 	1.2878456959562084e-002
8.7280000000000007e+002 	1.1929896440181028e-002 	-1.1940850108870888e-004 	1.1810487939092319e-002
9.2400000000000000e+002 	1.0987802691727947e-002 	-1.1145454269059862e-004 	1.0876348149037351e-002
9.7519999999999993e+002 	1.0157889486133290e-002 	-1.0411674278863720e-004 	1.0053772743344652e-002
1.0264000000000001e+003 	9.4223574212590634e-003 	-9.7343691924754722e-005 	9.3250137293343135e-003
1.0775999999999999e+003 	8.7668783517863835e-003 	-9.1085632983053708e-005 	8.6757927188033310e-003
1.1288000000000000e+003 	8.1798105272399176e-003 	-8.5295687026154055e-005 	8.0945148402137637e-003
1.1800000000000000e+003 	7.6516101549755963e-003 	-7.9930547552866711e-005 	7.5716796074227297e-003
1.2824000000000001e+003 	6.7518608918598240e-003 	-7.0274061509320706e-005 	6.6815868303504999e-003
1.3848000000000000e+003 	5.9743727350052116e-003 	-6.1891608878634273e-005 	5.9124811261265777e-003
1.4872000000000000e+003 	5.3391147352927614e-003 	-5.4585159507590831e-005 	5.2845295757851709e-003
1.5895999999999999e+003 	4.8023209213488476e-003 	-4.8184492580262567e-005 	4.7541364287685857e-003
1.6920000000000000e+003 	4.3442513429288064e-003 	-4.2546382266808596e-005 	4.3017049606619961e-003
1.7944000000000001e+003 	3.9499141980462501e-003 	-3.7556068918232752e-005 	3.9123581291280176e-003
1.8968000000000000e+003 	3.6078161955337396e-003 	-3.3123658501495764e-005 	3.5746925370322442e-003
1.9992000000000000e+003 	3.3090268518432184e-003 	-2.9177546601816308e-005 	3.2798493052414021e-003
2.1015999999999999e+003 	3.0465066534690779e-003 	-2.5658992459061009e-005 	3.0208476610100159e-003
2.2040000000000000e+003 	2.8146298675617975e-003 	-2.2518699638995803e-005 	2.7921111679228019e-003
2.3064000000000001e+003 	2.6088440739642374e-003 	-1.9714651344964328e-005 	2.5891294226192733e-003
2.5112000000000003e+003 	2.2647636189793477e-003 	-1.4924508665730464e-005 	2.2498391103136172e-003
2.7160000000000000e+003 	1.9747703583886801e-003 	-1.1106501158441300e-005 	1.9636638572302387e-003
2.9207999999999997e+003 	1.7443359469405250e-003 	-8.0896308670434128e-006 	1.7362463160734817e-003
3.1255999999999999e+003 	1.5546060689538015e-003 	-5.7115518817563910e-006 	1.5488945170720441e-003
3.3304000000000001e+003 	1.3966460683100103e-003 	-3.8394414596796446e-006 	1.3928066268503304e-003
3.5352000000000003e+003 	1.2637556791038986e-003 	-2.3718248744593355e-006 	1.2613838542294396e-003
3.7400000000000000e+003 	1.1508735502665708e-003 	-1.2288103258616113e-006 	1.1496447399407094e-003
3.9447999999999997e+003 	1.0541338683890077e-003 	-3.4532471079206052e-007 	1.0537885436782163e-003
4.1496000000000004e+003 	9.7054859961549973e-004 	3.3179748196434687e-007 	9.7088039709746388e-004
4.3543999999999996e+003 	8.9778161729106392e-004 	8.4556363097305408e-007 	8.9862718092203683e-004
4.5591999999999998e+003 	8.3398719918556540e-004 	1.2304599471625285e-006 	8.3521765913272808e-004
4.7640000000000000e+003 	7.7769315324563752e-004 	1.5139966615319421e-006 	7.7920714990716944e-004
4.9688000000000002e+003 	7.2771505311272470e-004 	1.7180538198057943e-006 	7.2943310693253090e-004
5.3783999999999996e+003 	6.4395106946160945e-004 	1.9787313150640907e-006 	6.4592980077667365e-004
5.7880000000000000e+003 	5.7262955676054691e-004 	2.0707715120405468e-006 	5.7470032827258721e-004
6.1976000000000004e+003 	5.1531269782639799e-004 	2.0594841936061703e-006 	5.1737218202000431e-004
6.6071999999999998e+003 	4.6734150444275652e-004 	1.9958409684842953e-006 	4.6933734541124085e-004
7.0168000000000002e+003 	4.2661815627019711e-004 	1.9065293191466125e-006 	4.2852468558934377e-004
7.4264000000000005e+003 	3.9161096098093922e-004 	1.8052213656078181e-006 	3.9341618234654694e-004
7.8360000000000000e+003 	3.6119038737260134e-004 	1.7002265548803495e-006 	3.6289061392748154e-004
8.2456000000000004e+003 	3.3451019986145014e-004 	1.5967184568487197e-006 	3.3610691831829892e-004
8.6552000000000007e+003 	3.1092491786460769e-004 	1.4976029803739181e-006 	3.1242252084498164e-004
9.0647999999999993e+003 	2.8993326012976270e-004 	1.4042701550685545e-006 	2.9133753028483126e-004
9.4743999999999996e+003 	2.7113930313606588e-004 	1.3172010388036367e-006 	2.7245650417486957e-004
1.0293600000000000e+004 	2.3945078981250575e-004 	1.1684128110509095e-006 	2.4061920262355665e-004
1.1112799999999999e+004 	2.1188593256378803e-004 	1.0298008028671320e-006 	2.1291573336665524e-004
1.1932000000000000e+004 	1.8960131586292020e-004 	9.1023185376286182e-007 	1.9051154771668308e-004
1.2751200000000001e+004 	1.7082042441621652e-004 	8.1034893282922222e-007 	1.7163077334904573e-004
1.3570400000000000e+004 	1.5481912162008008e-004 	7.2491066393442215e-007 	1.5554403228401452e-004
1.4389600000000000e+004 	1.4105411146491485e-004 	6.5043533251218589e-007 	1.4170454679742701e-004
1.5208799999999999e+004 	1.2911263174671228e-004 	5.8513519769763709e-007 	1.2969776694440993e-004
1.6027999999999998e+004 	1.1867614755764323e-004 	5.2777411084616077e-007 	1.1920392166848935e-004
1.6847200000000001e+004 	1.0949498668116184e-004 	4.7730302268718906e-007 	1.0997228970384900e-004
1.7666399999999998e+004 	1.0137065992643904e-004 	4.3281544847871384e-007 	1.0180347537491776e-004
1.8485600000000002e+004 	9.4143387865104776e-005 	3.9353717184080807e-007 	9.4536925036945620e-005
2.0124000000000000e+004 	8.2102395621864717e-005 	3.3088850185996400e-007 	8.2433284123724712e-005
2.1762399999999998e+004 	7.1708703184934785e-005 	2.7557515920117768e-007 	7.1984278344135969e-005
2.3400799999999999e+004 	6.3453497982479584e-005 	2.3349509996044894e-007 	6.3686993082440039e-005
2.5039200000000001e+004 	5.6592083172110254e-005 	2.0139372632241507e-007 	5.6793476898432674e-005
2.6677600000000002e+004 	5.0822740727683010e-005 	1.7583539246897727e-007 	5.0998576120151987e-005
2.8316000000000000e+004 	4.5920608784449197e-005 	1.5520517752458233e-007 	4.6075813961973786e-005
-1100 0
-1.1000000000000000e+003 0.0000000000000000e+000 0.0000000000000000e+000
1
1 1 1 1
1
         t, ms                         dVp, mV                         dVs, mV                         dV, mV
5.0000000000000000e-001 	1.1037266996812219e-001 	-2.7832496472390090e-004 	1.1009434500339828e-001
5.9999999999999998e-001 	1.1051154623532575e-001 	-2.7832496482218405e-004 	1.1023322127050354e-001
6.9999999999999996e-001 	1.1060283511041183e-001 	-2.7832496507630624e-004 	1.1032451014533551e-001
8.0000000000000004e-001 	1.1067472187519621e-001 	-2.7832496537310414e-004 	1.1039639690982310e-001
9.0000000000000002e-001 	1.1073553579454017e-001 	-2.7832496557483443e-004 	1.1045721082896533e-001
1.0000000000000000e+000 	1.1078847569296482e-001 	-2.7832496558641734e-004 	1.1051015072737840e-001
1.1000000000000001e+000 	1.1083524128383757e-001 	-2.7832496538494005e-004 	1.1055691631845260e-001
1.2000000000000000e+000 	1.1087696580889782e-001 	-2.7832496501425404e-004 	1.1059864084388361e-001
1.3000000000000000e+000 	1.1091449040961028e-001 	-2.7832496455994254e-004 	1.1063616544505037e-001
1.3999999999999999e+000 	1.1094846873927657e-001 	-2.7832496411982812e-004 	1.1067014377515674e-001
1.6000000000000001e+000 	1.1207774191597449e-001 	-2.7832496363451841e-004 	1.1179941695234002e-001
1.8000000000000000e+000 	1.1105877904265893e-001 	-2.7832496375912967e-004 	1.1078045407889980e-001
2.0000000000000000e+000 	1.1110212601824289e-001 	-2.7832496442514910e-004 	1.1082380105381774e-001
2.2000000000000002e+000 	1.1113981666739869e-001 	-2.7832496537365004e-004 	1.1086149170202513e-001
2.3999999999999999e+000 	1.1117298937621534e-001 	-2.7832496629220357e-004 	1.1089466440992315e-001
2.6000000000000001e+000 	1.1120249063099528e-001 	-2.7832496692864440e-004 	1.1092416566406668e-001
2.7999999999999998e+000 	1.1122895942173282e-001 	-2.7832496714992269e-004 	1.1095063445458295e-001
3.0000000000000000e+000 	1.1125288723604453e-001 	-2.7832496694781532e-004 	1.1097456226909669e-001
3.2000000000000002e+000 	1.1127465921231533e-001 	-2.7832496640933964e-004 	1.1099633424590601e-001
3.3999999999999999e+000 	1.1129458226505196e-001 	-2.7832496567247790e-004 	1.1101625729937953e-001
3.6000000000000001e+000 	1.1131290457554753e-001 	-2.7832496488332823e-004 	1.1103457961066421e-001
4.0000000000000000e+000 	1.1173716804408301e-001 	-2.7832496363973223e-004 	1.1145884308044322e-001
4.4000000000000004e+000 	1.1137413514133712e-001 	-2.7832496294063032e-004 	1.1109581017839647e-001
4.7999999999999998e+000 	1.1139903566468438e-001 	-2.7832496268566490e-004 	1.1112071070199872e-001
5.2000000000000002e+000 	1.1142114291460192e-001 	-2.7832496256000386e-004 	1.1114281795204192e-001
5.5999999999999996e+000 	1.1144105059388856e-001 	-2.7832496225278964e-004 	1.1116272563163576e-001
6.0000000000000000e+000 	1.1145925538195615e-001 	-2.7832496162273423e-004 	1.1118093042033340e-001
6.4000000000000004e+000 	1.1147617468719058e-001 	-2.7832496076340149e-004 	1.1119784972642716e-001
6.7999999999999998e+000 	1.1149215305376554e-001 	-2.7832495997448997e-004 	1.1121382809379107e-001
7.2000000000000002e+000 	1.1150746288977283e-001 	-2.7832495967273834e-004 	1.1122913793010011e-001
7.5999999999999996e+000 	1.1152230445439268e-001 	-2.7832496028167621e-004 	1.1124397949411098e-001
8.0000000000000000e+000 	1.1153680799591273e-001 	-2.7832496213191997e-004 	1.1125848303378076e-001
8.8000000000000007e+000 	1.1177871814783384e-001 	-2.7832496974893023e-004 	1.1150039317808487e-001
9.5999999999999996e+000 	1.1159169724073849e-001 	-2.7832498109715966e-004 	1.1131337225964134e-001
1.0400000000000000e+001 	1.1161638152127913e-001 	-2.7832499312097563e-004 	1.1133805652815815e-001
1.1199999999999999e+001 	1.1163810940861905e-001 	-2.7832500196169351e-004 	1.1135978440665738e-001
1.2000000000000000e+001 	1.1165585416212014e-001 	-2.7832500400419373e-004 	1.1137752915811591e-001
1.2800000000000001e+001 	1.1166858932839163e-001 	-2.7832499673588961e-004 	1.1139026433165572e-001
1.3600000000000000e+001 	1.1167536662117489e-001 	-2.7832497922456400e-004 	1.1139704164195030e-001
1.4400000000000000e+001 	1.1167535497904185e-001 	-2.7832495219448048e-004 	1.1139703002684737e-001
1.5199999999999999e+001 	1.1166785166905249e-001 	-2.7832491778629194e-004 	1.1138952675126623e-001
1.6000000000000000e+001 	1.1165227634815333e-001 	-2.7832487912824426e-004 	1.1137395146902510e-001
1.6800000000000001e+001 	1.1162815665836254e-001 	-2.7832483984218320e-004 	1.1134983181852032e-001
1.7600000000000001e+001 	1.1159511113969932e-001 	-2.7832480357912505e-004 	1.1131678633612013e-001
1.8399999999999999e+001 	1.1155283285069986e-001 	-2.7832477364295752e-004 	1.1127450807705691e-001
2.0000000000000000e+001 	1.1155576924605183e-001 	-2.7832474424096171e-004 	1.1127744450181092e-001
2.1600000000000001e+001 	1.1128683229315804e-001 	-2.7832475952185333e-004 	1.1100850753363618e-001
2.3199999999999999e+001 	1.1109425535524900e-001 	-2.7832481967711089e-004 	1.1081593053557187e-001
2.4800000000000001e+001 	1.1086131208152804e-001 	-2.7832491777738771e-004 	1.1058298716375066e-001
2.6399999999999999e+001 	1.1058800344870215e-001 	-2.7832504221929420e-004 	1.1030967840648281e-001
2.8000000000000000e+001 	1.1027469537397011e-001 	-2.7832517952558499e-004 	1.0999637019444448e-001
2.9600000000000001e+001 	1.0992209079300623e-001 	-2.7832531670359781e-004 	1.0964376547630258e-001
3.1199999999999999e+001 	1.0953119800343787e-001 	-2.7832544283881418e-004 	1.0925287256059907e-001
3.2800000000000004e+001 	1.0910329466061862e-001 	-2.7832554989844129e-004 	1.0882496911072020e-001
3.4399999999999999e+001 	1.0863988794102790e-001 	-2.7832563288223203e-004 	1.0836156230814568e-001
3.6000000000000000e+001 	1.0814267242484775e-001 	-2.7832568952051594e-004 	1.0786434673532729e-001
3.7600000000000001e+001 	1.0761348765763444e-001 	-2.7832571971792529e-004 	1.0733516193791652e-001
4.0800000000000004e+001 	1.0651538055543758e-001 	-2.7832571053690162e-004 	1.0623705484490065e-001
4.4000000000000000e+001 	1.0522293939996315e-001 	-2.7832562159847213e-004 	1.0494461377836466e-001
4.7199999999999996e+001 	1.0388841774442666e-001 	-2.7832546835062554e-004 	1.0361009227607601e-001
5.0399999999999999e+001 	1.0248128716039871e-001 	-2.7832525986761479e-004 	1.0220296190053108e-001
5.3600000000000001e+001 	1.0101579913965131e-001 	-2.7832499572684352e-004 	1.0073747414392445e-001
5.6800000000000004e+001 	9.9505001150505590e-002 	-2.7832466508738245e-004 	9.9226676485418219e-002
6.0000000000000000e+001 	9.7960578831308473e-002 	-2.7832424747310455e-004 	9.7682254583835379e-002
6.3200000000000003e+001 	9.6392819325363643e-002 	-2.7832371486508284e-004 	9.6114495610498549e-002
6.6400000000000006e+001 	9.4810653303755391e-002 	-2.7832303483013424e-004 	9.4532330268925283e-002
6.9599999999999994e+001 	9.3221744750661445e-002 	-2.7832217441894685e-004 	9.2943422576242524e-002
7.2799999999999997e+001 	9.1632606104810679e-002 	-2.7832110448132110e-004 	9.1354285000329397e-002
7.9200000000000003e+001 	8.8505429570245403e-002 	-2.7831827294481698e-004 	8.8227111297300612e-002
8.5599999999999994e+001 	8.5379469734402622e-002 	-2.7831458954605715e-004 	8.5101155144856527e-002
9.2000000000000000e+001 	8.2353343138295107e-002 	-2.7831026561599424e-004 	8.2075032872679102e-002
9.8400000000000006e+001 	7.9416763921893799e-002 	-2.7830563227011388e-004 	7.9138458289623681e-002
1.0480000000000001e+002 	7.6579583434207135e-002 	-2.7830101970240627e-004 	7.6301282414504734e-002
1.1119999999999999e+002 	7.3847401115505265e-002 	-2.7829657432002294e-004 	7.3569104541185273e-002
1.1759999999999999e+002 	7.1222689186106081e-002 	-2.7829205045496938e-004 	7.0944397135651108e-002
1.2400000000000000e+002 	6.8705688517759031e-002 	-2.7828662267212370e-004 	6.8427401895086906e-002
1.3039999999999998e+002 	6.6295083214960471e-002 	-2.7827874902870231e-004 	6.6016804465931805e-002
1.3680000000000001e+002 	6.3988494862795078e-002 	-2.7826609531801530e-004 	6.3710228767477076e-002
1.4319999999999999e+002 	6.1782839806482158e-002 	-2.7824552099035675e-004 	6.1504594285491779e-002
1.5600000000000000e+002 	5.7700330591785504e-002 	-2.7815773867585205e-004 	5.7422172853109646e-002
1.6880000000000001e+002 	5.3883634154818789e-002 	-2.7798044441155215e-004 	5.3605653710407222e-002
1.8160000000000002e+002 	5.0439581027143861e-002 	-2.7767322649451898e-004 	5.0161907800649344e-002
1.9439999999999998e+002 	4.7293026844973080e-002 	-2.7719529441083029e-004 	4.7015831550562243e-002
2.0719999999999999e+002 	4.4415771394685437e-002 	-2.7650956445439287e-004 	4.4139261830231029e-002
2.2000000000000000e+002 	4.1781646065935901e-002 	-2.7558557693036368e-004 	4.1506060489005549e-002
2.3280000000000001e+002 	3.9366750158909232e-002 	-2.7440117654508516e-004 	3.9092348982364154e-002
2.4560000000000002e+002 	3.7149470724845826e-002 	-2.7294309143788877e-004 	3.6876527633407957e-002
2.5840000000000003e+002 	3.5110384121202230e-002 	-2.7120663898739790e-004 	3.4839177482214857e-002
2.7119999999999999e+002 	3.3232098856613795e-002 	-2.6919481526826950e-004 	3.2962904041345518e-002
2.8400000000000000e+002 	3.1499074966713829e-002 	-2.6691702694120424e-004 	3.1232157939772628e-002
2.9680000000000001e+002 	2.9897439965791917e-002 	-2.6438769236919191e-004 	2.9633052273422722e-002
3.0959999999999997e+002 	2.8414812165685841e-002 	-2.6162487817590825e-004 	2.8153187287509946e-002
3.3519999999999999e+002 	2.5794564911092548e-002 	-2.5551123611174836e-004 	2.5539053674980793e-002
3.6080000000000001e+002 	2.3446904653752817e-002 	-2.4873068814244853e-004 	2.3198173965610372e-002
3.8640000000000003e+002 	2.1443115768439026e-002 	-2.4144623848818710e-004 	2.1201669529950836e-002
4.1200000000000000e+002 	1.9691838784616715e-002 	-2.3381201500868368e-004 	1.9458026769608026e-002
4.3759999999999997e+002 	1.8153012806261457e-002 	-2.2596441564667110e-004 	1.7927048390614795e-002
4.6319999999999999e+002 	1.6793801730456928e-002 	-2.1801898199360961e-004 	1.6575782748463323e-002
4.8880000000000001e+002 	1.5587283771228816e-002 	-2.1007066653543955e-004 	1.5377213104693374e-002
5.1439999999999998e+002 	1.4511304611553862e-002 	-2.0219545518992128e-004 	1.4309109156363936e-002
5.4000000000000000e+002 	1.3547539398757412e-002 	-1.9445241972609889e-004 	1.3353086979031314e-002
5.6560000000000002e+002 	1.2680744974623390e-002 	-1.8688600569465510e-004 	1.2493858968928739e-002
5.9119999999999993e+002 	1.1898168790940909e-002 	-1.7952843217744827e-004 	1.1718640358763466e-002
6.1680000000000007e+002 	1.1189081993685193e-002 	-1.7240199687011595e-004 	1.1016679996815078e-002
6.6800000000000000e+002 	9.9713515860090172e-003 	-1.5889972966019186e-004 	9.8124518563488285e-003
7.1919999999999993e+002 	8.9086488633245073e-003 	-1.4640896327721298e-004 	8.7622399000472934e-003
7.7039999999999998e+002 	8.0318505317003713e-003 	-1.3492142619394646e-004 	7.8969291055064252e-003
8.2160000000000002e+002 	7.2848332855576870e-003 	-1.2439834344776834e-004 	7.1604349421099190e-003
8.7280000000000007e+002 	6.6425447908974996e-003 	-1.1478173469616443e-004 	6.5277630562013368e-003
9.2400000000000000e+002 	6.0856213017164498e-003 	-1.0600405151746880e-004 	5.9796172501989826e-003
9.7519999999999993e+002 	5.5990107751087408e-003 	-9.7994766729902303e-005 	5.5010160083788411e-003
1.0264000000000001e+003 	5.1708995041057871e-003 	-9.0684394516584685e-005 	5.0802151095892039e-003
1.0775999999999999e+003 	4.7919136830783431e-003 	-8.4006816788099933e-005 	4.7079068662902439e-003
1.1288000000000000e+003 	4.4545340384427902e-003 	-7.7900546253729299e-005 	4.3766334921890599e-003
1.1800000000000000e+003 	4.1526664350999016e-003 	-7.2309296120365006e-005 	4.0803571389795359e-003
1.2824000000000001e+003 	3.6420669124709181e-003 	-6.2415981710277812e-005 	3.5796509307606406e-003
1.3848000000000000e+003 	3.2042519222335482e-003 	-5.4037206289170131e-005 	3.1502147159443781e-003
1.4872000000000000e+003 	2.8496875401358931e-003 	-4.6914304469534517e-005 	2.8027732356663568e-003
1.5895999999999999e+003 	2.5522188171153430e-003 	-4.0828212944329131e-005 	2.5113906041710145e-003
1.6920000000000000e+003 	2.2999698043404890e-003 	-3.5598193319703792e-005 	2.2643716110207850e-003
1.7944000000000001e+003 	2.0840212706844490e-003 	-3.1079500763645690e-005 	2.0529417699208033e-003
1.8968000000000000e+003 	1.8976054314446596e-003 	-2.7157636005260780e-005 	1.8704477954393992e-003
1.9992000000000000e+003 	1.7355120917941311e-003 	-2.3741207534722130e-005 	1.7117708842594086e-003
2.1015999999999999e+003 	1.5936679977776871e-003 	-2.0756098400966780e-005 	1.5729118993767202e-003
2.2040000000000000e+003 	1.4688417362915989e-003 	-1.8141403539106784e-005 	1.4507003327524917e-003
2.3064000000000001e+003 	1.3584355259741773e-003 	-1.5846568314754747e-005 	1.3425889576594223e-003
2.5112000000000003e+003 	1.1745959449069769e-003 	-1.2005499992952217e-005 	1.1625904449140247e-003
2.7160000000000000e+003 	1.0204332485426702e-003 	-9.0231367258395411e-006 	1.0114101118168307e-003
2.9207999999999997e+003 	8.9859139318146256e-004 	-6.7165495459096825e-006 	8.9187484363555266e-004
3.1255999999999999e+003 	7.9872275036204504e-004 	-4.9304199744950383e-006 	7.9379233038755009e-004
3.3304000000000001e+003 	7.1590659899113381e-004 	-3.5443054626873221e-006 	7.1236229352844680e-004
3.5352000000000003e+003 	6.4647800019179225e-004 	-2.4687584607220885e-006 	6.4400924173107067e-004
3.7400000000000000e+003 	5.8768596091462186e-004 	-1.6359791418505235e-006 	5.8604998177277132e-004
3.9447999999999997e+003 	5.3744122293919764e-004 	-9.9317730977032864e-007 	5.3644804562942734e-004
4.1496000000000004e+003 	4.9413702980329727e-004 	-4.9891323066496123e-007 	4.9363811657263232e-004
4.3543999999999996e+003 	4.5652273577676097e-004 	-1.2070766053753310e-007 	4.5640202811622334e-004
4.5591999999999998e+003 	4.2361410190967140e-004 	1.6684509751614833e-007 	4.2378094700718736e-004
4.7640000000000000e+003 	3.9462881569795021e-004 	3.8361113560615644e-007 	3.9501242683355643e-004
4.9688000000000002e+003 	3.6893945735716889e-004 	5.4513471847246738e-007 	3.6948459207564150e-004
5.3783999999999996e+003 	3.2597710881175949e-004 	7.6412595808728638e-007 	3.2674123476984681e-004
5.7880000000000000e+003 	2.8947731952916951e-004 	8.6766473266200415e-007 	2.9034498426183149e-004
6.1976000000000004e+003 	2.6022336994346190e-004 	8.9961822325643347e-007 	2.6112298816671834e-004
6.6071999999999998e+003 	2.3578927601893693e-004 	8.9304493608906680e-007 	2.3668232095502598e-004
7.0168000000000002e+003 	2.1508245349695365e-004 	8.6593990437816342e-007 	2.1594839340133187e-004
7.4264000000000005e+003 	1.9730781815070566e-004 	8.2793699622535343e-007 	1.9813575514693102e-004
7.8360000000000000e+003 	1.8188085205739067e-004 	7.8490269595313179e-007 	1.8266575475334369e-004
8.2456000000000004e+003 	1.6836485030768137e-004 	7.4048643417864355e-007 	1.6910533674186011e-004
8.6552000000000007e+003 	1.5642751599571116e-004 	6.9680682342442896e-007 	1.5712432281913551e-004
9.0647999999999993e+003 	1.4581132907085957e-004 	6.5498140134104009e-007 	1.4646631047220054e-004
9.4743999999999996e+003 	1.3631326483894219e-004 	6.1552469960396212e-007 	1.3692878953854617e-004
1.0293600000000000e+004 	1.2031379264157122e-004 	5.4787865270486295e-007 	1.2086167129427610e-004
1.1112799999999999e+004 	1.0640579000843529e-004 	4.8363761517378404e-007 	1.0688942762360903e-004
1.1932000000000000e+004 	9.5174673822841390e-005 	4.2784647506697916e-007 	9.5602520297908338e-005
1.2751200000000001e+004 	8.5716695981325188e-005 	3.8118873540671669e-007 	8.6097884716731894e-005
1.3570400000000000e+004 	7.7663749362251780e-005 	3.4120704162776707e-007 	7.8004956403879562e-005
1.4389600000000000e+004 	7.0740077901137611e-005 	3.0626874265394956e-007 	7.1046346643791536e-005
1.5208799999999999e+004 	6.4736465426726237e-005 	2.7556925759440683e-007 	6.5012034684320635e-005
1.6027999999999998e+004 	5.9491647308692992e-005 	2.4856025741688212e-007 	5.9740207566109863e-005
1.6847200000000001e+004 	5.4879349512354823e-005 	2.2476946275635646e-007 	5.5104118975111189e-005
1.7666399999999998e+004 	5.0799270835613477e-005 	2.0378321775082412e-007 	5.1003054053364303e-005
1.8485600000000002e+004 	4.7170731080243717e-005 	1.8524525948254517e-007 	4.7355976339726239e-005
2.0124000000000000e+004 	4.1127779517572007e-005 	1.5578895344704891e-007 	4.1283568471019048e-005
2.1762399999999998e+004 	3.5912919054212058e-005 	1.2956185791317533e-007 	3.6042480912125218e-005
2.3400799999999999e+004 	3.1772972738470583e-005 	1.0967725646930478e-007 	3.1882649994939875e-005
2.5039200000000001e+004 	2.8333098853264422e-005 	9.4573121444517965e-008 	2.8427671974708937e-005
2.6677600000000002e+004 	2.5441489336234597e-005 	8.2566297836235995e-008 	2.5524055634070828e-005
2.8316000000000000e+004 	2.2985076773185019e-005 	7.2886062592418531e-008 	2.3057962835777439e-005
-500 0
-5.0000000000000000e+002 0.0000000000000000e+000 0.0000000000000000e+000
1
1 1 1 1
1
         t, ms                         dVp, mV                         dVs, mV                         dV, mV
5.0000000000000000e-001 	2.9778777829691738e-002 	1.2392183470998123e-005 	2.9791170013162730e-002
5.9999999999999998e-001 	2.9822024013029778e-002 	1.2392183589060513e-005 	2.9834416196618824e-002
6.9999999999999996e-001 	2.9850451038495436e-002 	1.2392183986975363e-005 	2.9862843222482418e-002
8.0000000000000004e-001 	2.9872836331744510e-002 	1.2392184503896401e-005 	2.9885228516248408e-002
9.0000000000000002e-001 	2.9891773685135854e-002 	1.2392184919803045e-005 	2.9904165870055645e-002
1.0000000000000000e+000 	2.9908259183700957e-002 	1.2392185062891555e-005 	2.9920651368763866e-002
1.1000000000000001e+000 	2.9922822084768270e-002 	1.2392184864313716e-005 	2.9935214269632582e-002
1.2000000000000000e+000 	2.9935815254022516e-002 	1.2392184359910157e-005 	2.9948207438382422e-002
1.3000000000000000e+000 	2.9947500604871849e-002 	1.2392183659286414e-005 	2.9959892788531138e-002
1.3999999999999999e+000 	2.9958081673300170e-002 	1.2392182904275902e-005 	2.9970473856204438e-002
1.6000000000000001e+000 	3.0309774361554867e-002 	1.2392181831645152e-005 	3.0322166543386497e-002
1.8000000000000000e+000 	2.9992433282943431e-002 	1.2392181591098186e-005 	3.0004825464534531e-002
2.0000000000000000e+000 	3.0005932052172248e-002 	1.2392182244644369e-005 	3.0018324234416898e-002
2.2000000000000002e+000 	3.0017669441414020e-002 	1.2392183529757206e-005 	3.0030061624943778e-002
2.3999999999999999e+000 	3.0027999937134148e-002 	1.2392185033945803e-005 	3.0040392122168101e-002
2.6000000000000001e+000 	3.0037187131392775e-002 	1.2392186363257286e-005 	3.0049579317756051e-002
2.7999999999999998e+000 	3.0045430003925296e-002 	1.2392187249065953e-005 	3.0057822191174356e-002
3.0000000000000000e+000 	3.0052881603928137e-002 	1.2392187584191943e-005 	3.0065273791512328e-002
3.2000000000000002e+000 	3.0059661863167539e-002 	1.2392187405092278e-005 	3.0072054050572627e-002
3.3999999999999999e+000 	3.0065866354861782e-002 	1.2392186844868542e-005 	3.0078258541706662e-002
3.6000000000000001e+000 	3.0071572362513298e-002 	1.2392186079010879e-005 	3.0083964548592315e-002
4.0000000000000000e+000 	3.0203702218801039e-002 	1.2392184676629640e-005 	3.0216094403477670e-002
4.4000000000000004e+000 	3.0090641191524665e-002 	1.2392183743652334e-005 	3.0103033375268304e-002
4.7999999999999998e+000 	3.0098396018476716e-002 	1.2392183323215836e-005 	3.0110788201799923e-002
5.2000000000000002e+000 	3.0105281246537208e-002 	1.2392183047818500e-005 	3.0117673429585014e-002
5.5999999999999996e+000 	3.0111482264849183e-002 	1.2392182393077537e-005 	3.0123874447242256e-002
6.0000000000000000e+000 	3.0117154741529158e-002 	1.2392180931152181e-005 	3.0129546922460299e-002
6.4000000000000004e+000 	3.0122430372059035e-002 	1.2392178496044672e-005 	3.0134822550555069e-002
6.7999999999999998e+000 	3.0127419098018905e-002 	1.2392175237229051e-005 	3.0139811273256129e-002
7.2000000000000002e+000 	3.0132209531318462e-002 	1.2392171579707144e-005 	3.0144601702898156e-002
7.5999999999999996e+000 	3.0136869098712910e-002 	1.2392168126709287e-005 	3.0149261266839620e-002
8.0000000000000000e+000 	3.0141444793756897e-002 	1.2392165542074966e-005 	3.0153836959298966e-002
8.8000000000000007e+000 	3.0217026328945695e-002 	1.2392165661103981e-005 	3.0229418494606804e-002
9.5999999999999996e+000 	3.0159201039702939e-002 	1.2392173833938432e-005 	3.0171593213536886e-002
1.0400000000000000e+001 	3.0167619312110545e-002 	1.2392189894013228e-005 	3.0180011502004559e-002
1.1199999999999999e+001 	3.0175517733753494e-002 	1.2392211614364487e-005 	3.0187909945367856e-002
1.2000000000000000e+001 	3.0182687982826761e-002 	1.2392235377490379e-005 	3.0195080218204263e-002
1.2800000000000001e+001 	3.0188925811835920e-002 	1.2392257062421176e-005 	3.0201318068898347e-002
1.3600000000000000e+001 	3.0194052699093418e-002 	1.2392272848157304e-005 	3.0206444971941589e-002
1.4400000000000000e+001 	3.0197926391334163e-002 	1.2392279778580938e-005 	3.0210318671112749e-002
1.5199999999999999e+001 	3.0200443506732722e-002 	1.2392276051053135e-005 	3.0212835782783755e-002
1.6000000000000000e+001 	3.0201537309399853e-002 	1.2392261064906051e-005 	3.0213929570464770e-002
1.6800000000000001e+001 	3.0201173056675870e-002 	1.2392235299384670e-005 	3.0213565291975265e-002
1.7600000000000001e+001 	3.0199342509409536e-002 	1.2392200094726056e-005 	3.0211734709504268e-002
1.8399999999999999e+001 	3.0196058535614797e-002 	1.2392157397872092e-005 	3.0208450693012669e-002
2.0000000000000000e+001 	3.0222014075310440e-002 	1.2392061994513575e-005 	3.0234406137304951e-002
2.1600000000000001e+001 	3.0169308809626958e-002 	1.2391965452788137e-005 	3.0181700775079756e-002
2.3199999999999999e+001 	3.0148447587031731e-002 	1.2391883384298278e-005 	3.0160839470416017e-002
2.4800000000000001e+001 	3.0123215919042129e-002 	1.2391828378563362e-005 	3.0135607747420693e-002
2.6399999999999999e+001 	3.0094099246982541e-002 	1.2391809133661513e-005 	3.0106491056116205e-002
2.8000000000000000e+001 	3.0061567695723875e-002 	1.2391830434704001e-005 	3.0073959526158565e-002
2.9600000000000001e+001 	3.0026060454900534e-002 	1.2391893583683187e-005 	3.0038452348484221e-002
3.1199999999999999e+001 	2.9987976687655786e-002 	1.2391997008039540e-005 	3.0000368684663829e-002
3.2800000000000004e+001 	2.9947671036101402e-002 	1.2392136885566209e-005 	2.9960063172986974e-002
3.4399999999999999e+001 	2.9905452271084702e-002 	1.2392307707050581e-005 	2.9917844578791753e-002
3.6000000000000000e+001 	2.9861584058567349e-002 	1.2392502751142686e-005 	2.9873976561318471e-002
3.7600000000000001e+001 	2.9816287129566514e-002 	1.2392714473579318e-005 	2.9828679844040081e-002
4.0800000000000004e+001 	2.9737261903636649e-002 	1.2393144632349093e-005 	2.9749655048268975e-002
4.4000000000000000e+001 	2.9624133857242021e-002 	1.2393540506933647e-005 	2.9636527397748968e-002
4.7199999999999996e+001 	2.9522502478377313e-002 	1.2393842890896255e-005 	2.9534896321268215e-002
5.0399999999999999e+001 	2.9417635088029151e-002 	1.2393997720281362e-005 	2.9430029085749442e-002
5.3600000000000001e+001 	2.9309601936798886e-002 	1.2393960174092233e-005 	2.9321995896972996e-002
5.6800000000000004e+001 	2.9198328807010825e-002 	1.2393697236114047e-005 	2.9210722504246951e-002
6.0000000000000000e+001 	2.9083659470264346e-002 	1.2393188949641875e-005 	2.9096052659214004e-002
6.3200000000000003e+001 	2.8965405399701123e-002 	1.2392428407050407e-005 	2.8977797828108172e-002
6.6400000000000006e+001 	2.8843381911860113e-002 	1.2391420580940430e-005 	2.8855773332441052e-002
6.9599999999999994e+001 	2.8717432210349832e-002 	1.2390180260386973e-005 	2.8729822390610223e-002
7.2799999999999997e+001 	2.8587441592650916e-002 	1.2388729496439642e-005 	2.8599830322147347e-002
7.9200000000000003e+001 	2.8321733218812289e-002 	1.2385345631712291e-005 	2.8334118564443986e-002
8.5599999999999994e+001 	2.8026781192921638e-002 	1.2381481958007319e-005 	2.8039162674879634e-002
9.2000000000000000e+001 	2.7723011709828722e-002 	1.2377380911108496e-005 	2.7735389090739845e-002
9.8400000000000006e+001 	2.7405020525746410e-002 	1.2373307188469100e-005 	2.7417393832934869e-002
1.0480000000000001e+002 	2.7074282422931924e-002 	1.2369548592066754e-005 	2.7086651971523996e-002
1.1119999999999999e+002 	2.6732453923225534e-002 	1.2366413175946810e-005 	2.6744820336401475e-002
1.1759999999999999e+002 	2.6381261389161904e-002 	1.2364211594018335e-005 	2.6393625600755928e-002
1.2400000000000000e+002 	2.6022415839952212e-002 	1.2363218146524294e-005 	2.6034779058098718e-002
1.3039999999999998e+002 	2.5657554144732527e-002 	1.2363616293196171e-005 	2.5669917761025729e-002
1.3680000000000001e+002 	2.5288202494704905e-002 	1.2365443479198894e-005 	2.5300567938184099e-002
1.4319999999999999e+002 	2.4915756970371742e-002 	1.2368549227361372e-005 	2.4928125519599102e-002
1.5600000000000000e+002 	2.4176260918036777e-002 	1.2375957771115706e-005 	2.4188636875807891e-002
1.6880000000000001e+002 	2.3420709003782719e-002 	1.2380616467492864e-005 	2.3433089620250203e-002
1.8160000000000002e+002 	2.2680645928142770e-002 	1.2375379276643210e-005 	2.2693021307419403e-002
1.9439999999999998e+002 	2.1952540075369936e-002 	1.2352152310779774e-005 	2.1964892227680711e-002
2.0719999999999999e+002 	2.1240122271335399e-002 	1.2302933174260101e-005 	2.1252425204509661e-002
2.2000000000000000e+002 	2.0546102383849962e-002 	1.2220689422658388e-005 	2.0558323073272624e-002
2.3280000000000001e+002 	1.9872362959575448e-002 	1.2099948586262322e-005 	1.9884462908161708e-002
2.4560000000000002e+002 	1.9220133208029202e-002 	1.1937075285098149e-005 	1.9232070283314300e-002
2.5840000000000003e+002 	1.8590133691764977e-002 	1.1730283034883956e-005 	1.8601863974799855e-002
2.7119999999999999e+002 	1.7982692543262211e-002 	1.1479460900876822e-005 	1.7994172004163089e-002
2.8400000000000000e+002 	1.7397837345586118e-002 	1.1185896524634176e-005 	1.7409023242110744e-002
2.9680000000000001e+002 	1.6835367320349050e-002 	1.0851961537343811e-005 	1.6846219281886388e-002
3.0959999999999997e+002 	1.6294909967921704e-002 	1.0480804745622553e-005 	1.6305390772667329e-002
3.3519999999999999e+002 	1.5289048219676435e-002 	9.6469095390272261e-006 	1.5298695129215466e-002
3.6080000000000001e+002 	1.4339818448370215e-002 	8.7117706641102511e-006 	1.4348530219034325e-002
3.8640000000000003e+002 	1.3477743376114940e-002 	7.7041569560283112e-006 	1.3485447533070962e-002
4.1200000000000000e+002 	1.2685174941549865e-002 	6.6512204292141471e-006 	1.2691826161979081e-002
4.3759999999999997e+002 	1.1956411021462797e-002 	5.5772566913247216e-006 	1.1961988278154119e-002
4.6319999999999999e+002 	1.1285935782368807e-002 	4.5029151356531480e-006 	1.1290438697504462e-002
4.8880000000000001e+002 	1.0668539918719995e-002 	3.4447507747713383e-006 	1.0671984669494768e-002
5.1439999999999998e+002 	1.0099383972097625e-002 	2.4153671711696796e-006 	1.0101799339268797e-002
5.4000000000000000e+002 	9.5740232144754210e-003 	1.4240106348806327e-006 	9.5754472251102975e-003
5.6560000000000002e+002 	9.0884077867333761e-003 	4.7725197624476323e-007 	9.0888850387096185e-003
5.9119999999999993e+002 	8.6388677757564328e-003 	-4.2045557992077113e-007 	8.6384473201765143e-003
6.1680000000000007e+002 	8.2220898219661307e-003 	-1.2663565826901467e-006 	8.2208234653834440e-003
6.6800000000000000e+002 	7.4842020319798195e-003 	-2.7990039364900455e-006 	7.4814030280433283e-003
7.1919999999999993e+002 	6.8208753111806374e-003 	-4.1237933316888087e-006 	6.8167515178489462e-003
7.7039999999999998e+002 	6.2531424054235226e-003 	-5.2501652228199359e-006 	6.2478922402007019e-003
8.2160000000000002e+002 	5.7554184499249532e-003 	-6.1917616734781263e-006 	5.7492266882514780e-003
8.7280000000000007e+002 	5.3166590631744262e-003 	-6.9649314780589341e-006 	5.3096941316963658e-003
9.2400000000000000e+002 	4.9278028125332232e-003 	-7.5873452701291008e-006 	4.9202154672630932e-003
9.7519999999999993e+002 	4.5814206008609583e-003 	-8.0765169224561305e-006 	4.5733440839385011e-003
1.0264000000000001e+003 	4.2714031019194000e-003 	-8.4487552347176456e-006 	4.2629543466846821e-003
1.0775999999999999e+003 	3.9927021308990823e-003 	-8.7187500291426160e-006 	3.9839833808699406e-003
1.1288000000000000e+003 	3.7411229990983643e-003 	-8.8995624021516562e-006 	3.7322234366962124e-003
1.1800000000000000e+003 	3.5131597630971723e-003 	-9.0027595748402437e-006 	3.5041570035223321e-003
1.2824000000000001e+003 	3.1213848944669437e-003 	-9.0251796818682942e-006 	3.1123597147850761e-003
1.3848000000000000e+003 	2.7795876078738329e-003 	-8.8438159136491588e-006 	2.7707437919601841e-003
1.4872000000000000e+003 	2.4972921589069522e-003 	-8.5127142406083473e-006 	2.4887794446663437e-003
1.5895999999999999e+003 	2.2567044024233767e-003 	-8.0751670813766947e-006 	2.2486292353420009e-003
1.6920000000000000e+003 	2.0498742533722049e-003 	-7.5641482221318313e-006 	2.0423101051500734e-003
1.7944000000000001e+003 	1.8706679495889332e-003 	-7.0059963058008103e-006 	1.8636619532831321e-003
1.8968000000000000e+003 	1.7143160069985808e-003 	-6.4224041124421404e-006 	1.7078936028861386e-003
1.9992000000000000e+003 	1.5770660013006605e-003 	-5.8308239642653952e-006 	1.5712351773363956e-003
2.1015999999999999e+003 	1.4559277607694866e-003 	-5.2447474638819763e-006 	1.4506830133056039e-003
2.2040000000000000e+003 	1.3484888593663560e-003 	-4.6742523524966216e-006 	1.3438146070138596e-003
2.3064000000000001e+003 	1.2527807303554124e-003 	-4.1266260574049457e-006 	1.2486541042980074e-003
2.5112000000000003e+003 	1.0920234345367199e-003 	-3.1152699161961048e-006 	1.0889081646205236e-003
2.7160000000000000e+003 	9.5579131588553160e-004 	-2.2333225490527640e-006 	9.5355799333647889e-004
2.9207999999999997e+003 	8.4690817924898279e-004 	-1.4885612537407726e-006 	8.4541961799524182e-004
3.1255999999999999e+003 	7.5682724561212749e-004 	-8.7078934582767600e-007 	7.5595645626630014e-004
3.3304000000000001e+003 	6.8151481445810212e-004 	-3.6531158724760363e-007 	6.8114950287085491e-004
3.5352000000000003e+003 	6.1792181644973942e-004 	4.1561388965937740e-008 	6.1796337783870544e-004
3.7400000000000000e+003 	5.6372826375635833e-004 	3.6312001997030255e-007 	5.6409138377632839e-004
3.9447999999999997e+003 	5.1715075937015754e-004 	6.1252029001611944e-007 	5.1776327966017357e-004
4.1496000000000004e+003 	4.7680308748012637e-004 	8.0212945988146298e-007 	4.7760521694000771e-004
4.3543999999999996e+003 	4.4159614652996806e-004 	9.4295020564663830e-007 	4.4253909673561468e-004
4.5591999999999998e+003 	4.1066576019278470e-004 	1.0444163635281349e-006 	4.1171017655631278e-004
4.7640000000000000e+003 	3.8332001972495630e-004 	1.1144368428649194e-006 	3.8443445656782111e-004
4.9688000000000002e+003 	3.5900037182953526e-004 	1.1595470736434067e-006 	3.6015991890317873e-004
5.3783999999999996e+003 	3.1815103608113387e-004 	1.2050693426642899e-006 	3.1935610542379819e-004
5.7880000000000000e+003 	2.8329225006782353e-004 	1.1960543347665087e-006 	2.8448830440258994e-004
6.1976000000000004e+003 	2.5520301721065864e-004 	1.1544318808260595e-006 	2.5635744909148478e-004
6.6071999999999998e+003 	2.3164608298945861e-004 	1.0984445542385088e-006 	2.3274452754369713e-004
7.0168000000000002e+003 	2.1161428655814849e-004 	1.0369870434324960e-006 	2.1265127360158096e-004
7.4264000000000005e+003 	1.9436973041609063e-004 	9.7421916078707421e-007 	1.9534394957687783e-004
7.8360000000000000e+003 	1.7936652966172030e-004 	9.1265824135000205e-007 	1.8027918790307026e-004
8.2456000000000004e+003 	1.6619455371512959e-004 	8.5387458349062987e-007 	1.6704842829862019e-004
8.6552000000000007e+003 	1.5454019674262352e-004 	7.9868436651881510e-007 	1.5533888110914236e-004
9.0647999999999993e+003 	1.4415939352093916e-004 	7.4737838041200536e-007 	1.4490677190135120e-004
9.4743999999999996e+003 	1.3485902139783314e-004 	6.9993498722510359e-007 	1.3555895638505823e-004
1.0293600000000000e+004 	1.1916310062998938e-004 	6.1907191139008196e-007 	1.1978217254137943e-004
1.1112799999999999e+004 	1.0550067929956643e-004 	5.4490872109023743e-007 	1.0604558802065664e-004
1.1932000000000000e+004 	9.4443240622250400e-005 	4.8129395632768692e-007 	9.4924534578578115e-005
1.2751200000000001e+004 	8.5117331666054570e-005 	4.2820263292206180e-007 	8.5545534298976639e-005
1.3570400000000000e+004 	7.7166655536650407e-005 	3.8285744542110923e-007 	7.7549512982071479e-005
1.4389600000000000e+004 	7.0323490314938997e-005 	3.4341376311078701e-007 	7.0666904078049760e-005
1.5208799999999999e+004 	6.4384164345247005e-005 	3.0889213340938406e-007 	6.4693056478656386e-005
1.6027999999999998e+004 	5.9191318830693641e-005 	2.7860763488270719e-007 	5.9469926465576358e-005
1.6847200000000001e+004 	5.4621491842700151e-005 	2.5198565923123353e-007 	5.4873477501931388e-005
1.7666399999999998e+004 	5.0576448541652468e-005 	2.2853500906745927e-007 	5.0804983550719937e-005
1.8485600000000002e+004 	4.6977054640970270e-005 	2.0783899897272152e-007 	4.7184893639942997e-005
2.0124000000000000e+004 	4.0978017035875531e-005 	1.7472187815174005e-007 	4.1152738914027284e-005
2.1762399999999998e+004 	3.5798385260860335e-005 	1.4569264074971516e-007 	3.5944077901610049e-005
2.3400799999999999e+004 	3.1682578259016916e-005 	1.2354322378341479e-007 	3.1806121482800328e-005
2.5039200000000001e+004 	2.8260630266537281e-005 	1.0658368588603204e-007 	2.8367213952423301e-005
2.6677600000000002e+004 	2.5382589199971658e-005 	9.3062839027022471e-008 	2.5475652038998680e-005
2.8316000000000000e+004 	2.2936632357119435e-005 	8.2137969654596535e-008 	2.3018770326774030e-005
