-2550 0
-2.5500000000000000e+003 0.0000000000000000e+000 0.0000000000000000e+000
1
1 1 1 1
1
         t, ms                         dVp, mV                         dVs, mV                         dV, mV
5.0000000000000000e-001 	1.3769920912665240e-001 	-2.9032028967332038e-004 	1.3740888883697916e-001
5.9999999999999998e-001 	1.3787825850263791e-001 	-2.9032028966110630e-004 	1.3758793821297688e-001
6.9999999999999996e-001 	1.3799595432703218e-001 	-2.9032028951572465e-004 	1.3770563403751646e-001
8.0000000000000004e-001 	1.3808863565261748e-001 	-2.9032028928152170e-004 	1.3779831536333595e-001
9.0000000000000002e-001 	1.3816704122719167e-001 	-2.9032028904237548e-004 	1.3787672093814929e-001
1.0000000000000000e+000 	1.3823529517353592e-001 	-2.9032028888085576e-004 	1.3794497488465501e-001
1.1000000000000001e+000 	1.3829558884786372e-001 	-2.9032028885092733e-004 	1.3800526855901279e-001
1.2000000000000000e+000 	1.3834938327942908e-001 	-2.9032028896843154e-004 	1.3805906299046064e-001
1.3000000000000000e+000 	1.3839776290725667e-001 	-2.9032028921508211e-004 	1.3810744261804159e-001
1.3999999999999999e+000 	1.3844157045689043e-001 	-2.9032028954944231e-004 	1.3815125016734095e-001
1.6000000000000001e+000 	1.3989755019814798e-001 	-2.9032029022025234e-004 	1.3960722990792770e-001
1.8000000000000000e+000 	1.3858379153177861e-001 	-2.9032029069836111e-004 	1.3829347124108016e-001
2.0000000000000000e+000 	1.3863967815282677e-001 	-2.9032029080991608e-004 	1.3834935786201685e-001
2.2000000000000002e+000 	1.3868827223122843e-001 	-2.9032029052118182e-004 	1.3839795194070728e-001
2.3999999999999999e+000 	1.3873104144821879e-001 	-2.9032028991120160e-004 	1.3844072115830766e-001
2.6000000000000001e+000 	1.3876907715086376e-001 	-2.9032028912013793e-004 	1.3847875686174366e-001
2.7999999999999998e+000 	1.3880320316914679e-001 	-2.9032028829827604e-004 	1.3851288288084854e-001
3.0000000000000000e+000 	1.3883405316381187e-001 	-2.9032028756910666e-004 	1.3854373287624272e-001
3.2000000000000002e+000 	1.3886212368304227e-001 	-2.9032028701029688e-004 	1.3857180339603201e-001
3.3999999999999999e+000 	1.3888781042260653e-001 	-2.9032028665038827e-004 	1.3859749013595615e-001
3.6000000000000001e+000 	1.3891143335601461e-001 	-2.9032028647642385e-004 	1.3862111306953817e-001
4.0000000000000000e+000 	1.3945843954765444e-001 	-2.9032028644954301e-004 	1.3916811926120493e-001
4.4000000000000004e+000 	1.3899037803170297e-001 	-2.9032028662153591e-004 	1.3870005774508140e-001
4.7999999999999998e+000 	1.3902248247572094e-001 	-2.9032028680277613e-004 	1.3873216218891823e-001
5.2000000000000002e+000 	1.3905098587265863e-001 	-2.9032028701656779e-004 	1.3876066558564204e-001
5.5999999999999996e+000 	1.3907665421688092e-001 	-2.9032028749051658e-004 	1.3878633392939038e-001
6.0000000000000000e+000 	1.3910012894304979e-001 	-2.9032028857238826e-004 	1.3880980865447737e-001
6.4000000000000004e+000 	1.3912195005228750e-001 	-2.9032029061273071e-004 	1.3883162976167479e-001
6.7999999999999998e+000 	1.3914256461398261e-001 	-2.9032029385297656e-004 	1.3885224432012958e-001
7.2000000000000002e+000 	1.3916232791831301e-001 	-2.9032029834494911e-004 	1.3887200761996807e-001
7.5999999999999996e+000 	1.3918150362326134e-001 	-2.9032030391319517e-004 	1.3889118331934819e-001
8.0000000000000000e+000 	1.3920026660612037e-001 	-2.9032031015970716e-004 	1.3890994629596062e-001
8.8000000000000007e+000 	1.3951242522535451e-001 	-2.9032032131850517e-004 	1.3922210490403589e-001
9.5999999999999996e+000 	1.3927175123626540e-001 	-2.9032032703408850e-004 	1.3898143090923135e-001
1.0400000000000000e+001 	1.3930436861619760e-001 	-2.9032032285656727e-004 	1.3901404829334102e-001
1.1199999999999999e+001 	1.3933361134115849e-001 	-2.9032030598313759e-004 	1.3904329103517543e-001
1.2000000000000000e+001 	1.3935827953751204e-001 	-2.9032027598837961e-004 	1.3906795926152365e-001
1.2800000000000001e+001 	1.3937717955790899e-001 	-2.9032023493880842e-004 	1.3908685932297019e-001
1.3600000000000000e+001 	1.3938922167354750e-001 	-2.9032018699679397e-004 	1.3909890148655071e-001
1.4400000000000000e+001 	1.3939346860464524e-001 	-2.9032013770025663e-004 	1.3910314846694499e-001
1.5199999999999999e+001 	1.3938914866910340e-001 	-2.9032009311741010e-004 	1.3909882857598596e-001
1.6000000000000000e+001 	1.3937564733371016e-001 	-2.9032005904209727e-004 	1.3908532727466813e-001
1.6800000000000001e+001 	1.3935248797731614e-001 	-2.9032004034062228e-004 	1.3906216793697551e-001
1.7600000000000001e+001 	1.3931930914760596e-001 	-2.9032004050510621e-004 	1.3902898910710088e-001
1.8399999999999999e+001 	1.3927584259768358e-001 	-2.9032006142258745e-004 	1.3898552253626101e-001
2.0000000000000000e+001 	1.3930770253776190e-001 	-2.9032016176138581e-004 	1.3901738237600050e-001
2.1600000000000001e+001 	1.3899591727027946e-001 	-2.9032032462516437e-004 	1.3870559694565432e-001
2.3199999999999999e+001 	1.3879172014178279e-001 	-2.9032052237113490e-004 	1.3850139961941169e-001
2.4800000000000001e+001 	1.3854474858380228e-001 	-2.9032072212049393e-004 	1.3825442786168182e-001
2.6399999999999999e+001 	1.3825549109376464e-001 	-2.9032089195374339e-004 	1.3796517020181090e-001
2.8000000000000000e+001 	1.3792474410356709e-001 	-2.9032100590953736e-004 	1.3763442309765753e-001
2.9600000000000001e+001 	1.3755357419332870e-001 	-2.9032104709431756e-004 	1.3726325314623430e-001
3.1199999999999999e+001 	1.3714328437144269e-001 	-2.9032100887345830e-004 	1.3685296336256933e-001
3.2800000000000004e+001 	1.3669538091794076e-001 	-2.9032089447807911e-004 	1.3640506002346270e-001
3.4399999999999999e+001 	1.3621153919858175e-001 	-2.9032071550581502e-004 	1.3592121848307592e-001
3.6000000000000000e+001 	1.3569356856395051e-001 	-2.9032048979662752e-004 	1.3540324807415385e-001
3.7600000000000001e+001 	1.3514337736831944e-001 	-2.9032023909012655e-004 	1.3485305712922938e-001
4.0800000000000004e+001 	1.3401661336660944e-001 	-2.9031978224081697e-004 	1.3372629358436855e-001
4.4000000000000000e+001 	1.3266629565612884e-001 	-2.9031948373919446e-004 	1.3237597617238964e-001
4.7199999999999996e+001 	1.3128644287744340e-001 	-2.9031945025900915e-004 	1.3099612342718442e-001
5.0399999999999999e+001 	1.2983192452155023e-001 	-2.9031973151393746e-004 	1.2954160479003629e-001
5.3600000000000001e+001 	1.2831636417848410e-001 	-2.9032031128446646e-004 	1.2802604386719968e-001
5.6800000000000004e+001 	1.2675217096223090e-001 	-2.9032110887212048e-004 	1.2646184985335882e-001
6.0000000000000000e+001 	1.2515043174206239e-001 	-2.9032198727850999e-004 	1.2486010975478394e-001
6.3200000000000003e+001 	1.2352090723049512e-001 	-2.9032276544773463e-004 	1.2323058446504737e-001
6.6400000000000006e+001 	1.2187209240624543e-001 	-2.9032323263501985e-004 	1.2158176917361042e-001
6.9599999999999994e+001 	1.2021131377944658e-001 	-2.9032316340094896e-004 	1.1992099061604561e-001
7.2799999999999997e+001 	1.1854484424355048e-001 	-2.9032233197126859e-004 	1.1825452191157923e-001
7.9200000000000003e+001 	1.1525185570749155e-001 	-2.9031734167513085e-004 	1.1496153836581641e-001
8.5599999999999994e+001 	1.1192633069260415e-001 	-2.9030714720805397e-004 	1.1163602354539606e-001
9.2000000000000000e+001 	1.0868481584650418e-001 	-2.9029089832578563e-004 	1.0839452494817842e-001
9.8400000000000006e+001 	1.0551263737150238e-001 	-2.9026805542371883e-004 	1.0522236931607873e-001
1.0480000000000001e+002 	1.0242140184310830e-001 	-2.9023827834539855e-004 	1.0213116356476293e-001
1.1119999999999999e+002 	9.9418700739927535e-002 	-2.9020122766273141e-004 	9.9128499512264767e-002
1.1759999999999999e+002 	9.6509090234607173e-002 	-2.9015634542088316e-004 	9.6218933889186245e-002
1.2400000000000000e+002 	9.3694880993623622e-002 	-2.9010267678007082e-004 	9.3404778316843545e-002
1.3039999999999998e+002 	9.0976741668960623e-002 	-2.9003876090431943e-004 	9.0686702908056291e-002
1.3680000000000001e+002 	8.8354149947198923e-002 	-2.8996258734909248e-004 	8.8064187359849860e-002
1.4319999999999999e+002 	8.5825727205991340e-002 	-2.8987160438754129e-004 	8.5535855601603747e-002
1.5600000000000000e+002 	8.1092225655219882e-002 	-2.8962777212817762e-004 	8.0802597883091729e-002
1.6880000000000001e+002 	7.6599555425315838e-002 	-2.8928154458110846e-004 	7.6310273880734733e-002
1.8160000000000002e+002 	7.2483849905262687e-002 	-2.8880414371903866e-004 	7.2195045761543647e-002
1.9439999999999998e+002 	6.8669154033014310e-002 	-2.8816741696860909e-004 	6.8380986616045705e-002
2.0719999999999999e+002 	6.5132219354350290e-002 	-2.8734660496768951e-004 	6.4844872749382623e-002
2.2000000000000000e+002 	6.1850617973351771e-002 	-2.8632219334808997e-004 	6.1564295780003685e-002
2.3280000000000001e+002 	5.8803199214488844e-002 	-2.8508089062814952e-004 	5.8518118323860675e-002
2.4560000000000002e+002 	5.5970309549494987e-002 	-2.8361587910950034e-004 	5.5686693670385513e-002
2.5840000000000003e+002 	5.3333861850904107e-002 	-2.8192650594092798e-004 	5.3051935344963164e-002
2.7119999999999999e+002 	5.0877313896034948e-002 	-2.8001757754699696e-004 	5.0597296318487958e-002
2.8400000000000000e+002 	4.8585595741154931e-002 	-2.7789842184411606e-004 	4.8307697319310824e-002
2.9680000000000001e+002 	4.6445011110515327e-002 	-2.7558186803792296e-004 	4.6169429242477397e-002
3.0959999999999997e+002 	4.4443128215189913e-002 	-2.7308325654470521e-004 	4.4170044958645217e-002
3.3519999999999999e+002 	4.0853070909402073e-002 	-2.6763209941712819e-004 	4.0585438809984963e-002
3.6080000000000001e+002 	3.7587271489549455e-002 	-2.6167001277006965e-004 	3.7325601476779380e-002
3.8640000000000003e+002 	3.4746586483205534e-002 	-2.5532749983245344e-004 	3.4491258983373081e-002
4.1200000000000000e+002 	3.2223786630278757e-002 	-2.4872652328499910e-004 	3.1975060106993754e-002
4.3759999999999997e+002 	2.9973920481111086e-002 	-2.4197340697133956e-004 	2.9731947074139741e-002
4.6319999999999999e+002 	2.7959269213973834e-002 	-2.3515691444994823e-004 	2.7724112299523890e-002
4.8880000000000001e+002 	2.6148196935753498e-002 	-2.2834926303636163e-004 	2.5919847672717128e-002
5.1439999999999998e+002 	2.4514099725045205e-002 	-2.2160780974072122e-004 	2.4292491915304495e-002
5.4000000000000000e+002 	2.3034517377017560e-002 	-2.1497664936286485e-004 	2.2819540727654696e-002
5.6560000000000002e+002 	2.1690404424681769e-002 	-2.0848831245140682e-004 	2.1481916112230371e-002
5.9119999999999993e+002 	2.0465538087081177e-002 	-2.0216566400863172e-004 	2.0263372423072541e-002
6.1680000000000007e+002 	1.9346038448570455e-002 	-1.9602382053100903e-004 	1.9150014628039454e-002
6.6800000000000000e+002 	1.7400875817396043e-002 	-1.8431680937897372e-004 	1.7216559008017066e-002
7.1919999999999993e+002 	1.5683557097532733e-002 	-1.7337925417387187e-004 	1.5510177843358871e-002
7.7039999999999998e+002 	1.4245775867942586e-002 	-1.6319519072402749e-004 	1.4082580677218560e-002
8.2160000000000002e+002 	1.3006486784245645e-002 	-1.5372745712824212e-004 	1.2852759327117399e-002
8.7280000000000007e+002 	1.1929896440180724e-002 	-1.4492732234977685e-004 	1.1784969117830944e-002
9.2400000000000000e+002 	1.0987802691727982e-002 	-1.3674201326094518e-004 	1.0851060678467035e-002
9.7519999999999993e+002 	1.0157889486133272e-002 	-1.2911895210035565e-004 	1.0028770534032918e-002
1.0264000000000001e+003 	9.4223574212591050e-003 	-1.2200788531262035e-004 	9.3003495359464845e-003
1.0775999999999999e+003 	8.7668783517862812e-003 	-1.1536205468064982e-004 	8.6515162971056384e-003
1.1288000000000000e+003 	8.1798105272398898e-003 	-1.0913883255717907e-004 	8.0706716946827087e-003
1.1800000000000000e+003 	7.6516101549753837e-003 	-1.0329993239101837e-004 	7.5483102225843641e-003
1.2824000000000001e+003 	6.7518608918598734e-003 	-9.2603242924645292e-005 	6.6592576489352302e-003
1.3848000000000000e+003 	5.9743727350051413e-003 	-8.3084753866121525e-005 	5.8912879811390201e-003
1.4872000000000000e+003 	5.3391147352927640e-003 	-7.4583434126580889e-005 	5.2645313011661825e-003
1.5895999999999999e+003 	4.8023209213487669e-003 	-6.6961902398572613e-005 	4.7353590189501936e-003
1.6920000000000000e+003 	4.3442513429287899e-003 	-6.0104165447972602e-005 	4.2841471774808185e-003
1.7944000000000001e+003 	3.9499141980461755e-003 	-5.3916879853287514e-005 	3.8959973181928874e-003
1.8968000000000000e+003 	3.6078161955337921e-003 	-4.8326181762026936e-005 	3.5594900137717665e-003
1.9992000000000000e+003 	3.3090268518431668e-003 	-4.3271830645953699e-005 	3.2657550211972132e-003
2.1015999999999999e+003 	3.0465066534691061e-003 	-3.8702587181859507e-005 	3.0078040662872454e-003
2.2040000000000000e+003 	2.8146298675617220e-003 	-3.4573568720190308e-005 	2.7800562988415313e-003
2.3064000000000001e+003 	2.6088440739642491e-003 	-3.0844774390950959e-005 	2.5779992995732994e-003
2.5112000000000003e+003 	2.2647636189793456e-003 	-2.4394095090912264e-005 	2.2403695238884334e-003
2.7160000000000000e+003 	1.9747703583886610e-003 	-1.9155262656870183e-005 	1.9556150957317914e-003
2.9207999999999997e+003 	1.7443359469405018e-003 	-1.4936254921845589e-005 	1.7293996920186559e-003
3.1255999999999999e+003 	1.5546060689537980e-003 	-1.1549520541057912e-005 	1.5430565484127405e-003
3.3304000000000001e+003 	1.3966460683100001e-003 	-8.8359419235787066e-006 	1.3878101263864212e-003
3.5352000000000003e+003 	1.2637556791039036e-003 	-6.6687932004697546e-006 	1.2570868859034339e-003
3.7400000000000000e+003 	1.1508735502665532e-003 	-4.9451963545758814e-006 	1.1459283539119772e-003
3.9447999999999997e+003 	1.0541338683889888e-003 	-3.5798882414725582e-006 	1.0505539801475162e-003
4.1496000000000004e+003 	9.7054859961548108e-004 	-2.5024003697742393e-006 	9.6804619924570671e-004
4.3543999999999996e+003 	8.9778161729105351e-004 	-1.6551546920051322e-006 	8.9612646259904828e-004
4.5591999999999998e+003 	8.3398719918556931e-004 	-9.9155129531628210e-007 	8.3299564789025306e-004
4.7640000000000000e+003 	7.7769315324562158e-004 	-4.7410181246299911e-007 	7.7721905143315841e-004
4.9688000000000002e+003 	7.2771505311272026e-004 	-7.2761450642575225e-008 	7.2764229166207798e-004
5.3783999999999996e+003 	6.4395106946160306e-004 	5.0389637700908701e-007 	6.4445496583861214e-004
5.7880000000000000e+003 	5.7262955676054984e-004 	8.2847632847655639e-007 	5.7345803308902609e-004
6.1976000000000004e+003 	5.1531269782639202e-004 	9.9133899591621758e-007 	5.1630403682230810e-004
6.6071999999999998e+003 	4.6734150444275175e-004 	1.0614138094943082e-006 	4.6840291825224608e-004
7.0168000000000002e+003 	4.2661815627019245e-004 	1.0776473227386940e-006 	4.2769580359293109e-004
7.4264000000000005e+003 	3.9161096098093353e-004 	1.0618803836194069e-006 	3.9267284136455300e-004
7.8360000000000000e+003 	3.6119038737259955e-004 	1.0278528172068156e-006 	3.6221824018980623e-004
8.2456000000000004e+003 	3.3451019986144721e-004 	9.8439302078165972e-007 	3.3549459288222897e-004
8.6552000000000007e+003 	3.1092491786460536e-004 	9.3691315891787451e-007 	3.1186183102352324e-004
9.0647999999999993e+003 	2.8993326012975831e-004 	8.8856013218203518e-007 	2.9082182026194037e-004
9.4743999999999996e+003 	2.7113930313606355e-004 	8.4107766780050582e-007 	2.7198038080386404e-004
1.0293600000000000e+004 	2.3945078981250581e-004 	7.5955272269673650e-007 	2.4021034253520260e-004
1.1112799999999999e+004 	2.1188593256378375e-004 	6.7497464636456661e-007 	2.1256090721014841e-004
1.1932000000000000e+004 	1.8960131586291871e-004 	5.9950809793554903e-007 	1.9020082396085431e-004
1.2751200000000001e+004 	1.7082042441621367e-004 	5.3619265545765527e-007 	1.7135661707167133e-004
1.3570400000000000e+004 	1.5481912162007851e-004 	4.8142280459116683e-007 	1.5530054442466971e-004
1.4389600000000000e+004 	1.4105411146491344e-004 	4.3289441478544315e-007 	1.4148700587969886e-004
1.5208799999999999e+004 	1.2911263174671117e-004 	3.8972675686585695e-007 	1.2950235850357701e-004
1.6027999999999998e+004 	1.1867614755764225e-004 	3.5139371972747866e-007 	1.1902754127736972e-004
1.6847200000000001e+004 	1.0949498668115981e-004 	3.1740017591471625e-007 	1.0981238685707449e-004
1.7666399999999998e+004 	1.0137065992644094e-004 	2.8727356164998985e-007 	1.0165793348809091e-004
1.8485600000000002e+004 	9.4143387865103082e-005 	2.6058356017011970e-007 	9.4403971425273173e-005
2.0124000000000000e+004 	8.2102395621863836e-005 	2.1906448676841873e-007 	8.2321460108632211e-005
2.1762399999999998e+004 	7.1708703184933782e-005 	1.8039649704334135e-007 	7.1889099681977139e-005
2.3400799999999999e+004 	6.3453497982478662e-005 	1.5167251126900862e-007 	6.3605170493747658e-005
2.5039200000000001e+004 	5.6592083172110261e-005 	1.3041857940930081e-007 	5.6722501751519554e-005
2.6677600000000002e+004 	5.0822740727682874e-005 	1.1373752807893631e-007 	5.0936478255761825e-005
2.8316000000000000e+004 	4.5920608784448756e-005 	1.0044337467560112e-007 	4.6021052159124363e-005
-2850 0
-2.8500000000000000e+003 0.0000000000000000e+000 0.0000000000000000e+000
1
1 1 1 1
1
         t, ms                         dVp, mV                         dVs, mV                         dV, mV
5.0000000000000000e-001 	1.1037266996818915e-001 	-2.8988508754442145e-004 	1.1008278488064475e-001
5.9999999999999998e-001 	1.1051154623524258e-001 	-2.8988508760043356e-004 	1.1022166114764213e-001
6.9999999999999996e-001 	1.1060283511033457e-001 	-2.8988508784545891e-004 	1.1031295002248909e-001
8.0000000000000004e-001 	1.1067472187517781e-001 	-2.8988508818911864e-004 	1.1038483678698870e-001
9.0000000000000002e-001 	1.1073553579455669e-001 	-2.8988508849413485e-004 	1.1044565070606256e-001
1.0000000000000000e+000 	1.1078847569303714e-001 	-2.8988508864301695e-004 	1.1049859060439413e-001
1.1000000000000001e+000 	1.1083524128373469e-001 	-2.8988508857616971e-004 	1.1054535619515854e-001
1.2000000000000000e+000 	1.1087696580882894e-001 	-2.8988508829850580e-004 	1.1058708072053046e-001
1.3000000000000000e+000 	1.1091449040949680e-001 	-2.8988508786498008e-004 	1.1062460532163186e-001
1.3999999999999999e+000 	1.1094846873940711e-001 	-2.8988508735757189e-004 	1.1065858365204949e-001
1.6000000000000001e+000 	1.1207774191600255e-001 	-2.8988508652171311e-004 	1.1178785682948082e-001
1.8000000000000000e+000 	1.1105877904254498e-001 	-2.8988508614415749e-004 	1.1076889395640083e-001
2.0000000000000000e+000 	1.1110212601825853e-001 	-2.8988508635609581e-004 	1.1081224093190242e-001
2.2000000000000002e+000 	1.1113981666751571e-001 	-2.8988508707142264e-004 	1.1084993158044430e-001
2.3999999999999999e+000 	1.1117298937621398e-001 	-2.8988508807335393e-004 	1.1088310428814067e-001
2.6000000000000001e+000 	1.1120249063095260e-001 	-2.8988508911436859e-004 	1.1091260554183827e-001
2.7999999999999998e+000 	1.1122895942174195e-001 	-2.8988508999133853e-004 	1.1093907433175056e-001
3.0000000000000000e+000 	1.1125288723594440e-001 	-2.8988509058351284e-004 	1.1096300214536083e-001
3.2000000000000002e+000 	1.1127465921242756e-001 	-2.8988509085742909e-004 	1.1098477412157019e-001
3.3999999999999999e+000 	1.1129458226502256e-001 	-2.8988509084996430e-004 	1.1100469717417261e-001
3.6000000000000001e+000 	1.1131290457559886e-001 	-2.8988509064139590e-004 	1.1102301948495749e-001
4.0000000000000000e+000 	1.1173716804411951e-001 	-2.8988509007527567e-004 	1.1144728295404421e-001
4.4000000000000004e+000 	1.1137413514131411e-001 	-2.8988508957237321e-004 	1.1108425005174175e-001
4.7999999999999998e+000 	1.1139903566469082e-001 	-2.8988508926147184e-004 	1.1110915057542939e-001
5.2000000000000002e+000 	1.1142114291461107e-001 	-2.8988508896665943e-004 	1.1113125782564443e-001
5.5999999999999996e+000 	1.1144105059383107e-001 	-2.8988508832000911e-004 	1.1115116550551110e-001
6.0000000000000000e+000 	1.1145925538200842e-001 	-2.8988508692184953e-004 	1.1116937029508657e-001
6.4000000000000004e+000 	1.1147617468715942e-001 	-2.8988508448475294e-004 	1.1118628960267465e-001
6.7999999999999998e+000 	1.1149215305380576e-001 	-2.8988508092658676e-004 	1.1120226797287920e-001
7.2000000000000002e+000 	1.1150746288971987e-001 	-2.8988507640379430e-004 	1.1121757781331608e-001
7.5999999999999996e+000 	1.1152230445443165e-001 	-2.8988507129312899e-004 	1.1123241938313858e-001
8.0000000000000000e+000 	1.1153680799590411e-001 	-2.8988506613805682e-004 	1.1124692292976604e-001
8.8000000000000007e+000 	1.1177871814781802e-001 	-2.8988505901816826e-004 	1.1148883308879988e-001
9.5999999999999996e+000 	1.1159169724075174e-001 	-2.8988505895610078e-004 	1.1130181218179563e-001
1.0400000000000000e+001 	1.1161638152126090e-001 	-2.8988506880131255e-004 	1.1132649645245954e-001
1.1199999999999999e+001 	1.1163810940863106e-001 	-2.8988508951896286e-004 	1.1134822431911214e-001
1.2000000000000000e+001 	1.1165585416211896e-001 	-2.8988512000591144e-004 	1.1136596904211304e-001
1.2800000000000001e+001 	1.1166858932839011e-001 	-2.8988515736976461e-004 	1.1137870417102033e-001
1.3600000000000000e+001 	1.1167536662118882e-001 	-2.8988519747834518e-004 	1.1138548142371051e-001
1.4400000000000000e+001 	1.1167535497902048e-001 	-2.8988523560406299e-004 	1.1138546974341637e-001
1.5199999999999999e+001 	1.1166785166906060e-001 	-2.8988526703233492e-004 	1.1137796640202825e-001
1.6000000000000000e+001 	1.1165227634815510e-001 	-2.8988528755547431e-004 	1.1136239106059963e-001
1.6800000000000001e+001 	1.1162815665837249e-001 	-2.8988529381910249e-004 	1.1133827136455338e-001
1.7600000000000001e+001 	1.1159511113968321e-001 	-2.8988528352092650e-004 	1.1130522585616225e-001
1.8399999999999999e+001 	1.1155283285070983e-001 	-2.8988525548127088e-004 	1.1126294759522860e-001
2.0000000000000000e+001 	1.1155576924605128e-001 	-2.8988514904346326e-004 	1.1126588409700781e-001
2.1600000000000001e+001 	1.1128683229315177e-001 	-2.8988498620476116e-004 	1.1099694730694704e-001
2.3199999999999999e+001 	1.1109425535525523e-001 	-2.8988478659519091e-004 	1.1080437056866005e-001
2.4800000000000001e+001 	1.1086131208152457e-001 	-2.8988457481500117e-004 	1.1057142750670959e-001
2.6399999999999999e+001 	1.1058800344869761e-001 	-2.8988437707187683e-004 	1.1029811907162575e-001
2.8000000000000000e+001 	1.1027469537396845e-001 	-2.8988421826789618e-004 	1.0998481115570055e-001
2.9600000000000001e+001 	1.0992209079300562e-001 	-2.8988411986375929e-004 	1.0963220667314187e-001
3.1199999999999999e+001 	1.0953119800344246e-001 	-2.8988409855008245e-004 	1.0924131390489235e-001
3.2800000000000004e+001 	1.0910329466061622e-001 	-2.8988416561184435e-004 	1.0881341049500437e-001
3.4399999999999999e+001 	1.0863988794102648e-001 	-2.8988432682366819e-004 	1.0835000361420279e-001
3.6000000000000000e+001 	1.0814267242484056e-001 	-2.8988458271696476e-004 	1.0785278784212361e-001
3.7600000000000001e+001 	1.0761348765763727e-001 	-2.8988492908561136e-004 	1.0732360272855163e-001
4.0800000000000004e+001 	1.0651538055543955e-001 	-2.8988583802498624e-004 	1.0622549471741458e-001
4.4000000000000000e+001 	1.0522293939996313e-001 	-2.8988695469695083e-004 	1.0493305244526616e-001
4.7199999999999996e+001 	1.0388841774442355e-001 	-2.8988815120026420e-004 	1.0359852959322326e-001
5.0399999999999999e+001 	1.0248128716039667e-001 	-2.8988928362412851e-004 	1.0219139787677253e-001
5.3600000000000001e+001 	1.0101579913965693e-001 	-2.8989020244325699e-004 	1.0072590893721371e-001
5.6800000000000004e+001 	9.9505001150501204e-002 	-2.8989075982793912e-004 	9.9215110390673308e-002
6.0000000000000000e+001 	9.7960578831307557e-002 	-2.8989081427394716e-004 	9.7670688017033588e-002
6.3200000000000003e+001 	9.6392819325364851e-002 	-2.8989023351977432e-004 	9.6102929091845063e-002
6.6400000000000006e+001 	9.4810653303756390e-002 	-2.8988889676393993e-004 	9.4520764406992502e-002
6.9599999999999994e+001 	9.3221744750659460e-002 	-2.8988669688323135e-004 	9.2931858053776240e-002
7.2799999999999997e+001 	9.1632606104809222e-002 	-2.8988354290932145e-004 	9.1342722561899889e-002
7.9200000000000003e+001 	8.8505429570243099e-002 	-2.8987406892550801e-004 	8.8215555501317544e-002
8.5599999999999994e+001 	8.5379469734404217e-002 	-2.8986028371832029e-004 	8.5089609450685874e-002
9.2000000000000000e+001 	8.2353343138295412e-002 	-2.8984222353608125e-004 	8.2063500914759294e-002
9.8400000000000006e+001 	7.9416763921893035e-002 	-2.8982012136704021e-004 	7.9126943800525998e-002
1.0480000000000001e+002 	7.6579583434207316e-002 	-2.8979428040901953e-004 	7.6289789153798318e-002
1.1119999999999999e+002 	7.3847401115503669e-002 	-2.8976488083265494e-004 	7.3557636234671001e-002
1.1759999999999999e+002 	7.1222689186106275e-002 	-2.8973176103419871e-004 	7.0932957425072107e-002
1.2400000000000000e+002 	6.8705688517755936e-002 	-2.8969422078394940e-004 	6.8415994296972010e-002
1.3039999999999998e+002 	6.6295083214962164e-002 	-2.8965087683849777e-004 	6.6005432338123643e-002
1.3680000000000001e+002 	6.3988494862795356e-002 	-2.8959958081247063e-004 	6.3698895281982887e-002
1.4319999999999999e+002 	6.1782839806482158e-002 	-2.8953739964611089e-004 	6.1493302406836071e-002
1.5600000000000000e+002 	5.7700330591786059e-002 	-2.8935874186439492e-004 	5.7410971849921659e-002
1.6880000000000001e+002 	5.3883634154818498e-002 	-2.8908165914211909e-004 	5.3594552495676372e-002
1.8160000000000002e+002 	5.0439581027142709e-002 	-2.8866761677138450e-004 	5.0150913410371312e-002
1.9439999999999998e+002 	4.7293026844974231e-002 	-2.8807770520035631e-004 	4.7004949139773849e-002
2.0719999999999999e+002 	4.4415771394685624e-002 	-2.8727662957941621e-004 	4.4128494765106226e-002
2.2000000000000000e+002 	4.1781646065935381e-002 	-2.8623556655803651e-004 	4.1495410499377355e-002
2.3280000000000001e+002 	3.9366750158909475e-002 	-2.8493381025339814e-004 	3.9081816348656082e-002
2.4560000000000002e+002 	3.7149470724845909e-002 	-2.8335933714784345e-004 	3.6866111387698054e-002
2.5840000000000003e+002 	3.5110384121201821e-002 	-2.8150851278109631e-004 	3.4828875608420719e-002
2.7119999999999999e+002 	3.3232098856612706e-002 	-2.7938519215206471e-004 	3.2952713664460641e-002
2.8400000000000000e+002 	3.1499074966714335e-002 	-2.7699946845794989e-004 	3.1222075498256376e-002
2.9680000000000001e+002 	2.9897439965791559e-002 	-2.7436629382544380e-004 	2.9623073671966114e-002
3.0959999999999997e+002 	2.8414812165685869e-002 	-2.7150413605398020e-004 	2.8143308029631883e-002
3.3519999999999999e+002 	2.5794564911092818e-002 	-2.6520651124180121e-004 	2.5529358399851008e-002
3.6080000000000001e+002 	2.3446904653752466e-002 	-2.5826202306520419e-004 	2.3188642630687272e-002
3.8640000000000003e+002 	2.1443115768438450e-002 	-2.5083383596654572e-004 	2.1192281932471916e-002
4.1200000000000000e+002 	1.9691838784616576e-002 	-2.4307560617416640e-004 	1.9448763178442414e-002
4.3759999999999997e+002 	1.8153012806261349e-002 	-2.3512277282205978e-004 	1.7917890033439285e-002
4.6319999999999999e+002 	1.6793801730456713e-002 	-2.2708957658537616e-004 	1.6566712153871347e-002
4.8880000000000001e+002 	1.5587283771228994e-002 	-2.1906944565889467e-004 	1.5368214325570098e-002
5.1439999999999998e+002 	1.4511304611553557e-002 	-2.1113670887565122e-004 	1.4300167902677904e-002
5.4000000000000000e+002 	1.3547539398757330e-002 	-2.0334871586669413e-004 	1.3344190682890635e-002
5.6560000000000002e+002 	1.2680744974623463e-002 	-1.9574817589352117e-004 	1.2484996798729943e-002
5.9119999999999993e+002 	1.1898168790940661e-002 	-1.8836559646475163e-004 	1.1709803194475905e-002
6.1680000000000007e+002 	1.1189081993685016e-002 	-1.8122161852351855e-004 	1.1007860375161497e-002
6.6800000000000000e+002 	9.9713515860091542e-003 	-1.6769862871533840e-004 	9.8036529572938201e-003
7.1919999999999993e+002 	8.9086488633243546e-003 	-1.5519936275317541e-004 	8.7534495005711817e-003
7.7039999999999998e+002 	8.0318505317004737e-003 	-1.4370664940789466e-004 	7.8881438822925778e-003
8.2160000000000002e+002 	7.2848332855574866e-003 	-1.3317430867050971e-004 	7.1516589768869793e-003
8.7280000000000007e+002 	6.6425447908975161e-003 	-1.2353865022569628e-004 	6.5190061406718196e-003
9.2400000000000000e+002 	6.0856213017164889e-003 	-1.1472805353852031e-004 	5.9708932481779692e-003
9.7519999999999993e+002 	5.5990107751087382e-003 	-1.0666938173231357e-004 	5.4923413933764247e-003
1.0264000000000001e+003 	5.1708995041056674e-003 	-9.9291775639352085e-005 	5.0716077284663156e-003
1.0775999999999999e+003 	4.7919136830782598e-003 	-9.2528741453485298e-005 	4.6993849416247738e-003
1.1288000000000000e+003 	4.4545340384426696e-003 	-8.6319185333559397e-005 	4.3682148531091116e-003
1.1800000000000000e+003 	4.1526664351000135e-003 	-8.0607778121441788e-005 	4.0720586569785704e-003
1.2824000000000001e+003 	3.6420669124708708e-003 	-7.0431370659812187e-005 	3.5716355418110579e-003
1.3848000000000000e+003 	3.2042519222335235e-003 	-6.1721543359764423e-005 	3.1425303788737598e-003
1.4872000000000000e+003 	2.8496875401358788e-003 	-5.4232496710936601e-005 	2.7954550434249425e-003
1.5895999999999999e+003 	2.5522188171152775e-003 	-4.7757596047452460e-005 	2.5044612210678250e-003
1.6920000000000000e+003 	2.2999698043404933e-003 	-4.2127175137950209e-005 	2.2578426292025429e-003
1.7944000000000001e+003 	2.0840212706844529e-003 	-3.7205781640668247e-005 	2.0468154890437846e-003
1.8968000000000000e+003 	1.8976054314446419e-003 	-3.2886339928441898e-005 	1.8647190915162004e-003
1.9992000000000000e+003 	1.7355120917941121e-003 	-2.9083123917906646e-005 	1.7064289678762052e-003
2.1015999999999999e+003 	1.5936679977776905e-003 	-2.5726135554272370e-005 	1.5679418622234177e-003
2.2040000000000000e+003 	1.4688417362915842e-003 	-2.2757289997647501e-005 	1.4460844462939363e-003
2.3064000000000001e+003 	1.3584355259741445e-003 	-2.0127799516346556e-005 	1.3383077264577975e-003
2.5112000000000003e+003 	1.1745959449069828e-003 	-1.5678904644803591e-005 	1.1589170402621788e-003
2.7160000000000000e+003 	1.0204332485426783e-003 	-1.2169033132313723e-005 	1.0082642154103645e-003
2.9207999999999997e+003 	8.9859139318143729e-004 	-9.4108237274673292e-006 	8.8918056945396981e-004
3.1255999999999999e+003 	7.9872275036205111e-004 	-7.2420043353117924e-006 	7.9148074602673952e-004
3.3304000000000001e+003 	7.1590659899112654e-004 	-5.5339679400977875e-006 	7.1037263105102851e-004
3.5352000000000003e+003 	6.4647800019180070e-004 	-4.1888879477592543e-006 	6.4228911224404142e-004
3.7400000000000000e+003 	5.8768596091460928e-004 	-3.1310107413918528e-006 	5.8455495017321727e-004
3.9447999999999997e+003 	5.3744122293920751e-004 	-2.3003606557112211e-006 	5.3514086228349626e-004
4.1496000000000004e+003 	4.9413702980328350e-004 	-1.6492161504315823e-006 	4.9248781365285191e-004
4.3543999999999996e+003 	4.5652273577675436e-004 	-1.1397288285407507e-006 	4.5538300694821339e-004
4.5591999999999998e+003 	4.2361410190967319e-004 	-7.4197713303074010e-007 	4.2287212477664244e-004
4.7640000000000000e+003 	3.9462881569793910e-004 	-4.3234052144307860e-007 	3.9419647517649606e-004
4.9688000000000002e+003 	3.6893945735716173e-004 	-1.9217927307079242e-007 	3.6874727808409080e-004
5.3783999999999996e+003 	3.2597710881175819e-004 	1.5334432677070831e-007 	3.2613045313852897e-004
5.7880000000000000e+003 	2.8947731952916821e-004 	3.5068759523436119e-007 	2.8982800712440258e-004
6.1976000000000004e+003 	2.6022336994346233e-004 	4.5340968789383905e-007 	2.6067677963135627e-004
6.6071999999999998e+003 	2.3578927601893482e-004 	5.0153335308464321e-007 	2.3629080937201950e-004
7.0168000000000002e+003 	2.1508245349694921e-004 	5.1784222443166864e-007 	2.1560029572138085e-004
7.4264000000000005e+003 	1.9730781815070251e-004 	5.1519007885878941e-007 	1.9782300822956123e-004
7.8360000000000000e+003 	1.8188085205739194e-004 	5.0159742923384386e-007 	1.8238244948662582e-004
8.2456000000000004e+003 	1.6836485030767906e-004 	4.8216939639274203e-007 	1.6884701970407178e-004
8.6552000000000007e+003 	1.5642751599571059e-004 	4.6002740834553607e-007 	1.5688754340405619e-004
9.0647999999999993e+003 	1.4581132907085680e-004 	4.3699612023681465e-007 	1.4624832519109364e-004
9.4743999999999996e+003 	1.3631326483894081e-004 	4.1410151120226968e-007 	1.3672736635014302e-004
1.0293600000000000e+004 	1.2031379264157159e-004 	3.7460723990067860e-007 	1.2068839988147223e-004
1.1112799999999999e+004 	1.0640579000843285e-004 	3.3303527676815950e-007 	1.0673882528520098e-004
1.1932000000000000e+004 	9.5174673822840658e-005 	2.9576855155710881e-007 	9.5470442374397766e-005
1.2751200000000001e+004 	8.5716695981323900e-005 	2.6446652431507357e-007 	8.5981162505638966e-005
1.3570400000000000e+004 	7.7663749362250588e-005 	2.3736201942401399e-007 	7.7901111381674593e-005
1.4389600000000000e+004 	7.0740077901137503e-005 	2.1332231594507980e-007 	7.0953400217082561e-005
1.5208799999999999e+004 	6.4736465426724747e-005 	1.9192367376538506e-007 	6.4928389100490135e-005
1.6027999999999998e+004 	5.9491647308693697e-005 	1.7291480679055188e-007 	5.9664562115484256e-005
1.6847200000000001e+004 	5.4879349512353840e-005 	1.5605572583601753e-007 	5.5035405238189871e-005
1.7666399999999998e+004 	5.0799270835613687e-005 	1.4111511611991054e-007 	5.0940385951733589e-005
1.8485600000000002e+004 	4.7170731080243291e-005 	1.2788125586879482e-007 	4.7298612336112087e-005
2.0124000000000000e+004 	4.1127779517571241e-005 	1.0732950200294429e-007 	4.1235109019574198e-005
2.1762399999999998e+004 	3.5912919054211645e-005 	8.8157649456955824e-008 	3.6001076703668600e-005
2.3400799999999999e+004 	3.1772972738470312e-005 	7.3948245789406103e-008 	3.1846920984259715e-005
2.5039200000000001e+004 	2.8333098853264199e-005 	6.3464710851348845e-008 	2.8396563564115548e-005
2.6677600000000002e+004 	2.5441489336234435e-005 	5.5255112179920436e-008 	2.5496744448414363e-005
2.8316000000000000e+004 	2.2985076773184931e-005 	4.8727420606124308e-008 	2.3033804193791056e-005
-2250 0
-2.2500000000000000e+003 0.0000000000000000e+000 0.0000000000000000e+000
1
1 1 1 1
1
         t, ms                         dVp, mV                         dVs, mV                         dV, mV
5.0000000000000000e-001 	2.9778777829741677e-002 	-6.5933352879513093e-006 	2.9772184494453714e-002
5.9999999999999998e-001 	2.9822024013099517e-002 	-6.5933352225611400e-006 	2.9815430677876960e-002
6.9999999999999996e-001 	2.9850451038476545e-002 	-6.5933348454278204e-006 	2.9843857703631134e-002
8.0000000000000004e-001 	2.9872836331898543e-002 	-6.5933342864501033e-006 	2.9866242997612098e-002
9.0000000000000002e-001 	2.9891773685178875e-002 	-6.5933337593229552e-006 	2.9885180351419554e-002
1.0000000000000000e+000 	2.9908259183563077e-002 	-6.5933334576404829e-006 	2.9901665850105431e-002
1.1000000000000001e+000 	2.9922822084675203e-002 	-6.5933334915899556e-006 	2.9916228751183598e-002
1.2000000000000000e+000 	2.9935815254334863e-002 	-6.5933338722183838e-006 	2.9929221920462660e-002
1.3000000000000000e+000 	2.9947500604848406e-002 	-6.5933345291399174e-006 	2.9940907270319259e-002
1.3999999999999999e+000 	2.9958081673287291e-002 	-6.5933353433047566e-006 	2.9951488337943987e-002
1.6000000000000001e+000 	3.0309774361488961e-002 	-6.5933368034756698e-006 	3.0303181024685488e-002
1.8000000000000000e+000 	2.9992433283049100e-002 	-6.5933376365801487e-006 	2.9985839945412519e-002
2.0000000000000000e+000 	3.0005932052139316e-002 	-6.5933375453852147e-006 	2.9999338714593926e-002
2.2000000000000002e+000 	3.0017669441384055e-002 	-6.5933365783208175e-006 	3.0011076104805724e-002
2.3999999999999999e+000 	3.0027999937138408e-002 	-6.5933350200035241e-006 	3.0021406602118404e-002
2.6000000000000001e+000 	3.0037187131382682e-002 	-6.5933332449392333e-006 	3.0030593798137748e-002
2.7999999999999998e+000 	3.0045430003935926e-002 	-6.5933315954640855e-006 	3.0038836672340464e-002
3.0000000000000000e+000 	3.0052881603940113e-002 	-6.5933303089742466e-006 	3.0046288273631126e-002
3.2000000000000002e+000 	3.0059661863119293e-002 	-6.5933294943618869e-006 	3.0053068533624935e-002
3.3999999999999999e+000 	3.0065866354826637e-002 	-6.5933291448569414e-006 	3.0059273025681781e-002
3.6000000000000001e+000 	3.0071572362510113e-002 	-6.5933291712189852e-006 	3.0064979033338889e-002
4.0000000000000000e+000 	3.0203702218820270e-002 	-6.5933296842964384e-006 	3.0197108889135967e-002
4.4000000000000004e+000 	3.0090641191460647e-002 	-6.5933303346084519e-006 	3.0084047861126045e-002
4.7999999999999998e+000 	3.0098396018530458e-002 	-6.5933308114727715e-006 	3.0091802687718966e-002
5.2000000000000002e+000 	3.0105281246514338e-002 	-6.5933313053779126e-006 	3.0098687915208949e-002
5.5999999999999996e+000 	3.0111482264924133e-002 	-6.5933323921476004e-006 	3.0104888932531992e-002
6.0000000000000000e+000 	3.0117154741492118e-002 	-6.5933347968962215e-006 	3.0110561406695217e-002
6.4000000000000004e+000 	3.0122430372074398e-002 	-6.5933391405344754e-006 	3.0115837032933860e-002
6.7999999999999998e+000 	3.0127419098037275e-002 	-6.5933457402375423e-006 	3.0120825752297048e-002
7.2000000000000002e+000 	3.0132209531307508e-002 	-6.5933544979930918e-006 	3.0125616176809526e-002
7.5999999999999996e+000 	3.0136869098691826e-002 	-6.5933648807234025e-006 	3.0130275733811107e-002
8.0000000000000000e+000 	3.0141444793757258e-002 	-6.5933759760921686e-006 	3.0134851417781158e-002
8.8000000000000007e+000 	3.0217026328954653e-002 	-6.5933938007956322e-006 	3.0210432935153870e-002
9.5999999999999996e+000 	3.0159201039687170e-002 	-6.5933995045244304e-006 	3.0152607640182644e-002
1.0400000000000000e+001 	3.0167619312134960e-002 	-6.5933859686451699e-006 	3.0161025926166318e-002
1.1199999999999999e+001 	3.0175517733733628e-002 	-6.5933495030695073e-006 	3.0168924384230557e-002
1.2000000000000000e+001 	3.0182687982847560e-002 	-6.5932907434668837e-006 	3.0176094692104083e-002
1.2800000000000001e+001 	3.0188925811829390e-002 	-6.5932144972111503e-006 	3.0182332597332179e-002
1.3600000000000000e+001 	3.0194052699062095e-002 	-6.5931288262425959e-006 	3.0187459570235865e-002
1.4400000000000000e+001 	3.0197926391363365e-002 	-6.5930437190455205e-006 	3.0191333347644320e-002
1.5199999999999999e+001 	3.0200443506732448e-002 	-6.5929696738754821e-006 	3.0193850537058579e-002
1.6000000000000000e+001 	3.0201537309383273e-002 	-6.5929164319432627e-006 	3.0194944392951333e-002
1.6800000000000001e+001 	3.0201173056660535e-002 	-6.5928920015607783e-006 	3.0194580164658980e-002
1.7600000000000001e+001 	3.0199342509409359e-002 	-6.5929020276276530e-006 	3.0192749607381740e-002
1.8399999999999999e+001 	3.0196058535600378e-002 	-6.5929494968879023e-006 	3.0189465586103487e-002
2.0000000000000000e+001 	3.0222014075316685e-002 	-6.5931503027058700e-006 	3.0215420925013971e-002
2.1600000000000001e+001 	3.0169308809636908e-002 	-6.5934667084599893e-006 	3.0162715342928446e-002
2.3199999999999999e+001 	3.0148447587028900e-002 	-6.5938526662324857e-006 	3.0141853734362671e-002
2.4800000000000001e+001 	3.0123215919046830e-002 	-6.5942522234739367e-006 	3.0116621666823350e-002
2.6399999999999999e+001 	3.0094099247000874e-002 	-6.5946088478580858e-006 	3.0087504638153025e-002
2.8000000000000000e+001 	3.0061567695707291e-002 	-6.5948731381247475e-006 	3.0054972822569186e-002
2.9600000000000001e+001 	3.0026060454904600e-002 	-6.5950079267143322e-006 	3.0019465446977887e-002
3.1199999999999999e+001 	2.9987976687651199e-002 	-6.5949907188365619e-006 	2.9981381696932357e-002
3.2800000000000004e+001 	2.9947671036090515e-002 	-6.5948139078231615e-006 	2.9941076222182703e-002
3.4399999999999999e+001 	2.9905452271092217e-002 	-6.5944833943171383e-006 	2.9898857787697890e-002
3.6000000000000000e+001 	2.9861584058564636e-002 	-6.5940162357962351e-006 	2.9854990042328836e-002
3.7600000000000001e+001 	2.9816287129573855e-002 	-6.5934378544420594e-006 	2.9809693691719399e-002
4.0800000000000004e+001 	2.9737261903631587e-002 	-6.5921178792562242e-006 	2.9730669785752332e-002
4.4000000000000000e+001 	2.9624133857244234e-002 	-6.5907546274752892e-006 	2.9617543102616762e-002
4.7199999999999996e+001 	2.9522502478383995e-002 	-6.5895753595824576e-006 	2.9515912903024404e-002
5.0399999999999999e+001 	2.9417635088028291e-002 	-6.5887666577540304e-006 	2.9411046321370541e-002
5.3600000000000001e+001 	2.9309601936791888e-002 	-6.5884557113963458e-006 	2.9303013481080494e-002
5.6800000000000004e+001 	2.9198328807018926e-002 	-6.5887047939740608e-006 	2.9191740102224951e-002
6.0000000000000000e+001 	2.9083659470263666e-002 	-6.5895148911057267e-006 	2.9077069955372559e-002
6.3200000000000003e+001 	2.8965405399698843e-002 	-6.5908349369544386e-006 	2.8958814564761869e-002
6.6400000000000006e+001 	2.8843381911861088e-002 	-6.5925737937988185e-006 	2.8836789338067298e-002
6.9599999999999994e+001 	2.8717432210348962e-002 	-6.5946128411674159e-006 	2.8710837597507782e-002
7.2799999999999997e+001 	2.8587441592652672e-002 	-6.5968177005196491e-006 	2.8580844774952149e-002
7.9200000000000003e+001 	2.8321733218813157e-002 	-6.6009953159090875e-006 	2.8315132223497245e-002
8.5599999999999994e+001 	2.8026781192920038e-002 	-6.6041982061326334e-006 	2.8020176994713906e-002
9.2000000000000000e+001 	2.7723011709829222e-002 	-6.6055610321699724e-006 	2.7716406148797064e-002
9.8400000000000006e+001 	2.7405020525746431e-002 	-6.6043359825662329e-006 	2.7398416189763863e-002
1.0480000000000001e+002 	2.7074282422932999e-002 	-6.5999039563594804e-006 	2.7067682518976639e-002
1.1119999999999999e+002 	2.6732453923226485e-002 	-6.5917634913944657e-006 	2.6725862159735086e-002
1.1759999999999999e+002 	2.6381261389162136e-002 	-6.5795240947035310e-006 	2.6374681865067445e-002
1.2400000000000000e+002 	2.6022415839953305e-002 	-6.5629191544240367e-006 	2.6015852920798888e-002
1.3039999999999998e+002 	2.5657554144730602e-002 	-6.5418371428435906e-006 	2.5651012307587751e-002
1.3680000000000001e+002 	2.5288202494705030e-002 	-6.5163580568834353e-006 	2.5281686136648142e-002
1.4319999999999999e+002 	2.4915756970372585e-002 	-6.4867813176995884e-006 	2.4909270189054897e-002
1.5600000000000000e+002 	2.4176260918036374e-002 	-6.4189270486295906e-006 	2.4169841990987748e-002
1.6880000000000001e+002 	2.3420709003782882e-002 	-6.3448693110557494e-006 	2.3414364134471826e-002
1.8160000000000002e+002 	2.2680645928141771e-002 	-6.2733018090153514e-006 	2.2674372626332744e-002
1.9439999999999998e+002 	2.1952540075370109e-002 	-6.2139268021321519e-006 	2.1946326148567979e-002
2.0719999999999999e+002 	2.1240122271333633e-002 	-6.1763420648160338e-006 	2.1233945929268822e-002
2.2000000000000000e+002 	2.0546102383850660e-002 	-6.1691084213515855e-006 	2.0539933275429304e-002
2.3280000000000001e+002 	1.9872362959573817e-002 	-6.1991185982151900e-006 	1.9866163840975601e-002
2.4560000000000002e+002 	1.9220133208029639e-002 	-6.2712904525556283e-006 	1.9213861917577086e-002
2.5840000000000003e+002 	1.8590133691764953e-002 	-6.3885367060623203e-006 	1.8583745155058881e-002
2.7119999999999999e+002 	1.7982692543262801e-002 	-6.5519302598516608e-006 	1.7976140613002956e-002
2.8400000000000000e+002 	1.7397837345586656e-002 	-6.7609819138248289e-006 	1.7391076363672830e-002
2.9680000000000001e+002 	1.6835367320348304e-002 	-7.0139622535476986e-006 	1.6828353358094759e-002
3.0959999999999997e+002 	1.6294909967921486e-002 	-7.3082200235920786e-006 	1.6287601747897899e-002
3.3519999999999999e+002 	1.5289048219676079e-002 	-8.0020390171479591e-006 	1.5281046180658934e-002
3.6080000000000001e+002 	1.4339818448370588e-002 	-8.8159599865267896e-006 	1.4331002488384054e-002
3.8640000000000003e+002 	1.3477743376114923e-002 	-9.7213697219692475e-006 	1.3468022006392954e-002
4.1200000000000000e+002 	1.2685174941550040e-002 	-1.0690371849094310e-005 	1.2674484569700942e-002
4.3759999999999997e+002 	1.1956411021462740e-002 	-1.1697201068965778e-005 	1.1944713820393768e-002
4.6319999999999999e+002 	1.1285935782368505e-002 	-1.2719212977138044e-005 	1.1273216569391361e-002
4.8880000000000001e+002 	1.0668539918720375e-002 	-1.3737515534070951e-005 	1.0654802403186303e-002
5.1439999999999998e+002 	1.0099383972097564e-002 	-1.4736981953936858e-005 	1.0084646990143626e-002
5.4000000000000000e+002 	9.5740232144755008e-003 	-1.5705784377214570e-005 	9.5583174300982853e-003
5.6560000000000002e+002 	9.0884077867331593e-003 	-1.6634814008356495e-005 	9.0717729727247988e-003
5.9119999999999993e+002 	8.6388677757566652e-003 	-1.7517201416105547e-005 	8.6213505743405628e-003
6.1680000000000007e+002 	8.2220898219661793e-003 	-1.8347953726374818e-005 	8.2037418682398017e-003
6.6800000000000000e+002 	7.4842020319795307e-003 	-1.9840962504281266e-005 	7.4643610694752494e-003
7.1919999999999993e+002 	6.8208753111807163e-003 	-2.1106248888763271e-005 	6.7997690622919509e-003
7.7039999999999998e+002 	6.2531424054234680e-003 	-2.2144659484259469e-005 	6.2309977459392074e-003
8.2160000000000002e+002 	5.7554184499249688e-003 	-2.2964098292672252e-005 	5.7324543516322959e-003
8.7280000000000007e+002 	5.3166590631741487e-003 	-2.3577925934546387e-005 	5.2930811372395997e-003
9.2400000000000000e+002 	4.9278028125332631e-003 	-2.4003142647439315e-005 	4.9037996698858242e-003
9.7519999999999993e+002 	4.5814206008609921e-003 	-2.4258387489113337e-005 	4.5571622133718783e-003
1.0264000000000001e+003 	4.2714031019195986e-003 	-2.4362385626597296e-005 	4.2470407162930011e-003
1.0775999999999999e+003 	3.9927021308991031e-003 	-2.4333094449052321e-005 	3.9683690364500507e-003
1.1288000000000000e+003 	3.7411229990984853e-003 	-2.4187334791967916e-005 	3.7169356643065189e-003
1.1800000000000000e+003 	3.5131597630968774e-003 	-2.3940648549818221e-005 	3.4892191145470589e-003
1.2824000000000001e+003 	3.1213848944670669e-003 	-2.3213931571079252e-005 	3.0981709628959881e-003
1.3848000000000000e+003 	2.7795876078738090e-003 	-2.2235990540824900e-005 	2.7573516173329828e-003
1.4872000000000000e+003 	2.4972921589069860e-003 	-2.1084674039845111e-005 	2.4762074848671397e-003
1.5895999999999999e+003 	2.2567044024233806e-003 	-1.9823441497959983e-005 	2.2368809609254205e-003
1.6920000000000000e+003 	2.0498742533722027e-003 	-1.8501260318708326e-005 	2.0313729930534945e-003
1.7944000000000001e+003 	1.8706679495888684e-003 	-1.7156487110631687e-005 	1.8535114624782362e-003
1.8968000000000000e+003 	1.7143160069986643e-003 	-1.5819360846224495e-005 	1.6984966461524394e-003
1.9992000000000000e+003 	1.5770660013006397e-003 	-1.4513004358554567e-005 	1.5625529969420853e-003
2.1015999999999999e+003 	1.4559277607695219e-003 	-1.3254286224146540e-005 	1.4426734745453752e-003
2.2040000000000000e+003 	1.3484888593663067e-003 	-1.2054887198101901e-005 	1.3364339721682042e-003
2.3064000000000001e+003 	1.2527807303554664e-003 	-1.0922362915541529e-005 	1.2418583674399248e-003
2.5112000000000003e+003 	1.0920234345367205e-003 	-8.8673900648164097e-006 	1.0831560444719045e-003
2.7160000000000000e+003 	9.5579131588551132e-004 	-7.0996542442451885e-006 	9.4869166164126618e-004
2.9207999999999997e+003 	8.4690817924899266e-004 	-5.6105622493286927e-006 	8.4129761699966378e-004
3.1255999999999999e+003 	7.5682724561212434e-004 	-4.3718795025870828e-006 	7.5245536610953718e-004
3.3304000000000001e+003 	6.8151481445810559e-004 	-3.3509745798798224e-006 	6.7816383987822574e-004
3.5352000000000003e+003 	6.1792181644974051e-004 	-2.5174549206163829e-006 	6.1540436152912430e-004
3.7400000000000000e+003 	5.6372826375635724e-004 	-1.8431404965495318e-006 	5.6188512325980777e-004
3.9447999999999997e+003 	5.1715075937013315e-004 	-1.3019894338449731e-006 	5.1584876993628819e-004
4.1496000000000004e+003 	4.7680308748012626e-004 	-8.7071073608116107e-007 	4.7593237674404507e-004
4.3543999999999996e+003 	4.4159614652996806e-004 	-5.2917947912768211e-007 	4.4106696705084033e-004
4.5591999999999998e+003 	4.1066576019279131e-004 	-2.6042802770168066e-007 	4.1040533216508973e-004
4.7640000000000000e+003 	3.8332001972495440e-004 	-5.0375282571226734e-008 	3.8326964444238335e-004
4.9688000000000002e+003 	3.5900037182954111e-004 	1.1254219472490115e-007 	3.5911291402426592e-004
5.3783999999999996e+003 	3.1815103608113100e-004 	3.4619551569926778e-007 	3.1849723159683031e-004
5.7880000000000000e+003 	2.8329225006783020e-004 	4.7497752916052568e-007 	2.8376722759699072e-004
6.1976000000000004e+003 	2.5520301721065463e-004 	5.3605761103984042e-007 	2.5573907482169447e-004
6.6071999999999998e+003 	2.3164608298945793e-004 	5.5858677544369706e-007 	2.3220466976490162e-004
7.0168000000000002e+003 	2.1161428655815006e-004 	5.5887358715157460e-007 	2.1217316014530166e-004
7.4264000000000005e+003 	1.9436973041609006e-004 	5.4599025811182727e-007 	1.9491572067420197e-004
7.8360000000000000e+003 	1.7936652966171868e-004 	5.2570682477304449e-007 	1.7989223648649178e-004
8.2456000000000004e+003 	1.6619455371513062e-004 	5.0177705464777352e-007 	1.6669633076977835e-004
8.6552000000000007e+003 	1.5454019674262311e-004 	4.7651003070860614e-007 	1.5501670677333168e-004
9.0647999999999993e+003 	1.4415939352093899e-004 	4.5123910278000388e-007 	1.4461063262371902e-004
9.4743999999999996e+003 	1.3485902139783335e-004 	4.2668883531144483e-007 	1.3528571023314477e-004
1.0293600000000000e+004 	1.1916310062999016e-004 	3.8471451202963378e-007 	1.1954781514201980e-004
1.1112799999999999e+004 	1.0550067929956560e-004 	3.4174031248889546e-007 	1.0584241961205446e-004
1.1932000000000000e+004 	9.4443240622250563e-005 	3.0356129176199520e-007 	9.4746801914012533e-005
1.2751200000000001e+004 	8.5117331666053852e-005 	2.7156375974683775e-007 	8.5388895425800689e-005
1.3570400000000000e+004 	7.7166655536650718e-005 	2.4391095090374770e-007 	7.7410566487554462e-005
1.4389600000000000e+004 	7.0323490314938293e-005 	2.1943231132235934e-007 	7.0542922626260645e-005
1.5208799999999999e+004 	6.4384164345248021e-005 	1.9767158990607119e-007 	6.4581835935154103e-005
1.6027999999999998e+004 	5.9191318830692536e-005 	1.7835448503112375e-007 	5.9369673315723645e-005
1.6847200000000001e+004 	5.4621491842699534e-005 	1.6122619543097749e-007 	5.4782718038130505e-005
1.7666399999999998e+004 	5.0576448541654575e-005 	1.4604569318167772e-007 	5.0722494234836264e-005
1.8485600000000002e+004 	4.6977054640969437e-005 	1.3259453636392235e-007 	4.7109649177333369e-005
2.0124000000000000e+004 	4.0978017035875870e-005 	1.1163653180349808e-007 	4.1089653567679359e-005
2.1762399999999998e+004 	3.5798385260860003e-005 	9.2147665268461575e-008 	3.5890532926128463e-005
2.3400799999999999e+004 	3.1682578259016645e-005 	7.7639920390873624e-008 	3.1760218179407511e-005
2.5039200000000001e+004 	2.8260630266537738e-005 	6.6875946228652731e-008 	2.8327506212766402e-005
2.6677600000000002e+004 	2.5382589199971919e-005 	5.8410353116636571e-008 	2.5440999553088567e-005
2.8316000000000000e+004 	2.2936632357119310e-005 	5.1649231681177946e-008 	2.2988281588800482e-005
