-1300 0
-1.3000000000000000e+003 0.0000000000000000e+000 0.0000000000000000e+000
1
1 1 1 1
1
         t, ms                         dVp, mV                         dVs, mV                         dV, mV
5.0000000000000000e-001 	1.3769920912653322e-001 	-2.7919397774235828e-004 	1.3742001514879082e-001
5.9999999999999998e-001 	1.3787825850265056e-001 	-2.7919397770410264e-004 	1.3759906452494650e-001
6.9999999999999996e-001 	1.3799595432713008e-001 	-2.7919397754194714e-004 	1.3771676034958805e-001
8.0000000000000004e-001 	1.3808863565248539e-001 	-2.7919397731701666e-004 	1.3780944167516831e-001
9.0000000000000002e-001 	1.3816704122713558e-001 	-2.7919397711993901e-004 	1.3788784725001565e-001
1.0000000000000000e+000 	1.3823529517360197e-001 	-2.7919397702656377e-004 	1.3795610119657539e-001
1.1000000000000001e+000 	1.3829558884805768e-001 	-2.7919397707358378e-004 	1.3801639487098408e-001
1.2000000000000000e+000 	1.3834938327918481e-001 	-2.7919397725530040e-004 	1.3807018930192960e-001
1.3000000000000000e+000 	1.3839776290739678e-001 	-2.7919397753409188e-004 	1.3811856892986268e-001
1.3999999999999999e+000 	1.3844157045676983e-001 	-2.7919397785603503e-004 	1.3816237647891375e-001
1.6000000000000001e+000 	1.3989755019818600e-001 	-2.7919397837626548e-004 	1.3961835621980964e-001
1.8000000000000000e+000 	1.3858379153178460e-001 	-2.7919397860063933e-004 	1.3830459755318403e-001
2.0000000000000000e+000 	1.3863967815284303e-001 	-2.7919397845827275e-004 	1.3836048417438471e-001
2.2000000000000002e+000 	1.3868827223113975e-001 	-2.7919397801305353e-004 	1.3840907825312659e-001
2.3999999999999999e+000 	1.3873104144821694e-001 	-2.7919397740463667e-004 	1.3845184747081238e-001
2.6000000000000001e+000 	1.3876907715091424e-001 	-2.7919397678478479e-004 	1.3848988317412947e-001
2.7999999999999998e+000 	1.3880320316912900e-001 	-2.7919397627224410e-004 	1.3852400919285682e-001
3.0000000000000000e+000 	1.3883405316390060e-001 	-2.7919397593224984e-004 	1.3855485918796831e-001
3.2000000000000002e+000 	1.3886212368297765e-001 	-2.7919397577659267e-004 	1.3858292970720104e-001
3.3999999999999999e+000 	1.3888781042267193e-001 	-2.7919397577631257e-004 	1.3860861644689557e-001
3.6000000000000001e+000 	1.3891143335596151e-001 	-2.7919397587931188e-004 	1.3863223938008218e-001
4.0000000000000000e+000 	1.3945843954760276e-001 	-2.7919397612658365e-004 	1.3917924557147615e-001
4.4000000000000004e+000 	1.3899037803179046e-001 	-2.7919397628985729e-004 	1.3871118405550056e-001
4.7999999999999998e+000 	1.3902248247566035e-001 	-2.7919397631730392e-004 	1.3874328849934300e-001
5.2000000000000002e+000 	1.3905098587267153e-001 	-2.7919397633606485e-004 	1.3877179189633546e-001
5.5999999999999996e+000 	1.3907665421686238e-001 	-2.7919397658243103e-004 	1.3879746024027997e-001
6.0000000000000000e+000 	1.3910012894303425e-001 	-2.7919397731086186e-004 	1.3882093496572351e-001
6.4000000000000004e+000 	1.3912195005230205e-001 	-2.7919397871574279e-004 	1.3884275607358634e-001
6.7999999999999998e+000 	1.3914256461392532e-001 	-2.7919398088168480e-004 	1.3886337063304363e-001
7.2000000000000002e+000 	1.3916232791837507e-001 	-2.7919398376435980e-004 	1.3888313393461083e-001
7.5999999999999996e+000 	1.3918150362324427e-001 	-2.7919398719606394e-004 	1.3890230963604816e-001
8.0000000000000000e+000 	1.3920026660612861e-001 	-2.7919399090751518e-004 	1.3892107261522113e-001
8.8000000000000007e+000 	1.3951242522536117e-001 	-2.7919399727985772e-004 	1.3923323122808132e-001
9.5999999999999996e+000 	1.3927175123626853e-001 	-2.7919400032424012e-004 	1.3899255723594434e-001
1.0400000000000000e+001 	1.3930436861618972e-001 	-2.7919399763943570e-004 	1.3902517461855035e-001
1.1199999999999999e+001 	1.3933361134116715e-001 	-2.7919398751809275e-004 	1.3905441735364904e-001
1.2000000000000000e+001 	1.3935827953749239e-001 	-2.7919396926543057e-004 	1.3907908556822687e-001
1.2800000000000001e+001 	1.3937717955791648e-001 	-2.7919394332633388e-004 	1.3909798561459014e-001
1.3600000000000000e+001 	1.3938922167356516e-001 	-2.7919391125206221e-004 	1.3911002776231307e-001
1.4400000000000000e+001 	1.3939346860463742e-001 	-2.7919387554325737e-004 	1.3911427472909407e-001
1.5199999999999999e+001 	1.3938914866909588e-001 	-2.7919383940768860e-004 	1.3910995482968819e-001
1.6000000000000000e+001 	1.3937564733372387e-001 	-2.7919380646995544e-004 	1.3909645352725392e-001
1.6800000000000001e+001 	1.3935248797732119e-001 	-2.7919378046691159e-004 	1.3907329419685424e-001
1.7600000000000001e+001 	1.3931930914762228e-001 	-2.7919376495731479e-004 	1.3904011538266492e-001
1.8399999999999999e+001 	1.3927584259768774e-001 	-2.7919376306761057e-004 	1.3899664883462010e-001
2.0000000000000000e+001 	1.3930770253775615e-001 	-2.7919381034144543e-004 	1.3902850872741462e-001
2.1600000000000001e+001 	1.3899591727027588e-001 	-2.7919392753303444e-004 	1.3871672334274288e-001
2.3199999999999999e+001 	1.3879172014177943e-001 	-2.7919410994034570e-004 	1.3851252603183906e-001
2.4800000000000001e+001 	1.3854474858380092e-001 	-2.7919434247792663e-004 	1.3826555424132303e-001
2.6399999999999999e+001 	1.3825549109375063e-001 	-2.7919460163277162e-004 	1.3797629649211779e-001
2.8000000000000000e+001 	1.3792474410358518e-001 	-2.7919485855842815e-004 	1.3764554924502675e-001
2.9600000000000001e+001 	1.3755357419332501e-001 	-2.7919508246829786e-004 	1.3727437911085674e-001
3.1199999999999999e+001 	1.3714328437144294e-001 	-2.7919524376848894e-004 	1.3686408912767442e-001
3.2800000000000004e+001 	1.3669538091795394e-001 	-2.7919531660133183e-004 	1.3641618560135257e-001
3.4399999999999999e+001 	1.3621153919857548e-001 	-2.7919528065934357e-004 	1.3593234391791614e-001
3.6000000000000000e+001 	1.3569356856396006e-001 	-2.7919512226845869e-004 	1.3541437344169158e-001
3.7600000000000001e+001 	1.3514337736830914e-001 	-2.7919483482697412e-004 	1.3486418253348206e-001
4.0800000000000004e+001 	1.3401661336661252e-001 	-2.7919389743235440e-004 	1.3373741946918014e-001
4.4000000000000000e+001 	1.3266629565612656e-001 	-2.7919255614881243e-004 	1.3238710309997770e-001
4.7199999999999996e+001 	1.3128644287743971e-001 	-2.7919095854753590e-004 	1.3100725191889212e-001
5.0399999999999999e+001 	1.2983192452155309e-001 	-2.7918929484932318e-004 	1.2955273522670369e-001
5.3600000000000001e+001 	1.2831636417848524e-001 	-2.7918777586869239e-004 	1.2803717640261655e-001
5.6800000000000004e+001 	1.2675217096222716e-001 	-2.7918661173624169e-004 	1.2647298435049095e-001
6.0000000000000000e+001 	1.2515043174206367e-001 	-2.7918599456365993e-004 	1.2487124574750007e-001
6.3200000000000003e+001 	1.2352090723049600e-001 	-2.7918608662458170e-004 	1.2324172114387134e-001
6.6400000000000006e+001 	1.2187209240624346e-001 	-2.7918701443344855e-004 	1.2159290539180999e-001
6.9599999999999994e+001 	1.2021131377944906e-001 	-2.7918886816325199e-004 	1.1993212491128581e-001
7.2799999999999997e+001 	1.1854484424355025e-001 	-2.7919170517309085e-004 	1.1826565253837713e-001
7.9200000000000003e+001 	1.1525185570749279e-001 	-2.7920043243596763e-004 	1.1497265527505680e-001
8.5599999999999994e+001 	1.1192633069260394e-001 	-2.7921319734068535e-004 	1.1164711749526327e-001
9.2000000000000000e+001 	1.0868481584650318e-001 	-2.7922988171034523e-004 	1.0840558596479286e-001
9.8400000000000006e+001 	1.0551263737150307e-001 	-2.7925023473678463e-004 	1.0523338713676633e-001
1.0480000000000001e+002 	1.0242140184310689e-001 	-2.7927381484962161e-004 	1.0214212802825730e-001
1.1119999999999999e+002 	9.9418700739927979e-002 	-2.7929987934194425e-004 	9.9139400860586077e-002
1.1759999999999999e+002 	9.6509090234606507e-002 	-2.7932725469112583e-004 	9.6229762979915409e-002
1.2400000000000000e+002 	9.3694880993625357e-002 	-2.7935423485891232e-004 	9.3415526758766410e-002
1.3039999999999998e+002 	9.0976741668960595e-002 	-2.7937853166154746e-004 	9.0697363137299050e-002
1.3680000000000001e+002 	8.8354149947198368e-002 	-2.7939727411651011e-004 	8.8074752673081846e-002
1.4319999999999999e+002 	8.5825727205990257e-002 	-2.7940704600917533e-004 	8.5546320159981065e-002
1.5600000000000000e+002 	8.1092225655219577e-002 	-2.7937782572524635e-004 	8.0812847829494314e-002
1.6880000000000001e+002 	7.6599555425315741e-002 	-2.7925960270785765e-004 	7.6320295822607895e-002
1.8160000000000002e+002 	7.2483849905264588e-002 	-2.7901808292846430e-004 	7.2204831822336155e-002
1.9439999999999998e+002 	6.8669154033012741e-002 	-2.7862005467109516e-004 	6.8390533978341661e-002
2.0719999999999999e+002 	6.5132219354351692e-002 	-2.7803631173065101e-004 	6.4854183042621069e-002
2.2000000000000000e+002 	6.1850617973351341e-002 	-2.7724355557767863e-004 	6.1573374417773656e-002
2.3280000000000001e+002 	5.8803199214490051e-002 	-2.7622537541544835e-004 	5.8526973839074591e-002
2.4560000000000002e+002 	5.5970309549494307e-002 	-2.7497247355195449e-004 	5.5695337075942375e-002
2.5840000000000003e+002 	5.3333861850904343e-002 	-2.7348231228715162e-004 	5.3060379538617211e-002
2.7119999999999999e+002 	5.0877313896035253e-002 	-2.7175835141259849e-004 	5.0605555544622649e-002
2.8400000000000000e+002 	4.8585595741153710e-002 	-2.6980904585487570e-004 	4.8315786695298853e-002
2.9680000000000001e+002 	4.6445011110516222e-002 	-2.6764675785770559e-004 	4.6177364352658498e-002
3.0959999999999997e+002 	4.4443128215189968e-002 	-2.6528670008904522e-004 	4.4177841515100950e-002
3.3519999999999999e+002 	4.0853070909402017e-002 	-2.6006699990110548e-004 	4.0593003909500915e-002
3.6080000000000001e+002 	3.7587271489549275e-002 	-2.5427858744358513e-004 	3.7332992902105684e-002
3.8640000000000003e+002 	3.4746586483205999e-002 	-2.4805712491412981e-004 	3.4498529358291848e-002
4.1200000000000000e+002 	3.2223786630278591e-002 	-2.4153065349548497e-004 	3.1982255976783100e-002
4.3759999999999997e+002 	2.9973920481111138e-002 	-2.3481190378143660e-004 	2.9739108577329705e-002
4.6319999999999999e+002 	2.7959269213974253e-002 	-2.2799593410120927e-004 	2.7731273279873032e-002
4.8880000000000001e+002 	2.6148196935752852e-002 	-2.2116086110613624e-004 	2.5927036074646713e-002
5.1439999999999998e+002 	2.4514099725045476e-002 	-2.1436939178098383e-004 	2.4299730333264498e-002
5.4000000000000000e+002 	2.3034517377017460e-002 	-2.0767036151679853e-004 	2.2826847015500664e-002
5.6560000000000002e+002 	2.1690404424681845e-002 	-2.0110043340782708e-004 	2.1489303991274016e-002
5.9119999999999993e+002 	2.0465538087081160e-002 	-1.9468603420923827e-004 	2.0270852052871918e-002
6.1680000000000007e+002 	1.9346038448570510e-002 	-1.8844532653098593e-004 	1.9157593122039521e-002
6.6800000000000000e+002 	1.7400875817396140e-002 	-1.7653172409575003e-004 	1.7224344093300391e-002
7.1919999999999993e+002 	1.5683557097532757e-002 	-1.6538492214518094e-004 	1.5518172175387574e-002
7.7039999999999998e+002 	1.4245775867942493e-002 	-1.5500002559568548e-004 	1.4090775842346800e-002
8.2160000000000002e+002 	1.3006486784245787e-002 	-1.4534819450737229e-004 	1.2861138589738414e-002
8.7280000000000007e+002 	1.1929896440180937e-002 	-1.3638656936253404e-004 	1.1793509870818406e-002
9.2400000000000000e+002 	1.0987802691727867e-002 	-1.2806625425044478e-004 	1.0859736437477419e-002
9.7519999999999993e+002 	1.0157889486133213e-002 	-1.2033697379856823e-004 	1.0037552512334640e-002
1.0264000000000001e+003 	9.4223574212589922e-003 	-1.1314954414180527e-004 	9.3092078771171913e-003
1.0775999999999999e+003 	8.7668783517863193e-003 	-1.0645731642633098e-004 	8.6604210353599855e-003
1.1288000000000000e+003 	8.1798105272398586e-003 	-1.0021703138823443e-004 	8.0795934958516214e-003
1.1800000000000000e+003 	7.6516101549755399e-003 	-9.4389209885302410e-005 	7.5572209450902369e-003
1.2824000000000001e+003 	6.7518608918597693e-003 	-8.3789719824998497e-005 	6.6680711720347730e-003
1.3848000000000000e+003 	5.9743727350051682e-003 	-7.4457375405906836e-005 	5.8999153595992596e-003
1.4872000000000000e+003 	5.3391147352927224e-003 	-6.6214917241642774e-005 	5.2728998180510819e-003
1.5895999999999999e+003 	4.8023209213488129e-003 	-5.8908553056245764e-005 	4.7434123682925681e-003
1.6920000000000000e+003 	4.3442513429287734e-003 	-5.2406862257546470e-005 	4.2918444806712272e-003
1.7944000000000001e+003 	3.9499141980462223e-003 	-4.6602739631271775e-005 	3.9033114584149488e-003
1.8968000000000000e+003 	3.6078161955337145e-003 	-4.1410544186628504e-005 	3.5664056513470856e-003
1.9992000000000000e+003 	3.3090268518431933e-003 	-3.6760307736663335e-005 	3.2722665441065305e-003
2.1015999999999999e+003 	3.0465066534690554e-003 	-3.2593013968930238e-005 	3.0139136395001243e-003
2.2040000000000000e+003 	2.8146298675617762e-003 	-2.8857762607251804e-005 	2.7857721049545253e-003
2.3064000000000001e+003 	2.6088440739642170e-003 	-2.5510061500681248e-005 	2.5833340124635363e-003
2.5112000000000003e+003 	2.2647636189793300e-003 	-1.9769885705198016e-005 	2.2449937332741318e-003
2.7160000000000000e+003 	1.9747703583886645e-003 	-1.5167201702485921e-005 	1.9596031566861787e-003
2.9207999999999997e+003 	1.7443359469405107e-003 	-1.1506489666660123e-005 	1.7328294572738505e-003
3.1255999999999999e+003 	1.5546060689537883e-003 	-8.6021499773550573e-006 	1.5460039189764340e-003
3.3304000000000001e+003 	1.3966460683099986e-003 	-6.3005771982663283e-006 	1.3903454911117323e-003
3.5352000000000003e+003 	1.2637556791038882e-003 	-4.4824256623908072e-006 	1.2592732534414978e-003
3.7400000000000000e+003 	1.1508735502665608e-003 	-3.0528306084939302e-006 	1.1478207196580668e-003
3.9447999999999997e+003 	1.0541338683889992e-003 	-1.9343862799602973e-006 	1.0521994821090391e-003
4.1496000000000004e+003 	9.7054859961549127e-004 	-1.0638840458071205e-006 	9.6948471556968429e-004
4.3543999999999996e+003 	8.9778161729105633e-004 	-3.9020249528718402e-007 	8.9739141479576912e-004
4.5591999999999998e+003 	8.3398719918555803e-004 	1.2766367967735171e-007 	8.3411486286523559e-004
4.7640000000000000e+003 	7.7769315324563069e-004 	5.2244332332562678e-007 	7.7821559656895641e-004
4.9688000000000002e+003 	7.2771505311271863e-004 	8.2018508355154941e-007 	7.2853523819627021e-004
5.3783999999999996e+003 	6.4395106946160392e-004 	1.2311134779528242e-006 	6.4518218293955663e-004
5.7880000000000000e+003 	5.7262955676054170e-004 	1.4341750813551278e-006 	5.7406373184189674e-004
6.1976000000000004e+003 	5.1531269782639322e-004 	1.5066711247329226e-006 	5.1681936895112634e-004
6.6071999999999998e+003 	4.6734150444275213e-004 	1.5080614412617203e-006 	4.6884956588401388e-004
7.0168000000000002e+003 	4.2661815627019343e-004 	1.4707351877620415e-006 	4.2808889145795539e-004
7.4264000000000005e+003 	3.9161096098093548e-004 	1.4121035981918203e-006 	3.9302306457912741e-004
7.8360000000000000e+003 	3.6119038737259792e-004 	1.3429399072813601e-006 	3.6253332727987926e-004
8.2456000000000004e+003 	3.3451019986144716e-004 	1.2700745648427836e-006 	3.3578027442629000e-004
8.6552000000000007e+003 	3.1092491786460482e-004 	1.1975542132551522e-006 	3.1212247207786000e-004
9.0647999999999993e+003 	2.8993326012976005e-004 	1.1275744534980530e-006 	2.9106083458325813e-004
9.4743999999999996e+003 	2.7113930313606339e-004 	1.0612010983874672e-006 	2.7220050423445085e-004
1.0293600000000000e+004 	2.3945078981250348e-004 	9.4787621106538656e-007 	2.4039866602356894e-004
1.1112799999999999e+004 	2.1188593256378608e-004 	8.3802639348248996e-007 	2.1272395895726855e-004
1.1932000000000000e+004 	1.8960131586291847e-004 	7.4214743482094822e-007 	1.9034346329773938e-004
1.2751200000000001e+004 	1.7082042441621495e-004 	6.6208643047960053e-007 	1.7148251084669460e-004
1.3570400000000000e+004 	1.5481912162007867e-004 	5.9341176622230307e-007 	1.5541253338630090e-004
1.4389600000000000e+004 	1.4105411146491352e-004 	5.3322949492589699e-007 	1.4158734095983939e-004
1.5208799999999999e+004 	1.2911263174671106e-004 	4.8021147974986101e-007 	1.2959284322646098e-004
1.6027999999999998e+004 	1.1867614755764210e-004 	4.3348296887078746e-007 	1.1910963052651289e-004
1.6847200000000001e+004 	1.0949498668116077e-004 	3.9227684385313582e-007 	1.0988726352501398e-004
1.7666399999999998e+004 	1.0137065992643815e-004 	3.5590800334325811e-007 	1.0172656792978139e-004
1.8485600000000002e+004 	9.4143387865103936e-005 	3.2377850758112203e-007 	9.4467166372685013e-005
2.0124000000000000e+004 	8.2102395621863944e-005 	2.7319927169499708e-007 	8.2375594893558944e-005
2.1762399999999998e+004 	7.1708703184934135e-005 	2.2740454620684085e-007 	7.1936107731140981e-005
2.3400799999999999e+004 	6.3453497982479014e-005 	1.9295633706664575e-007 	6.3646454319545641e-005
2.5039200000000001e+004 	5.6592083172109746e-005 	1.6702953823163847e-007 	5.6759112710341389e-005
2.6677600000000002e+004 	5.0822740727682535e-005 	1.4648640119218064e-007 	5.0969227128874735e-005
2.8316000000000000e+004 	4.5920608784448784e-005 	1.2995600052202066e-007 	4.6050564784970780e-005
-1600 0
-1.6000000000000000e+003 0.0000000000000000e+000 0.0000000000000000e+000
1
1 1 1 1
1
         t, ms                         dVp, mV                         dVs, mV                         dV, mV
5.0000000000000000e-001 	1.1037266996812206e-001 	-2.8622125225184416e-004 	1.1008644871587023e-001
5.9999999999999998e-001 	1.1051154623532561e-001 	-2.8622125231128110e-004 	1.1022532498301435e-001
6.9999999999999996e-001 	1.1060283511041166e-001 	-2.8622125254854324e-004 	1.1031661385786311e-001
8.0000000000000004e-001 	1.1067472187519606e-001 	-2.8622125287371131e-004 	1.1038850062232235e-001
9.0000000000000002e-001 	1.1073553579454001e-001 	-2.8622125315462988e-004 	1.1044931454138542e-001
1.0000000000000000e+000 	1.1078847569296464e-001 	-2.8622125328111393e-004 	1.1050225443968358e-001
1.1000000000000001e+000 	1.1083524128383743e-001 	-2.8622125320044230e-004 	1.1054902003063698e-001
1.2000000000000000e+000 	1.1087696580889768e-001 	-2.8622125292213627e-004 	1.1059074455597559e-001
1.3000000000000000e+000 	1.1091449040961014e-001 	-2.8622125250269271e-004 	1.1062826915710748e-001
1.3999999999999999e+000 	1.1094846873927645e-001 	-2.8622125202267088e-004 	1.1066224748725377e-001
1.6000000000000001e+000 	1.1207774191597436e-001 	-2.8622125125909287e-004 	1.1179152066471526e-001
1.8000000000000000e+000 	1.1105877904265879e-001 	-2.8622125095192647e-004 	1.1077255779170689e-001
2.0000000000000000e+000 	1.1110212601824278e-001 	-2.8622125120400142e-004 	1.1081590476703874e-001
2.2000000000000002e+000 	1.1113981666739860e-001 	-2.8622125191401105e-004 	1.1085359541548462e-001
2.3999999999999999e+000 	1.1117298937621518e-001 	-2.8622125286511022e-004 	1.1088676812335009e-001
2.6000000000000001e+000 	1.1120249063099519e-001 	-2.8622125382161224e-004 	1.1091626937717358e-001
2.7999999999999998e+000 	1.1122895942173269e-001 	-2.8622125459836504e-004 	1.1094273816713439e-001
3.0000000000000000e+000 	1.1125288723604439e-001 	-2.8622125509293855e-004 	1.1096666598095141e-001
3.2000000000000002e+000 	1.1127465921231519e-001 	-2.8622125528624632e-004 	1.1098843795702892e-001
3.3999999999999999e+000 	1.1129458226505180e-001 	-2.8622125522340049e-004 	1.1100836100982840e-001
3.6000000000000001e+000 	1.1131290457554738e-001 	-2.8622125498651451e-004 	1.1102668332056086e-001
4.0000000000000000e+000 	1.1173716804408287e-001 	-2.8622125441921998e-004 	1.1145094678966362e-001
4.4000000000000004e+000 	1.1137413514133700e-001 	-2.8622125395316017e-004 	1.1108791388738379e-001
4.7999999999999998e+000 	1.1139903566468426e-001 	-2.8622125368028877e-004 	1.1111281441100399e-001
5.2000000000000002e+000 	1.1142114291460177e-001 	-2.8622125341365087e-004 	1.1113492166118813e-001
5.5999999999999996e+000 	1.1144105059388840e-001 	-2.8622125280340795e-004 	1.1115482934108502e-001
6.0000000000000000e+000 	1.1145925538195603e-001 	-2.8622125148791819e-004 	1.1117303413046808e-001
6.4000000000000004e+000 	1.1147617468719043e-001 	-2.8622124922232591e-004 	1.1118995343796813e-001
6.7999999999999998e+000 	1.1149215305376542e-001 	-2.8622124595640473e-004 	1.1120593180780901e-001
7.2000000000000002e+000 	1.1150746288977267e-001 	-2.8622124185714761e-004 	1.1122124164791555e-001
7.5999999999999996e+000 	1.1152230445439258e-001 	-2.8622123728604121e-004 	1.1123608321710647e-001
8.0000000000000000e+000 	1.1153680799591263e-001 	-2.8622123274686483e-004 	1.1125058676316568e-001
8.8000000000000007e+000 	1.1177871814783370e-001 	-2.8622122675618465e-004 	1.1149249692107752e-001
9.5999999999999996e+000 	1.1159169724073835e-001 	-2.8622122734331152e-004 	1.1130547601339508e-001
1.0400000000000000e+001 	1.1161638152127903e-001 	-2.8622123695600269e-004 	1.1133016028432301e-001
1.1199999999999999e+001 	1.1163810940861893e-001 	-2.8622125631804987e-004 	1.1135188815230088e-001
1.2000000000000000e+001 	1.1165585416211997e-001 	-2.8622128428593363e-004 	1.1136963287783407e-001
1.2800000000000001e+001 	1.1166858932839152e-001 	-2.8622131811342733e-004 	1.1138236801027808e-001
1.3600000000000000e+001 	1.1167536662117476e-001 	-2.8622135395397352e-004 	1.1138914526722074e-001
1.4400000000000000e+001 	1.1167535497904173e-001 	-2.8622138744766891e-004 	1.1138913359159407e-001
1.5199999999999999e+001 	1.1166785166905242e-001 	-2.8622141427792172e-004 	1.1138163025477450e-001
1.6000000000000000e+001 	1.1165227634815321e-001 	-2.8622143062707027e-004 	1.1136605491752617e-001
1.6800000000000001e+001 	1.1162815665836240e-001 	-2.8622143349930847e-004 	1.1134193522486310e-001
1.7600000000000001e+001 	1.1159511113969917e-001 	-2.8622142090806141e-004 	1.1130888971879108e-001
1.8399999999999999e+001 	1.1155283285069972e-001 	-2.8622139194295847e-004 	1.1126661145875676e-001
2.0000000000000000e+001 	1.1155576924605172e-001 	-2.8622128877416801e-004 	1.1126954795727752e-001
2.1600000000000001e+001 	1.1128683229315793e-001 	-2.8622113657193293e-004 	1.1100061115658597e-001
2.3199999999999999e+001 	1.1109425535524889e-001 	-2.8622095528045571e-004 	1.1080803439996845e-001
2.4800000000000001e+001 	1.1086131208152790e-001 	-2.8622076904482289e-004 	1.1057509131248307e-001
2.6399999999999999e+001 	1.1058800344870201e-001 	-2.8622060274982342e-004 	1.1030178284595216e-001
2.8000000000000000e+001 	1.1027469537396997e-001 	-2.8622047909460216e-004 	1.0998847489487537e-001
2.9600000000000001e+001 	1.0992209079300606e-001 	-2.8622041653346880e-004 	1.0963587037647263e-001
3.1199999999999999e+001 	1.0953119800343772e-001 	-2.8622042810849658e-004 	1.0924497757532921e-001
3.2800000000000004e+001 	1.0910329466061845e-001 	-2.8622052104323173e-004 	1.0881707413957527e-001
3.4399999999999999e+001 	1.0863988794102770e-001 	-2.8622069690963976e-004 	1.0835366724411807e-001
3.6000000000000000e+001 	1.0814267242484760e-001 	-2.8622095218110665e-004 	1.0785645147266650e-001
3.7600000000000001e+001 	1.0761348765763432e-001 	-2.8622127901242408e-004 	1.0732726637862187e-001
4.0800000000000004e+001 	1.0651538055543745e-001 	-2.8622207980859835e-004 	1.0622915847562886e-001
4.4000000000000000e+001 	1.0522293939996301e-001 	-2.8622299392483462e-004 	1.0493671640603816e-001
4.7199999999999996e+001 	1.0388841774442649e-001 	-2.8622390007880061e-004 	1.0360219384434771e-001
5.0399999999999999e+001 	1.0248128716039853e-001 	-2.8622467617250429e-004 	1.0219506248422602e-001
5.3600000000000001e+001 	1.0101579913965114e-001 	-2.8622520900191298e-004 	1.0072957393064921e-001
5.6800000000000004e+001 	9.9505001150505409e-002 	-2.8622539922251310e-004 	9.9218775751282948e-002
6.0000000000000000e+001 	9.7960578831308293e-002 	-2.8622516277332290e-004 	9.7674353668534955e-002
6.3200000000000003e+001 	9.6392819325363463e-002 	-2.8622443031334140e-004 	9.6106594895050121e-002
6.6400000000000006e+001 	9.4810653303755224e-002 	-2.8622314609884803e-004 	9.4524430157656436e-002
6.9599999999999994e+001 	9.3221744750661278e-002 	-2.8622126726888386e-004 	9.2935523483392346e-002
7.2799999999999997e+001 	9.1632606104810485e-002 	-2.8621876393942862e-004 	9.1346387340871055e-002
7.9200000000000003e+001 	8.8505429570245209e-002 	-2.8621185480576000e-004 	8.8219217715439502e-002
8.5599999999999994e+001 	8.5379469734402413e-002 	-2.8620252715896686e-004 	8.5093267207243445e-002
9.2000000000000000e+001 	8.2353343138294913e-002 	-2.8619105613333841e-004 	8.2067152082161560e-002
9.8400000000000006e+001 	7.9416763921893577e-002 	-2.8617782915684088e-004 	7.9130586092736738e-002
1.0480000000000001e+002 	7.6579583434206913e-002 	-2.8616322036682871e-004 	7.6293420213840113e-002
1.1119999999999999e+002 	7.3847401115505057e-002 	-2.8614740741483944e-004 	7.3561253708090191e-002
1.1759999999999999e+002 	7.1222689186105859e-002 	-2.8613016477814138e-004 	7.0936559021327714e-002
1.2400000000000000e+002 	6.8705688517758781e-002 	-2.8611067798315655e-004 	6.8419577839775619e-002
1.3039999999999998e+002 	6.6295083214960249e-002 	-2.8608740847508137e-004 	6.6008995806485185e-002
1.3680000000000001e+002 	6.3988494862794842e-002 	-2.8605801917607366e-004 	6.3702436843618773e-002
1.4319999999999999e+002 	6.1782839806481908e-002 	-2.8601936169006574e-004 	6.1496820444791836e-002
1.5600000000000000e+002 	5.7700330591785254e-002 	-2.8589131007125251e-004 	5.7414439281714011e-002
1.6880000000000001e+002 	5.3883634154818540e-002 	-2.8566822971759070e-004 	5.3597965925100931e-002
1.8160000000000002e+002 	5.0439581027143632e-002 	-2.8530969341317413e-004 	5.0154271333730467e-002
1.9439999999999998e+002 	4.7293026844972871e-002 	-2.8477499477419570e-004 	4.7008251850198655e-002
2.0719999999999999e+002 	4.4415771394685208e-002 	-2.8402726676758497e-004 	4.4131744127917621e-002
2.2000000000000000e+002 	4.1781646065935700e-002 	-2.8303641077438669e-004 	4.1498609655161327e-002
2.3280000000000001e+002 	3.9366750158909045e-002 	-2.8178076859699175e-004 	3.9084969390312044e-002
2.4560000000000002e+002 	3.7149470724845639e-002 	-2.8024767783703538e-004 	3.6869223047008605e-002
2.5840000000000003e+002 	3.5110384121202050e-002 	-2.7843314526932394e-004 	3.4831950975932745e-002
2.7119999999999999e+002 	3.3232098856613608e-002 	-2.7634090120342550e-004 	3.2955757955410170e-002
2.8400000000000000e+002 	3.1499074966713649e-002 	-2.7398109835428963e-004 	3.1225093868359356e-002
2.9680000000000001e+002 	2.9897439965791747e-002 	-2.7136888499678817e-004 	2.9626071080794965e-002
3.0959999999999997e+002 	2.8414812165685678e-002 	-2.6852301992675703e-004 	2.8146289145758910e-002
3.3519999999999999e+002 	2.5794564911092398e-002 	-2.6224592449136907e-004 	2.5532318986601025e-002
3.6080000000000001e+002 	2.3446904653752678e-002 	-2.5530795834766216e-004 	2.3191596695405013e-002
3.8640000000000003e+002 	2.1443115768438901e-002 	-2.4787514552416346e-004 	2.1195240622914731e-002
4.1200000000000000e+002 	1.9691838784616587e-002 	-2.4010382580284608e-004 	1.9451734958813745e-002
4.3759999999999997e+002 	1.8153012806261346e-002 	-2.3213179111019962e-004 	1.7920881015151144e-002
4.6319999999999999e+002 	1.6793801730456824e-002 	-2.2407524830781107e-004 	1.6569726482149012e-002
4.8880000000000001e+002 	1.5587283771228715e-002 	-2.1602920862434207e-004 	1.5371254562604379e-002
5.1439999999999998e+002 	1.4511304611553772e-002 	-2.0806923670089976e-004 	1.4303235374852862e-002
5.4000000000000000e+002 	1.3547539398757327e-002 	-2.0025362125253765e-004 	1.3347285777504794e-002
5.6560000000000002e+002 	1.2680744974623308e-002 	-1.9262576778547876e-004 	1.2488119206837830e-002
5.9119999999999993e+002 	1.1898168790940838e-002 	-1.8521668810038845e-004 	1.1712952102840447e-002
6.1680000000000007e+002 	1.1189081993685126e-002 	-1.7804738021325796e-004 	1.1011034613471865e-002
6.6800000000000000e+002 	9.9713515860089513e-003 	-1.6447831613683141e-004 	9.8068732698721236e-003
7.1919999999999993e+002 	8.9086488633244483e-003 	-1.5193961180453476e-004 	8.7567092515199139e-003
7.7039999999999998e+002 	8.0318505317003176e-003 	-1.4041462982901143e-004 	7.8914359018713055e-003
8.2160000000000002e+002 	7.2848332855576384e-003 	-1.2985746367322559e-004 	7.1549758218844130e-003
8.7280000000000007e+002 	6.6425447908974563e-003 	-1.2020454216777335e-004 	6.5223402487296824e-003
9.2400000000000000e+002 	6.0856213017164108e-003 	-1.1138427684741502e-004 	5.9742370248689943e-003
9.7519999999999993e+002 	5.5990107751087044e-003 	-1.0332350350588171e-004 	5.4956872716028253e-003
1.0264000000000001e+003 	5.1708995041057533e-003 	-9.5951279355482950e-005 	5.0749482247502689e-003
1.0775999999999999e+003 	4.7919136830783119e-003 	-8.9200963837621274e-005 	4.7027127192406891e-003
1.1288000000000000e+003 	4.4545340384427581e-003 	-8.3011246213264263e-005 	4.3715227922294948e-003
1.1800000000000000e+003 	4.1526664350998730e-003 	-7.7326507911896486e-005 	4.0753399271879773e-003
1.2824000000000001e+003 	3.6420669124708933e-003 	-6.7221821919910102e-005 	3.5748450905509822e-003
1.3848000000000000e+003 	3.2042519222335287e-003 	-5.8605674319226317e-005 	3.1456462479143017e-003
1.4872000000000000e+003 	2.8496875401358727e-003 	-5.1228409819951431e-005 	2.7984591303159209e-003
1.5895999999999999e+003 	2.5522188171153253e-003 	-4.4879327552966157e-005 	2.5073394895623593e-003
1.6920000000000000e+003 	2.2999698043404738e-003 	-3.9384783409788383e-005 	2.2605850209306841e-003
1.7944000000000001e+003 	2.0840212706844351e-003 	-3.4605648428912112e-005 	2.0494156222555225e-003
1.8968000000000000e+003 	1.8976054314446462e-003 	-3.0431603821283766e-005 	1.8671738276233624e-003
1.9992000000000000e+003 	1.7355120917941190e-003 	-2.6774176881575255e-005 	1.7087379149125438e-003
2.1015999999999999e+003 	1.5936679977776752e-003 	-2.3561129319500438e-005 	1.5701068684581747e-003
2.2040000000000000e+003 	1.4688417362915876e-003 	-2.0732616206335927e-005 	1.4481091200852522e-003
2.3064000000000001e+003 	1.3584355259741668e-003 	-1.8238522334501536e-005 	1.3401970036396652e-003
2.5112000000000003e+003 	1.1745959449069683e-003 	-1.4041571030407814e-005 	1.1605543738765604e-003
2.7160000000000000e+003 	1.0204332485426626e-003 	-1.0756959123189961e-005 	1.0096762894194725e-003
2.9207999999999997e+003 	8.9859139318145583e-004 	-8.1964547413461860e-006 	8.9039493844010956e-004
3.1255999999999999e+003 	7.9872275036203875e-004 	-6.1986302967814277e-006 	7.9252412006525718e-004
3.3304000000000001e+003 	7.1590659899112795e-004 	-4.6368541705916466e-006 	7.1126974482053635e-004
3.5352000000000003e+003 	6.4647800019178726e-004 	-3.4158746833310437e-006 	6.4306212550845629e-004
3.7400000000000000e+003 	5.8768596091461666e-004 	-2.4627180197479064e-006 	5.8522324289486877e-004
3.9447999999999997e+003 	5.3744122293919330e-004 	-1.7201352227665486e-006 	5.3572108771642664e-004
4.1496000000000004e+003 	4.9413702980329315e-004 	-1.1429304791046387e-006 	4.9299409932418838e-004
4.3543999999999996e+003 	4.5652273577675707e-004 	-6.9550940548720358e-007 	4.5582722637126989e-004
4.5591999999999998e+003 	4.2361410190966777e-004 	-3.4991098870730213e-007 	4.2326419092096038e-004
4.7640000000000000e+003 	3.9462881569794675e-004 	-8.4189158043280119e-008 	3.9454462653990360e-004
4.9688000000000002e+003 	3.6893945735716563e-004 	1.1888447439545964e-007 	3.6905834183156101e-004
5.3783999999999996e+003 	3.2597710881175667e-004 	4.0512471577132882e-007 	3.2638223352752794e-004
5.7880000000000000e+003 	2.8947731952916697e-004 	5.5908265022325028e-007 	2.9003640217939024e-004
6.1976000000000004e+003 	2.6022336994345957e-004 	6.2964309455653741e-007 	2.6085301303801605e-004
6.6071999999999998e+003 	2.3578927601893476e-004 	6.5342979542994793e-007 	2.3644270581436473e-004
7.0168000000000002e+003 	2.1508245349695170e-004 	6.5086376492372875e-007 	2.1573331726187540e-004
7.4264000000000005e+003 	1.9730781815070381e-004 	6.3319521737038913e-007 	1.9794101336807426e-004
7.8360000000000000e+003 	1.8188085205738899e-004 	6.0736729949230843e-007 	1.8248821935688131e-004
8.2456000000000004e+003 	1.6836485030767993e-004 	5.7775906598543850e-007 	1.6894260937366535e-004
8.6552000000000007e+003 	1.5642751599570975e-004 	5.4699602546349568e-007 	1.5697451202117320e-004
9.0647999999999993e+003 	1.4581132907085824e-004 	5.1655775714279316e-007 	1.4632788682800101e-004
9.4743999999999996e+003 	1.3631326483894097e-004 	4.8722473817904596e-007 	1.3680048957711999e-004
1.0293600000000000e+004 	1.2031379264157012e-004 	4.3696008095908280e-007 	1.2075075272252921e-004
1.1112799999999999e+004 	1.0640579000843432e-004 	3.8689932035729790e-007 	1.0679268932879163e-004
1.1932000000000000e+004 	9.5174673822840536e-005 	3.4283202996328203e-007 	9.5517505852803764e-005
1.2751200000000001e+004 	8.5716695981324415e-005 	3.0599801414031075e-007 	8.6022693995464717e-005
1.3570400000000000e+004 	7.7663749362251062e-005 	2.7433683637912529e-007 	7.7938086198630182e-005
1.4389600000000000e+004 	7.0740077901136961e-005 	2.4650679022884681e-007 	7.0986584691365773e-005
1.5208799999999999e+004 	6.4736465426725628e-005 	2.2192727869064925e-007 	6.4958392705416278e-005
1.6027999999999998e+004 	5.9491647308692443e-005 	2.0022549085064320e-007 	5.9691872799543063e-005
1.6847200000000001e+004 	5.4879349512354315e-005 	1.8106675325786290e-007 	5.5060416265612188e-005
1.7666399999999998e+004 	5.0799270835613023e-005 	1.6414595684521293e-007 	5.0963416792458253e-005
1.8485600000000002e+004 	4.7170731080243270e-005 	1.4919347249194763e-007 	4.7319924552735219e-005
2.0124000000000000e+004 	4.1127779517571621e-005 	1.2579129320963906e-007 	4.1253570810781251e-005
2.1762399999999998e+004 	3.5912919054211720e-005 	1.0437651281509545e-007 	3.6017295567026817e-005
2.3400799999999999e+004 	3.1772972738470292e-005 	8.8359831654453377e-008 	3.1861332570124738e-005
2.5039200000000001e+004 	2.8333098853264172e-005 	7.6391278531407006e-008 	2.8409490131795568e-005
2.6677600000000002e+004 	2.5441489336234367e-005 	6.6941791885660099e-008 	2.5508431128120024e-005
2.8316000000000000e+004 	2.2985076773184802e-005 	5.9362012986191464e-008 	2.3044438786171007e-005
-1000 0
-1.0000000000000000e+003 0.0000000000000000e+000 0.0000000000000000e+000
1
1 1 1 1
1
         t, ms                         dVp, mV                         dVs, mV                         dV, mV
5.0000000000000000e-001 	2.9778777829691773e-002 	8.2989521119176739e-007 	2.9779607724902960e-002
5.9999999999999998e-001 	2.9822024013029809e-002 	8.2989530608922476e-007 	2.9822853908335892e-002
6.9999999999999996e-001 	2.9850451038495478e-002 	8.2989569261065181e-007 	2.9851280934188078e-002
8.0000000000000004e-001 	2.9872836331744545e-002 	8.2989622441100342e-007 	2.9873666227968960e-002
9.0000000000000002e-001 	2.9891773685135889e-002 	8.2989668594612482e-007 	2.9892603581821820e-002
1.0000000000000000e+000 	2.9908259183700998e-002 	8.2989689743792573e-007 	2.9909089080598441e-002
1.1000000000000001e+000 	2.9922822084768302e-002 	8.2989677272026391e-007 	2.9923651981541018e-002
1.2000000000000000e+000 	2.9935815254022544e-002 	8.2989632687522464e-007 	2.9936645150349432e-002
1.3000000000000000e+000 	2.9947500604871880e-002 	8.2989565123411428e-007 	2.9948330500523125e-002
1.3999999999999999e+000 	2.9958081673300201e-002 	8.2989487603880378e-007 	2.9958911568176230e-002
1.6000000000000001e+000 	3.0309774361554895e-002 	8.2989363723560178e-007 	3.0310604255192122e-002
1.8000000000000000e+000 	2.9992433282943473e-002 	8.2989312744081547e-007 	2.9993263176070907e-002
2.0000000000000000e+000 	3.0005932052172293e-002 	8.2989351287656820e-007 	3.0006761945685162e-002
2.2000000000000002e+000 	3.0017669441414055e-002 	8.2989463220539903e-007 	3.0018499336046254e-002
2.3999999999999999e+000 	3.0027999937134182e-002 	8.2989613977227335e-007 	3.0028829833273957e-002
2.6000000000000001e+000 	3.0037187131392810e-002 	8.2989766083025732e-007 	3.0038017029053652e-002
2.7999999999999998e+000 	3.0045430003925327e-002 	8.2989890212682659e-007 	3.0046259902827450e-002
3.0000000000000000e+000 	3.0052881603928168e-002 	8.2989970254739871e-007 	3.0053711503630717e-002
3.2000000000000002e+000 	3.0059661863167574e-002 	8.2990003332967952e-007 	3.0060491763200903e-002
3.3999999999999999e+000 	3.0065866354861828e-002 	8.2989996701488520e-007 	3.0066696254828839e-002
3.6000000000000001e+000 	3.0071572362513333e-002 	8.2989963397119964e-007 	3.0072402262147309e-002
4.0000000000000000e+000 	3.0203702218801066e-002 	8.2989884206827903e-007 	3.0204532117643141e-002
4.4000000000000004e+000 	3.0090641191524697e-002 	8.2989823372398715e-007 	3.0091471089758424e-002
4.7999999999999998e+000 	3.0098396018476744e-002 	8.2989794572947065e-007 	3.0099225916422463e-002
5.2000000000000002e+000 	3.0105281246537236e-002 	8.2989767289720262e-007 	3.0106111144210128e-002
5.5999999999999996e+000 	3.0111482264849224e-002 	8.2989684866084609e-007 	3.0112312161697879e-002
6.0000000000000000e+000 	3.0117154741529196e-002 	8.2989487912854534e-007 	3.0117984636408326e-002
6.4000000000000004e+000 	3.0122430372059063e-002 	8.2989134235128492e-007 	3.0123260263401421e-002
6.7999999999999998e+000 	3.0127419098018936e-002 	8.2988611059956560e-007 	3.0128248984129538e-002
7.2000000000000002e+000 	3.0132209531318496e-002 	8.2987938974904561e-007 	3.0133039410708242e-002
7.5999999999999996e+000 	3.0136869098712948e-002 	8.2987169125426256e-007 	3.0137698970404199e-002
8.0000000000000000e+000 	3.0141444793756935e-002 	8.2986376035017795e-007 	3.0142274657517291e-002
8.8000000000000007e+000 	3.0217026328945726e-002 	8.2985189610260987e-007 	3.0217856180841836e-002
9.5999999999999996e+000 	3.0159201039702974e-002 	8.2984957439964722e-007 	3.0160030889277385e-002
1.0400000000000000e+001 	3.0167619312110573e-002 	8.2986144604181886e-007 	3.0168449173556620e-002
1.1199999999999999e+001 	3.0175517733753529e-002 	8.2988983754769211e-007 	3.0176347623591070e-002
1.2000000000000000e+001 	3.0182687982826802e-002 	8.2993431161089577e-007 	3.0183517917138410e-002
1.2800000000000001e+001 	3.0188925811835958e-002 	8.2999180114909803e-007 	3.0189755803637110e-002
1.3600000000000000e+001 	3.0194052699093463e-002 	8.3005712318460988e-007 	3.0194882756216648e-002
1.4400000000000000e+001 	3.0197926391334201e-002 	8.3012369099847404e-007 	3.0198756515025196e-002
1.5199999999999999e+001 	3.0200443506732750e-002 	8.3018427842190419e-007 	3.0201273691011169e-002
1.6000000000000000e+001 	3.0201537309399888e-002 	8.3023173365676767e-007 	3.0202367541133535e-002
1.6800000000000001e+001 	3.0201173056675901e-002 	8.3025958044528589e-007 	3.0202003316256363e-002
1.7600000000000001e+001 	3.0199342509409574e-002 	8.3026247670729131e-007 	3.0200172771886281e-002
1.8399999999999999e+001 	3.0196058535614818e-002 	8.3023652404381282e-007 	3.0196888772138858e-002
2.0000000000000000e+001 	3.0222014075310472e-002 	8.3009188344014817e-007 	3.0222844167193910e-002
2.1600000000000001e+001 	3.0169308809626993e-002 	8.2983255478542804e-007 	3.0170138642181793e-002
2.3199999999999999e+001 	3.0148447587031762e-002 	8.2948211045530558e-007 	3.0149277069142208e-002
2.4800000000000001e+001 	3.0123215919042171e-002 	8.2907822112776212e-007 	3.0124044997263281e-002
2.6399999999999999e+001 	3.0094099246982569e-002 	8.2866746929446110e-007 	3.0094927914451869e-002
2.8000000000000000e+001 	3.0061567695723903e-002 	8.2829956161041278e-007 	3.0062395995285512e-002
2.9600000000000001e+001 	3.0026060454900562e-002 	8.2802206900238213e-007 	3.0026888476969573e-002
3.1199999999999999e+001 	2.9987976687655821e-002 	8.2787626399164278e-007 	2.9988804563919818e-002
3.2800000000000004e+001 	2.9947671036101436e-002 	8.2789425252919617e-007 	2.9948498930353975e-002
3.4399999999999999e+001 	2.9905452271084737e-002 	8.2809735985540884e-007 	2.9906280368444595e-002
3.6000000000000000e+001 	2.9861584058567373e-002 	8.2849559495640914e-007 	2.9862412554162325e-002
3.7600000000000001e+001 	2.9816287129566545e-002 	8.2908795912469201e-007 	2.9817116217525662e-002
4.0800000000000004e+001 	2.9737261903636680e-002 	8.3076684269264674e-007 	2.9738092670479353e-002
4.4000000000000000e+001 	2.9624133857242056e-002 	8.3294820056087900e-007 	2.9624966805442625e-002
4.7199999999999996e+001 	2.9522502478377351e-002 	8.3537247046767734e-007 	2.9523337850847813e-002
5.0399999999999999e+001 	2.9417635088029172e-002 	8.3773749350553848e-007 	2.9418472825522689e-002
5.3600000000000001e+001 	2.9309601936798917e-002 	8.3972928371883897e-007 	2.9310441666082643e-002
5.6800000000000004e+001 	2.9198328807010870e-002 	8.4104756219119823e-007 	2.9199169854573055e-002
6.0000000000000000e+001 	2.9083659470264374e-002 	8.4142409929738646e-007 	2.9084500894363683e-002
6.3200000000000003e+001 	2.8965405399701154e-002 	8.4063379123005618e-007 	2.8966246033492373e-002
6.6400000000000006e+001 	2.8843381911860144e-002 	8.3849943869537463e-007 	2.8844220411298842e-002
6.9599999999999994e+001 	2.8717432210349857e-002 	8.3489167932541929e-007 	2.8718267102029196e-002
7.2799999999999997e+001 	2.8587441592650933e-002 	8.2972564736246725e-007 	2.8588271318298299e-002
7.9200000000000003e+001 	2.8321733218812321e-002 	8.1458860849503525e-007 	2.8322547807420811e-002
8.5599999999999994e+001 	2.8026781192921655e-002 	7.9318846904608100e-007 	2.8027574381390703e-002
9.2000000000000000e+001 	2.7723011709828743e-002 	7.6590022699616275e-007 	2.7723777610055747e-002
9.8400000000000006e+001 	2.7405020525746431e-002 	7.3333521974177703e-007 	2.7405753860966168e-002
1.0480000000000001e+002 	2.7074282422931958e-002 	6.9627896823756262e-007 	2.7074978701900187e-002
1.1119999999999999e+002 	2.6732453923225555e-002 	6.5562536968968529e-007 	2.6733109548595237e-002
1.1759999999999999e+002 	2.6381261389161925e-002 	6.1230716636697956e-007 	2.6381873696328297e-002
1.2400000000000000e+002 	2.6022415839952229e-002 	5.6721848100531329e-007 	2.6022983058433233e-002
1.3039999999999998e+002 	2.5657554144732548e-002 	5.2113407724743762e-007 	2.5658075278809797e-002
1.3680000000000001e+002 	2.5288202494704919e-002 	4.7463800645237752e-007 	2.5288677132711365e-002
1.4319999999999999e+002 	2.4915756970371752e-002 	4.2807329560961468e-007 	2.4916185043667369e-002
1.5600000000000000e+002 	2.4176260918036787e-002 	3.3423979498618717e-007 	2.4176595157831771e-002
1.6880000000000001e+002 	2.3420709003782722e-002 	2.3677461290273661e-007 	2.3420945778395631e-002
1.8160000000000002e+002 	2.2680645928142788e-002 	1.3057386707261765e-007 	2.2680776502009857e-002
1.9439999999999998e+002 	2.1952540075369946e-002 	9.1624762576175460e-009 	2.1952549237846210e-002
2.0719999999999999e+002 	2.1240122271335406e-002 	-1.3422025932391750e-007 	2.1239988051076089e-002
2.2000000000000000e+002 	2.0546102383849969e-002 	-3.0566614240352744e-007 	2.0545796717707562e-002
2.3280000000000001e+002 	1.9872362959575455e-002 	-5.0994178839010266e-007 	1.9871853017787065e-002
2.4560000000000002e+002 	1.9220133208029209e-002 	-7.5016400588514626e-007 	1.9219383044023323e-002
2.5840000000000003e+002 	1.8590133691764977e-002 	-1.0277567941000099e-006 	1.8589105934970880e-002
2.7119999999999999e+002 	1.7982692543262218e-002 	-1.3426042269727499e-006 	1.7981349939035239e-002
2.8400000000000000e+002 	1.7397837345586118e-002 	-1.6933124392973893e-006 	1.7396144033146828e-002
2.9680000000000001e+002 	1.6835367320349050e-002 	-2.0775109807132877e-006 	1.6833289809368338e-002
3.0959999999999997e+002 	1.6294909967921708e-002 	-2.4921461234051621e-006 	1.6292417821798300e-002
3.3519999999999999e+002 	1.5289048219676433e-002 	-3.3937740435562181e-006 	1.5285654445632877e-002
3.6080000000000001e+002 	1.4339818448370213e-002 	-4.3725930564689112e-006 	1.4335445855313746e-002
3.8640000000000003e+002 	1.3477743376114940e-002 	-5.4022640802499908e-006 	1.3472341112034684e-002
4.1200000000000000e+002 	1.2685174941549863e-002 	-6.4582282550698641e-006 	1.2678716713294796e-002
4.3759999999999997e+002 	1.1956411021462802e-002 	-7.5186954894096732e-006 	1.1948892325973385e-002
4.6319999999999999e+002 	1.1285935782368809e-002 	-8.5652601607665668e-006 	1.1277370522208048e-002
4.8880000000000001e+002 	1.0668539918719995e-002 	-9.5832536516511048e-006 	1.0658956665068345e-002
5.1439999999999998e+002 	1.0099383972097628e-002 	-1.0561572908833913e-005 	1.0088822399188792e-002
5.4000000000000000e+002 	9.5740232144754193e-003 	-1.1492107035253908e-005 	9.5625311074401653e-003
5.6560000000000002e+002 	9.0884077867333761e-003 	-1.2369106741793260e-005 	9.0760386799915802e-003
5.9119999999999993e+002 	8.6388677757564345e-003 	-1.3188691769919332e-005 	8.6256790839865163e-003
6.1680000000000007e+002 	8.2220898219661324e-003 	-1.3948498549087190e-005 	8.2081413234170453e-003
6.6800000000000000e+002 	7.4842020319798195e-003 	-1.5286341205265220e-005 	7.4689156907745552e-003
7.1919999999999993e+002 	6.8208753111806356e-003 	-1.6387219843315391e-005 	6.8044880913373205e-003
7.7039999999999998e+002 	6.2531424054235200e-003 	-1.7262301176327379e-005 	6.2358801042471934e-003
8.2160000000000002e+002 	5.7554184499249532e-003 	-1.7927383059707489e-005 	5.7374910668652451e-003
8.7280000000000007e+002 	5.3166590631744262e-003 	-1.8401478011314537e-005 	5.2982575851631096e-003
9.2400000000000000e+002 	4.9278028125332250e-003 	-1.8705374177047404e-005 	4.9090974383561754e-003
9.7519999999999993e+002 	4.5814206008609575e-003 	-1.8860015561892706e-005 	4.5625605852990646e-003
1.0264000000000001e+003 	4.2714031019193983e-003 	-1.8885279246458608e-005 	4.2525178226729401e-003
1.0775999999999999e+003 	3.9927021308990823e-003 	-1.8799393530152568e-005 	3.9739027373689303e-003
1.1288000000000000e+003 	3.7411229990983643e-003 	-1.8618790021468444e-005 	3.7225042090768966e-003
1.1800000000000000e+003 	3.5131597630971723e-003 	-1.8358139513814465e-005 	3.4948016235833573e-003
1.2824000000000001e+003 	3.1213848944669433e-003 	-1.7659049839588140e-005 	3.1037258446273549e-003
1.3848000000000000e+003 	2.7795876078738329e-003 	-1.6774444102491458e-005 	2.7628131637713431e-003
1.4872000000000000e+003 	2.4972921589069517e-003 	-1.5770057952315018e-005 	2.4815221009546365e-003
1.5895999999999999e+003 	2.2567044024233767e-003 	-1.4697244498263090e-005 	2.2420071579251147e-003
1.6920000000000000e+003 	2.0498742533722049e-003 	-1.3593728311701301e-005 	2.0362805250605039e-003
1.7944000000000001e+003 	1.8706679495889332e-003 	-1.2487952863085873e-005 	1.8581799967258472e-003
1.8968000000000000e+003 	1.7143160069985810e-003 	-1.1401762127830495e-005 	1.7029142448707498e-003
1.9992000000000000e+003 	1.5770660013006605e-003 	-1.0351407484674353e-005 	1.5667145938159861e-003
2.1015999999999999e+003 	1.4559277607694861e-003 	-9.3483052837334422e-006 	1.4465794554857528e-003
2.2040000000000000e+003 	1.3484888593663564e-003 	-8.3999425090908695e-006 	1.3400889168572647e-003
2.3064000000000001e+003 	1.2527807303554124e-003 	-7.5107579120525236e-006 	1.2452699724433596e-003
2.5112000000000003e+003 	1.0920234345367197e-003 	-5.9099003426856212e-006 	1.0861135341940346e-003
2.7160000000000000e+003 	9.5579131588553127e-004 	-4.5490320977586864e-006 	9.5124228378777294e-004
2.9207999999999997e+003 	8.4690817924898279e-004 	-3.4169862140227803e-006 	8.4349119303495990e-004
3.1255999999999999e+003 	7.5682724561212749e-004 	-2.4866390764503445e-006 	7.5434060653567752e-004
3.3304000000000001e+003 	6.8151481445810212e-004 	-1.7288674664018456e-006 	6.7978594699170036e-004
3.5352000000000003e+003 	6.1792181644973942e-004 	-1.1180384570792334e-006 	6.1680377799266006e-004
3.7400000000000000e+003 	5.6372826375635822e-004 	-6.3115349283768694e-007 	5.6309711026352068e-004
3.9447999999999997e+003 	5.1715075937015754e-004 	-2.4724966126113119e-007 	5.1690350970889638e-004
4.1496000000000004e+003 	4.7680308748012637e-004 	5.2277802224774906e-008 	4.7685536528235107e-004
4.3543999999999996e+003 	4.4159614652996800e-004 	2.8339366784269123e-007 	4.4187954019781069e-004
4.5591999999999998e+003 	4.1066576019278453e-004 	4.5946809170809591e-007 	4.1112522828449280e-004
4.7640000000000000e+003 	3.8332001972495619e-004 	5.9152801563480159e-007 	3.8391154774059107e-004
4.9688000000000002e+003 	3.5900037182953520e-004 	6.8857780133176513e-007 	3.5968894963086715e-004
5.3783999999999996e+003 	3.1815103608113398e-004 	8.1681513731325345e-007 	3.1896785121844721e-004
5.7880000000000000e+003 	2.8329225006782342e-004 	8.6822164592476152e-007 	2.8416047171374813e-004
6.1976000000000004e+003 	2.5520301721065870e-004 	8.7166322792944954e-007 	2.5607468043858819e-004
6.6071999999999998e+003 	2.3164608298945861e-004 	8.5027911355508025e-007 	2.3249636210301370e-004
7.0168000000000002e+003 	2.1161428655814846e-004 	8.1622339764465123e-007 	2.1243050995579311e-004
7.4264000000000005e+003 	1.9436973041609063e-004 	7.7576909340038576e-007 	1.9514549950949109e-004
7.8360000000000000e+003 	1.7936652966172025e-004 	7.3281483629054228e-007 	1.8009934449801085e-004
8.2456000000000004e+003 	1.6619455371512956e-004 	6.8985449149578219e-007 	1.6688440820662539e-004
8.6552000000000007e+003 	1.5454019674262354e-004 	6.4833573129072714e-007 	1.5518853247391425e-004
9.0647999999999993e+003 	1.4415939352093916e-004 	6.0899139612629254e-007 	1.4476838491706543e-004
9.4743999999999996e+003 	1.3485902139783314e-004 	5.7211771940561105e-007 	1.3543113911723874e-004
1.0293600000000000e+004 	1.1916310062998932e-004 	5.0933390208567483e-007 	1.1967243453207506e-004
1.1112799999999999e+004 	1.0550067929956642e-004 	4.4975433866166940e-007 	1.0595043363822811e-004
1.1932000000000000e+004 	9.4443240622250413e-005 	3.9810912374057737e-007 	9.4841349745991021e-005
1.2751200000000001e+004 	8.5117331666054584e-005 	3.5501944894268337e-007 	8.5472351114997277e-005
1.3570400000000000e+004 	7.7166655536650420e-005 	3.1812084546652969e-007 	7.7484776382116913e-005
1.4389600000000000e+004 	7.0323490314938984e-005 	2.8586560428540372e-007 	7.0609355919224378e-005
1.5208799999999999e+004 	6.4384164345247005e-005 	2.5750979793451693e-007 	6.4641674143181498e-005
1.6027999999999998e+004 	5.9191318830693641e-005 	2.3255428106275711e-007 	5.9423873111756387e-005
1.6847200000000001e+004 	5.4621491842700144e-005 	2.1056872114964450e-007 	5.4832060563849813e-005
1.7666399999999998e+004 	5.0576448541652461e-005 	1.9117474099801530e-007 	5.0767623282650484e-005
1.8485600000000002e+004 	4.6977054640970270e-005 	1.7404529434458944e-007 	4.7151099935314835e-005
2.0124000000000000e+004 	4.0978017035875531e-005 	1.4694897977480097e-007 	4.1124966015650327e-005
2.1762399999999998e+004 	3.5798385260860328e-005 	1.2263227090507645e-007 	3.5921017531765404e-005
2.3400799999999999e+004 	3.1682578259016916e-005 	1.0425223338678755e-007 	3.1786830492403692e-005
2.5039200000000001e+004 	2.8260630266537274e-005 	9.0336414841490469e-008 	2.8350966681378768e-005
2.6677600000000002e+004 	2.5382589199971661e-005 	7.9277796748266316e-008 	2.5461866996719920e-005
2.8316000000000000e+004 	2.2936632357119439e-005 	7.0356357030590591e-008 	2.3006988714150028e-005
