-2550 0
-2.5500000000000000e+003 0.0000000000000000e+000 0.0000000000000000e+000
1
1 1 1 1
1
         t, ms                         dVp, mV                         dVs, mV                         dV, mV
5.0000000000000000e-001 	1.3769920912665240e-001 	-1.3435968211292804e-002 	1.2426324091535972e-001
5.9999999999999998e-001 	1.3787825850263791e-001 	-1.3435744909417515e-002 	1.2444251359322046e-001
6.9999999999999996e-001 	1.3799595432703218e-001 	-1.3435875081647227e-002 	1.2456007924538492e-001
8.0000000000000004e-001 	1.3808863565261748e-001 	-1.3436217388931818e-002 	1.2465241826368566e-001
9.0000000000000002e-001 	1.3816704122719167e-001 	-1.3436656813548907e-002 	1.2473038441364280e-001
1.0000000000000000e+000 	1.3823529517353592e-001 	-1.3437110982522409e-002 	1.2479818419101349e-001
1.1000000000000001e+000 	1.3829558884786372e-001 	-1.3437525919134602e-002 	1.2485806292872910e-001
1.2000000000000000e+000 	1.3834938327942908e-001 	-1.3437869905570200e-002 	1.2491151337385889e-001
1.3000000000000000e+000 	1.3839776290725667e-001 	-1.3438127861907442e-002 	1.2495963504534922e-001
1.3999999999999999e+000 	1.3844157045689043e-001 	-1.3438296580317947e-002 	1.2500327387657245e-001
1.6000000000000001e+000 	1.3989755019814798e-001 	-1.3438405089018229e-002 	1.2645914510912973e-001
1.8000000000000000e+000 	1.3858379153177861e-001 	-1.3438272332527850e-002 	1.2514551919925071e-001
2.0000000000000000e+000 	1.3863967815282677e-001 	-1.3437991472968185e-002 	1.2520168667985865e-001
2.2000000000000002e+000 	1.3868827223122843e-001 	-1.3437649847815581e-002 	1.2525062238341286e-001
2.3999999999999999e+000 	1.3873104144821879e-001 	-1.3437319612256492e-002 	1.2529372183596235e-001
2.6000000000000001e+000 	1.3876907715086376e-001 	-1.3437053512639493e-002 	1.2533202363822432e-001
2.7999999999999998e+000 	1.3880320316914679e-001 	-1.3436885100527074e-002 	1.2536631806861970e-001
3.0000000000000000e+000 	1.3883405316381187e-001 	-1.3436831477903104e-002 	1.2539722168590878e-001
3.2000000000000002e+000 	1.3886212368304227e-001 	-1.3436897063530835e-002 	1.2542522661951139e-001
3.3999999999999999e+000 	1.3888781042260653e-001 	-1.3437077415180592e-002 	1.2545073300742590e-001
3.6000000000000001e+000 	1.3891143335601461e-001 	-1.3437362550075486e-002 	1.2547407080593914e-001
4.0000000000000000e+000 	1.3945843954765444e-001 	-1.3438172862970509e-002 	1.2602026668468391e-001
4.4000000000000004e+000 	1.3899037803170297e-001 	-1.3439276196061268e-002 	1.2555110183564167e-001
4.7999999999999998e+000 	1.3902248247572094e-001 	-1.3440490792569043e-002 	1.2558199168315190e-001
5.2000000000000002e+000 	1.3905098587265863e-001 	-1.3441818271235320e-002 	1.2560916760142324e-001
5.5999999999999996e+000 	1.3907665421688092e-001 	-1.3443204385669334e-002 	1.2563344983121155e-001
6.0000000000000000e+000 	1.3910012894304979e-001 	-1.3444594067769437e-002 	1.2565553487528036e-001
6.4000000000000004e+000 	1.3912195005228750e-001 	-1.3445952175415400e-002 	1.2567599787687209e-001
6.7999999999999998e+000 	1.3914256461398261e-001 	-1.3447259076218880e-002 	1.2569530553776373e-001
7.2000000000000002e+000 	1.3916232791831301e-001 	-1.3448502920926586e-002 	1.2571382499738648e-001
7.5999999999999996e+000 	1.3918150362326134e-001 	-1.3449674766611309e-002 	1.2573182885665010e-001
8.0000000000000000e+000 	1.3920026660612037e-001 	-1.3450766432475456e-002 	1.2574950017364486e-001
8.8000000000000007e+000 	1.3951242522535451e-001 	-1.3452663661620774e-002 	1.2605976156373375e-001
9.5999999999999996e+000 	1.3927175123626540e-001 	-1.3454132479620892e-002 	1.2581761875664452e-001
1.0400000000000000e+001 	1.3930436861619760e-001 	-1.3455100113998484e-002 	1.2584926850219907e-001
1.1199999999999999e+001 	1.3933361134115849e-001 	-1.3455467806169288e-002 	1.2587814353498927e-001
1.2000000000000000e+001 	1.3935827953751204e-001 	-1.3455134143035043e-002 	1.2590314539447700e-001
1.2800000000000001e+001 	1.3937717955790899e-001 	-1.3453966493362030e-002 	1.2592321306454696e-001
1.3600000000000000e+001 	1.3938922167354750e-001 	-1.3451804541850541e-002 	1.2593741713169701e-001
1.4400000000000000e+001 	1.3939346860464524e-001 	-1.3448462757676985e-002 	1.2594500584696824e-001
1.5199999999999999e+001 	1.3938914866910340e-001 	-1.3443731730377979e-002 	1.2594541693872541e-001
1.6000000000000000e+001 	1.3937564733371016e-001 	-1.3437381833302217e-002 	1.2593826550040796e-001
1.6800000000000001e+001 	1.3935248797731614e-001 	-1.3429169437166781e-002 	1.2592331854014938e-001
1.7600000000000001e+001 	1.3931930914760596e-001 	-1.3418844518723201e-002 	1.2590046462888274e-001
1.8399999999999999e+001 	1.3927584259768358e-001 	-1.3406158588821833e-002 	1.2586968400886178e-001
2.0000000000000000e+001 	1.3930770253776190e-001 	-1.3372480108424113e-002 	1.2593522242933777e-001
2.1600000000000001e+001 	1.3899591727027946e-001 	-1.3326815780966715e-002 	1.2566910148931276e-001
2.3199999999999999e+001 	1.3879172014178279e-001 	-1.3267980904997005e-002 	1.2552373923678581e-001
2.4800000000000001e+001 	1.3854474858380228e-001 	-1.3195165570471986e-002 	1.2534958301333035e-001
2.6399999999999999e+001 	1.3825549109376464e-001 	-1.3108044388948206e-002 	1.2514744670481637e-001
2.8000000000000000e+001 	1.3792474410356709e-001 	-1.3006682315961386e-002 	1.2491806178760571e-001
2.9600000000000001e+001 	1.3755357419332870e-001 	-1.2891553794516869e-002 	1.2466202039881176e-001
3.1199999999999999e+001 	1.3714328437144269e-001 	-1.2763460586653732e-002 	1.2437982378478897e-001
3.2800000000000004e+001 	1.3669538091794076e-001 	-1.2623435130824652e-002 	1.2407194578711615e-001
3.4399999999999999e+001 	1.3621153919858175e-001 	-1.2472664533547260e-002 	1.2373887466503442e-001
3.6000000000000000e+001 	1.3569356856395051e-001 	-1.2312429276952577e-002 	1.2338113928699797e-001
3.7600000000000001e+001 	1.3514337736831944e-001 	-1.2144050450698969e-002 	1.2299932691762053e-001
4.0800000000000004e+001 	1.3401661336660944e-001 	-1.1789678974879599e-002 	1.2222693439172982e-001
4.4000000000000000e+001 	1.3266629565612884e-001 	-1.1418013577062368e-002 	1.2124828207906649e-001
4.7199999999999996e+001 	1.3128644287744340e-001 	-1.1037023817643944e-002 	1.2024941905979952e-001
5.0399999999999999e+001 	1.2983192452155023e-001 	-1.0653548489617894e-002 	1.1917837603193238e-001
5.3600000000000001e+001 	1.2831636417848410e-001 	-1.0273080449393110e-002 	1.1804328372909101e-001
5.6800000000000004e+001 	1.2675217096223090e-001 	-9.8997816364650108e-003 	1.1685238932576587e-001
6.0000000000000000e+001 	1.2515043174206239e-001 	-9.5366170776573795e-003 	1.1561381466440505e-001
6.3200000000000003e+001 	1.2352090723049512e-001 	-9.1855452641680241e-003 	1.1433536196632711e-001
6.6400000000000006e+001 	1.2187209240624543e-001 	-8.8477296985052540e-003 	1.1302436270774018e-001
6.9599999999999994e+001 	1.2021131377944658e-001 	-8.5237316958057495e-003 	1.1168758208364077e-001
7.2799999999999997e+001 	1.1854484424355048e-001 	-8.2136718086184991e-003 	1.1033117243493197e-001
7.9200000000000003e+001 	1.1525185570749155e-001 	-7.6337933426652311e-003 	1.0761806236482629e-001
8.5599999999999994e+001 	1.1192633069260415e-001 	-7.1046981159224925e-003 	1.0482163257668159e-001
9.2000000000000000e+001 	1.0868481584650418e-001 	-6.6219084643135461e-003 	1.0206290738219066e-001
9.8400000000000006e+001 	1.0551263737150238e-001 	-6.1806551390920826e-003 	9.9331982232410368e-002
1.0480000000000001e+002 	1.0242140184310830e-001 	-5.7763918995391876e-003 	9.6645009943569143e-002
1.1119999999999999e+002 	9.9418700739927535e-002 	-5.4050308533734690e-003 	9.4013669886554060e-002
1.1759999999999999e+002 	9.6509090234607173e-002 	-5.0630008642362796e-003 	9.1446089370370867e-002
1.2400000000000000e+002 	9.3694880993623622e-002 	-4.7472223493136307e-003 	8.8947658644309993e-002
1.3039999999999998e+002 	9.0976741668960623e-002 	-4.4550506087990271e-003 	8.6521691060161623e-002
1.3680000000000001e+002 	8.8354149947198923e-002 	-4.1842116805709912e-003 	8.4169938266627942e-002
1.4319999999999999e+002 	8.5825727205991340e-002 	-3.9327410665752930e-003 	8.1892986139416007e-002
1.5600000000000000e+002 	8.1092225655219882e-002 	-3.4796202939944287e-003 	7.7612605361225454e-002
1.6880000000000001e+002 	7.6599555425315838e-002 	-3.0861417094123792e-003 	7.3513413715903503e-002
1.8160000000000002e+002 	7.2483849905262687e-002 	-2.7434909019445333e-003 	6.9740359003318181e-002
1.9439999999999998e+002 	6.8669154033014310e-002 	-2.4442731454297579e-003 	6.6224880887584575e-002
2.0719999999999999e+002 	6.5132219354350290e-002 	-2.1824111463366858e-003 	6.2949808208013602e-002
2.2000000000000000e+002 	6.1850617973351771e-002 	-1.9528090427961323e-003 	5.9897808930555650e-002
2.3280000000000001e+002 	5.8803199214488844e-002 	-1.7511309751289878e-003 	5.7052068239359849e-002
2.4560000000000002e+002 	5.5970309549494987e-002 	-1.5736745008354282e-003 	5.4396635048659568e-002
2.5840000000000003e+002 	5.3333861850904107e-002 	-1.4172751090392604e-003 	5.1916586741864820e-002
2.7119999999999999e+002 	5.0877313896034948e-002 	-1.2792226570535299e-003 	4.9598091238981408e-002
2.8400000000000000e+002 	4.8585595741154931e-002 	-1.1571894241783614e-003 	4.7428406316976590e-002
2.9680000000000001e+002 	4.6445011110515327e-002 	-1.0491701412959238e-003 	4.5395840969219378e-002
3.0959999999999997e+002 	4.4443128215189913e-002 	-9.5343261312566909e-004 	4.3489695602064234e-002
3.3519999999999999e+002 	4.0853070909402073e-002 	-7.9127014821155171e-004 	4.0061800761190529e-002
3.6080000000000001e+002 	3.7587271489549455e-002 	-6.6312113289127797e-004 	3.6924150356658171e-002
3.8640000000000003e+002 	3.4746586483205534e-002 	-5.6169629229537799e-004 	3.4184890190910172e-002
4.1200000000000000e+002 	3.2223786630278757e-002 	-4.8107057286174437e-004 	3.1742716057417006e-002
4.3759999999999997e+002 	2.9973920481111086e-002 	-4.1678305472872676e-004 	2.9557137426382364e-002
4.6319999999999999e+002 	2.7959269213973834e-002 	-3.6539674337808590e-004 	2.7593872470595752e-002
4.8880000000000001e+002 	2.6148196935753498e-002 	-3.2422451012741098e-004 	2.5823972425626077e-002
5.1439999999999998e+002 	2.4514099725045205e-002 	-2.9116009397561142e-004 	2.4222939631069598e-002
5.4000000000000000e+002 	2.3034517377017560e-002 	-2.6454973247824070e-004 	2.2769967644539320e-002
5.6560000000000002e+002 	2.1690404424681769e-002 	-2.4309165446712876e-004 	2.1447312770214638e-002
5.9119999999999993e+002 	2.0465538087081177e-002 	-2.2575778841707597e-004 	2.0239780298664103e-002
6.1680000000000007e+002 	1.9346038448570455e-002 	-2.1173299590642982e-004 	1.9134305452664032e-002
6.6800000000000000e+002 	1.7400875817396043e-002 	-1.8981221044728279e-004 	1.7211063606948761e-002
7.1919999999999993e+002 	1.5683557097532733e-002 	-1.7601197317030043e-004 	1.5507545124362442e-002
7.7039999999999998e+002 	1.4245775867942586e-002 	-1.6721611770227732e-004 	1.4078559750240308e-002
8.2160000000000002e+002 	1.3006486784245645e-002 	-1.6129174749992493e-004 	1.2845195036745721e-002
8.7280000000000007e+002 	1.1929896440180724e-002 	-1.5714696959188133e-004 	1.1772749470588843e-002
9.2400000000000000e+002 	1.0987802691727982e-002 	-1.5412287266103387e-004 	1.0833679819066945e-002
9.7519999999999993e+002 	1.0157889486133272e-002 	-1.5176597809977670e-004 	1.0006123508033501e-002
1.0264000000000001e+003 	9.4223574212591050e-003 	-1.4976035413600137e-004 	9.2725970671231062e-003
1.0775999999999999e+003 	8.7668783517862812e-003 	-1.4789353667691440e-004 	8.6189848151093720e-003
1.1288000000000000e+003 	8.1798105272398898e-003 	-1.4602862410525996e-004 	8.0337819031346298e-003
1.1800000000000000e+003 	7.6516101549753837e-003 	-1.4408140704242793e-004 	7.5075287479329554e-003
1.2824000000000001e+003 	6.7518608918598734e-003 	-1.3878557698410594e-004 	6.6130753148757673e-003
1.3848000000000000e+003 	5.9743727350051413e-003 	-1.3427130865557139e-004 	5.8401014263495706e-003
1.4872000000000000e+003 	5.3391147352927640e-003 	-1.2926742869269069e-004 	5.2098473066000744e-003
1.5895999999999999e+003 	4.8023209213487669e-003 	-1.2348349181718295e-004 	4.6788374295315830e-003
1.6920000000000000e+003 	4.3442513429287899e-003 	-1.1720199695566945e-004 	4.2270493459731218e-003
1.7944000000000001e+003 	3.9499141980461755e-003 	-1.1068626817356508e-004 	3.8392279298726105e-003
1.8968000000000000e+003 	3.6078161955337921e-003 	-1.0410664938127417e-004 	3.5037095461525189e-003
1.9992000000000000e+003 	3.3090268518431668e-003 	-9.7579453526321121e-005 	3.2114473983168436e-003
2.1015999999999999e+003 	3.0465066534691061e-003 	-9.1191863794775523e-005 	2.9553147896743300e-003
2.2040000000000000e+003 	2.8146298675617220e-003 	-8.5010362125741463e-005 	2.7296195054359808e-003
2.3064000000000001e+003 	2.6088440739642491e-003 	-7.9083826081121912e-005 	2.5297602478831275e-003
2.5112000000000003e+003 	2.2647636189793456e-003 	-6.7428830178007954e-005 	2.1973347888013381e-003
2.7160000000000000e+003 	1.9747703583886610e-003 	-5.8151910325310324e-005 	1.9166184480633509e-003
2.9207999999999997e+003 	1.7443359469405018e-003 	-4.9984222460269587e-005 	1.6943517244802319e-003
3.1255999999999999e+003 	1.5546060689537980e-003 	-4.2750259796179567e-005 	1.5118558091576186e-003
3.3304000000000001e+003 	1.3966460683100001e-003 	-3.6513827666746616e-005 	1.3601322406432532e-003
3.5352000000000003e+003 	1.2637556791039036e-003 	-3.1225332413317914e-005 	1.2325303466905857e-003
3.7400000000000000e+003 	1.1508735502665532e-003 	-2.6770996559497890e-005 	1.1241025537070547e-003
3.9447999999999997e+003 	1.0541338683889888e-003 	-2.3028596953277348e-005 	1.0311052714357114e-003
4.1496000000000004e+003 	9.7054859961548108e-004 	-1.9886649393603130e-005 	9.5066195022187774e-004
4.3543999999999996e+003 	8.9778161729105351e-004 	-1.7248123655290226e-005 	8.8053349363576331e-004
4.5591999999999998e+003 	8.3398719918556931e-004 	-1.5030057403006985e-005 	8.1895714178256218e-004
4.7640000000000000e+003 	7.7769315324562158e-004 	-1.3162244479261407e-005 	7.6453090876636004e-004
4.9688000000000002e+003 	7.2771505311272026e-004 	-1.1585725721322511e-005 	7.1612932739139798e-004
5.3783999999999996e+003 	6.4395106946160306e-004 	-8.8061585785688165e-006 	6.3514491088303429e-004
5.7880000000000000e+003 	5.7262955676054984e-004 	-7.1918958506501229e-006 	5.6543766090989974e-004
6.1976000000000004e+003 	5.1531269782639202e-004 	-5.9335468446529143e-006 	5.0937915098173906e-004
6.6071999999999998e+003 	4.6734150444275175e-004 	-4.9298978055668815e-006 	4.6241160663718480e-004
7.0168000000000002e+003 	4.2661815627019245e-004 	-4.1517312242954148e-006 	4.2246642504589700e-004
7.4264000000000005e+003 	3.9161096098093353e-004 	-3.5432063001265736e-006 	3.8806775468080697e-004
7.8360000000000000e+003 	3.6119038737259955e-004 	-3.0537874566892097e-006 	3.5813659991591035e-004
8.2456000000000004e+003 	3.3451019986144721e-004 	-2.6476304580814511e-006 	3.3186256940336575e-004
8.6552000000000007e+003 	3.1092491786460536e-004 	-2.3006693820763748e-006 	3.0862424848252911e-004
9.0647999999999993e+003 	2.8993326012975831e-004 	-1.9966750967328230e-006 	2.8793658503302553e-004
9.4743999999999996e+003 	2.7113930313606355e-004 	-1.7245418242196598e-006 	2.6941476131184391e-004
1.0293600000000000e+004 	2.3945078981250581e-004 	-1.1054584148369030e-006 	2.3834533139766891e-004
1.1112799999999999e+004 	2.1188593256378375e-004 	-8.1933764296021465e-007 	2.1106659492082364e-004
1.1932000000000000e+004 	1.8960131586291871e-004 	-4.6756565930261737e-007 	1.8913375020361607e-004
1.2751200000000001e+004 	1.7082042441621367e-004 	-1.1812398024484087e-007 	1.7070230043596886e-004
1.3570400000000000e+004 	1.5481912162007851e-004 	2.0069900120398998e-007 	1.5501982062128249e-004
1.4389600000000000e+004 	1.4105411146491344e-004 	4.9137564547599295e-007 	1.4154548711038941e-004
1.5208799999999999e+004 	1.2911263174671117e-004 	7.5795528607873901e-007 	1.2987058703278987e-004
1.6027999999999998e+004 	1.1867614755764225e-004 	1.0023134592770576e-006 	1.1967846101691928e-004
1.6847200000000001e+004 	1.0949498668115981e-004 	1.2253113333309106e-006 	1.1072029801449071e-004
1.7666399999999998e+004 	1.0137065992644094e-004 	1.4275702619607629e-006 	1.0279823018840167e-004
1.8485600000000002e+004 	9.4143387865103082e-005 	1.6097441558911072e-006 	9.5753132020994183e-005
2.0124000000000000e+004 	8.2102395621863836e-005 	1.9747685506068709e-006 	8.4077164172470677e-005
2.1762399999999998e+004 	7.1708703184933782e-005 	2.1530693912089967e-006 	7.3861772576142766e-005
2.3400799999999999e+004 	6.3453497982478662e-005 	2.3293083306301275e-006 	6.5782806313108798e-005
2.5039200000000001e+004 	5.6592083172110261e-005 	2.4577685317813920e-006 	5.9049851703891641e-005
2.6677600000000002e+004 	5.0822740727682874e-005 	2.5380273135562257e-006 	5.3360768041239105e-005
2.8316000000000000e+004 	4.5920608784448756e-005 	2.5796651234912430e-006 	4.8500273907939996e-005
-2850 0
-2.8500000000000000e+003 0.0000000000000000e+000 0.0000000000000000e+000
1
1 1 1 1
1
         t, ms                         dVp, mV                         dVs, mV                         dV, mV
5.0000000000000000e-001 	1.1037266996818915e-001 	-1.4343319448591355e-002 	9.6029350519597823e-002
5.9999999999999998e-001 	1.1051154623524258e-001 	-1.4343242752147952e-002 	9.6168303483094603e-002
6.9999999999999996e-001 	1.1060283511033457e-001 	-1.4343391629644067e-002 	9.6259443480690474e-002
8.0000000000000004e-001 	1.1067472187517781e-001 	-1.4343666748572991e-002 	9.6331055126604823e-002
9.0000000000000002e-001 	1.1073553579455669e-001 	-1.4343990088652553e-002 	9.6391545705904122e-002
1.0000000000000000e+000 	1.1078847569303714e-001 	-1.4344308153017807e-002 	9.6444167540019346e-002
1.1000000000000001e+000 	1.1083524128373469e-001 	-1.4344587927272159e-002 	9.6490653356462577e-002
1.2000000000000000e+000 	1.1087696580882894e-001 	-1.4344811835764536e-002 	9.6532153973064402e-002
1.3000000000000000e+000 	1.1091449040949680e-001 	-1.4344973388522210e-002 	9.6569517020974632e-002
1.3999999999999999e+000 	1.1094846873940711e-001 	-1.4345073660702442e-002 	9.6603395078704662e-002
1.6000000000000001e+000 	1.1207774191600255e-001 	-1.4345128223352273e-002 	9.7732613692650266e-002
1.8000000000000000e+000 	1.1105877904254498e-001 	-1.4345037511095770e-002 	9.6713741531449238e-002
2.0000000000000000e+000 	1.1110212601825853e-001 	-1.4344868126109517e-002 	9.6757257892149007e-002
2.2000000000000002e+000 	1.1113981666751571e-001 	-1.4344677916690300e-002 	9.6795138750825432e-002
2.3999999999999999e+000 	1.1117298937621398e-001 	-1.4344510183998908e-002 	9.6828479192215100e-002
2.6000000000000001e+000 	1.1120249063095260e-001 	-1.4344392782940312e-002 	9.6858097848012303e-002
2.7999999999999998e+000 	1.1122895942174195e-001 	-1.4344339851662348e-002 	9.6884619570079641e-002
3.0000000000000000e+000 	1.1125288723594440e-001 	-1.4344354821182412e-002 	9.6908532414761911e-002
3.2000000000000002e+000 	1.1127465921242756e-001 	-1.4344433669663186e-002 	9.6930225542764370e-002
3.3999999999999999e+000 	1.1129458226502256e-001 	-1.4344567799591772e-002 	9.6950014465430848e-002
3.6000000000000001e+000 	1.1131290457559886e-001 	-1.4344746306904448e-002 	9.6968158268694440e-002
4.0000000000000000e+000 	1.1173716804411951e-001 	-1.4345175977696616e-002 	9.7391992066422919e-002
4.4000000000000004e+000 	1.1137413514131411e-001 	-1.4345669669296299e-002 	9.7028465472017836e-002
4.7999999999999998e+000 	1.1139903566469082e-001 	-1.4346130312628883e-002 	9.7052905352061972e-002
5.2000000000000002e+000 	1.1142114291461107e-001 	-1.4346548592947718e-002 	9.7074594321663377e-002
5.5999999999999996e+000 	1.1144105059383107e-001 	-1.4346900741788803e-002 	9.7094149852042275e-002
6.0000000000000000e+000 	1.1145925538200842e-001 	-1.4347168244483469e-002 	9.7112087137524949e-002
6.4000000000000004e+000 	1.1147617468715942e-001 	-1.4347347509099205e-002 	9.7128827178060220e-002
6.7999999999999998e+000 	1.1149215305380576e-001 	-1.4347444953510676e-002 	9.7144708100295157e-002
7.2000000000000002e+000 	1.1150746288971987e-001 	-1.4347470940109585e-002 	9.7159991949610267e-002
7.5999999999999996e+000 	1.1152230445443165e-001 	-1.4347435909875887e-002 	9.7174868544555773e-002
8.0000000000000000e+000 	1.1153680799590411e-001 	-1.4347348428837784e-002 	9.7189459567066289e-002
8.8000000000000007e+000 	1.1177871814781802e-001 	-1.4347034322306666e-002 	9.7431683825511359e-002
9.5999999999999996e+000 	1.1159169724075174e-001 	-1.4346518850540800e-002 	9.7245178390210921e-002
1.0400000000000000e+001 	1.1161638152126090e-001 	-1.4345746632898114e-002 	9.7270634888362781e-002
1.1199999999999999e+001 	1.1163810940863106e-001 	-1.4344618345040789e-002 	9.7293491063590309e-002
1.2000000000000000e+001 	1.1165585416211896e-001 	-1.4342989115697664e-002 	9.7312865046421324e-002
1.2800000000000001e+001 	1.1166858932839011e-001 	-1.4340670677572174e-002 	9.7327918650817941e-002
1.3600000000000000e+001 	1.1167536662118882e-001 	-1.4337439903987602e-002 	9.7337926717201248e-002
1.4400000000000000e+001 	1.1167535497902048e-001 	-1.4333045827748853e-002 	9.7342309151271622e-002
1.5199999999999999e+001 	1.1166785166906060e-001 	-1.4327216199901620e-002 	9.7340635469158943e-002
1.6000000000000000e+001 	1.1165227634815510e-001 	-1.4319665243077179e-002 	9.7332611105077918e-002
1.6800000000000001e+001 	1.1162815665837249e-001 	-1.4310102212878244e-002 	9.7318054445494281e-002
1.7600000000000001e+001 	1.1159511113968321e-001 	-1.4298239912544334e-002 	9.7296871227138856e-002
1.8399999999999999e+001 	1.1155283285070983e-001 	-1.4283802572946230e-002 	9.7269030277763638e-002
2.0000000000000000e+001 	1.1155576924605128e-001 	-1.4245924809751190e-002 	9.7309844436300086e-002
2.1600000000000001e+001 	1.1128683229315177e-001 	-1.4195087420938167e-002 	9.7091744872213614e-002
2.3199999999999999e+001 	1.1109425535525523e-001 	-1.4130156270251132e-002 	9.6964099085004113e-002
2.4800000000000001e+001 	1.1086131208152457e-001 	-1.4050440702173997e-002 	9.6810871379350585e-002
2.6399999999999999e+001 	1.1058800344869761e-001 	-1.3955745830112666e-002 	9.6632257618584960e-002
2.8000000000000000e+001 	1.1027469537396845e-001 	-1.3846305800575977e-002 	9.6428389573392462e-002
2.9600000000000001e+001 	1.0992209079300562e-001 	-1.3722748484177696e-002 	9.6199342308827943e-002
3.1199999999999999e+001 	1.0953119800344246e-001 	-1.3586006227150777e-002 	9.5945191776291683e-002
3.2800000000000004e+001 	1.0910329466061622e-001 	-1.3437225378695824e-002 	9.5666069281920410e-002
3.4399999999999999e+001 	1.0863988794102648e-001 	-1.3277691336781555e-002 	9.5362196604244900e-002
3.6000000000000000e+001 	1.0814267242484056e-001 	-1.3108765266378926e-002 	9.5033907158461675e-002
3.7600000000000001e+001 	1.0761348765763727e-001 	-1.2931830225260354e-002 	9.4681657432376887e-002
4.0800000000000004e+001 	1.0651538055543955e-001 	-1.2560929217828946e-002 	9.3954451337610642e-002
4.4000000000000000e+001 	1.0522293939996313e-001 	-1.2173537229041470e-002 	9.3049402170921641e-002
4.7199999999999996e+001 	1.0388841774442355e-001 	-1.1777665252368355e-002 	9.2110752492055178e-002
5.0399999999999999e+001 	1.0248128716039667e-001 	-1.1380108472717582e-002 	9.1101178687679099e-002
5.3600000000000001e+001 	1.0101579913965693e-001 	-1.0986253432566144e-002 	9.0029545707090791e-002
5.6800000000000004e+001 	9.9505001150501204e-002 	-1.0600129751669435e-002 	8.8904871398831756e-002
6.0000000000000000e+001 	9.7960578831307557e-002 	-1.0224578074753748e-002 	8.7736000756553786e-002
6.3200000000000003e+001 	9.6392819325364851e-002 	-9.8614615856870962e-003 	8.6531357739677739e-002
6.6400000000000006e+001 	9.4810653303756390e-002 	-9.5118802381335809e-003 	8.5298773065622877e-002
6.9599999999999994e+001 	9.3221744750659460e-002 	-9.1763597791210127e-003 	8.4045384971538503e-002
7.2799999999999997e+001 	9.1632606104809222e-002 	-8.8550083843624231e-003 	8.2777597720446780e-002
7.9200000000000003e+001 	8.8505429570243099e-002 	-8.2533040766007149e-003 	8.0252125493642371e-002
8.5599999999999994e+001 	8.5379469734404217e-002 	-7.7035268640443079e-003 	7.7675942870359893e-002
9.2000000000000000e+001 	8.2353343138295412e-002 	-7.2014075379227376e-003 	7.5151935600372630e-002
9.8400000000000006e+001 	7.9416763921893035e-002 	-6.7423931168817432e-003 	7.2674370805011296e-002
1.0480000000000001e+002 	7.6579583434207316e-002 	-6.3221051939005056e-003 	7.0257478240306814e-002
1.1119999999999999e+002 	7.3847401115503669e-002 	-5.9365447353608445e-003 	6.7910856380142826e-002
1.1759999999999999e+002 	7.1222689186106275e-002 	-5.5821512533267299e-003 	6.5640537932779561e-002
1.2400000000000000e+002 	6.8705688517755936e-002 	-5.2557933974669603e-003 	6.3449895120288993e-002
1.3039999999999998e+002 	6.6295083214962164e-002 	-4.9547292582992350e-003 	6.1340353956662916e-002
1.3680000000000001e+002 	6.3988494862795356e-002 	-4.6765562517806919e-003 	5.9311938611014657e-002
1.4319999999999999e+002 	6.1782839806482158e-002 	-4.4191613725873121e-003 	5.7363678433894845e-002
1.5600000000000000e+002 	5.7700330591786059e-002 	-3.9576053830185261e-003 	5.3742725208767522e-002
1.6880000000000001e+002 	5.3883634154818498e-002 	-3.5593443443973443e-003 	5.0324289810421169e-002
1.8160000000000002e+002 	5.0439581027142709e-002 	-3.2145066174110990e-003 	4.7225074409731609e-002
1.9439999999999998e+002 	4.7293026844974231e-002 	-2.9148494311022561e-003 	4.4378177413871948e-002
2.0719999999999999e+002 	4.4415771394685624e-002 	-2.6535480989636085e-003 	4.1762223295722010e-002
2.2000000000000000e+002 	4.1781646065935381e-002 	-2.4248813061989523e-003 	3.9356764759736436e-002
2.3280000000000001e+002 	3.9366750158909475e-002 	-2.2240448357697326e-003 	3.7142705323139742e-002
2.4560000000000002e+002 	3.7149470724845909e-002 	-2.0470145044612369e-003 	3.5102456220384659e-002
2.5840000000000003e+002 	3.5110384121201821e-002 	-1.8904184827854115e-003 	3.3219965638416414e-002
2.7119999999999999e+002 	3.3232098856612706e-002 	-1.7514234324111351e-003 	3.1480675424201576e-002
2.8400000000000000e+002 	3.1499074966714335e-002 	-1.6276397709329611e-003 	2.9871435195781369e-002
2.9680000000000001e+002 	2.9897439965791559e-002 	-1.5170449270307288e-003 	2.8380395038760820e-002
3.0959999999999997e+002 	2.8414812165685869e-002 	-1.4179212616019640e-003 	2.6996890904083904e-002
3.3519999999999999e+002 	2.5794564911092818e-002 	-1.2469670200471912e-003 	2.4547597891045624e-002
3.6080000000000001e+002 	2.3446904653752466e-002 	-1.1071926573514438e-003 	2.2339711996401033e-002
3.8640000000000003e+002 	2.1443115768438450e-002 	-9.9192923540434392e-004 	2.0451186533034110e-002
4.1200000000000000e+002 	1.9691838784616576e-002 	-8.9592180617819185e-004 	1.8795916978438378e-002
4.3759999999999997e+002 	1.8153012806261349e-002 	-8.1515228010651402e-004 	1.7337860526154828e-002
4.6319999999999999e+002 	1.6793801730456713e-002 	-7.4654073018046369e-004 	1.6047261000276248e-002
4.8880000000000001e+002 	1.5587283771228994e-002 	-6.8772426853952126e-004 	1.4899559502689473e-002
5.1439999999999998e+002 	1.4511304611553557e-002 	-6.3687721215128145e-004 	1.3874427399402275e-002
5.4000000000000000e+002 	1.3547539398757330e-002 	-5.9257409670451116e-004 	1.2954965302052819e-002
5.6560000000000002e+002 	1.2680744974623463e-002 	-5.5369124690719676e-004 	1.2127053727716266e-002
5.9119999999999993e+002 	1.1898168790940661e-002 	-5.1933521419182465e-004 	1.1378833576748834e-002
6.1680000000000007e+002 	1.1189081993685016e-002 	-4.8878953478720107e-004 	1.0700292458897814e-002
6.6800000000000000e+002 	9.9713515860091542e-003 	-4.3605865135184141e-004 	9.5352929346573124e-003
7.1919999999999993e+002 	8.9086488633243546e-003 	-3.9338690781226976e-004 	8.5152619555120858e-003
7.7039999999999998e+002 	8.0318505317004737e-003 	-3.5821977936434125e-004 	7.6736307523361299e-003
8.2160000000000002e+002 	7.2848332855574866e-003 	-3.2862107538345173e-004 	6.9562122101740360e-003
8.7280000000000007e+002 	6.6425447908975161e-003 	-3.0331816395375027e-004 	6.3392266269437668e-003
9.2400000000000000e+002 	6.0856213017164889e-003 	-2.8142340473026449e-004 	5.8041978969862237e-003
9.7519999999999993e+002 	5.5990107751087382e-003 	-2.6227364727541994e-004 	5.3367371278333171e-003
1.0264000000000001e+003 	5.1708995041056674e-003 	-2.4535791539237792e-004 	4.9255415887132885e-003
1.0775999999999999e+003 	4.7919136830782598e-003 	-2.3027958536490180e-004 	4.5616340977133567e-003
1.1288000000000000e+003 	4.4545340384426696e-003 	-2.1672922464015129e-004 	4.2378048138025206e-003
1.1800000000000000e+003 	4.1526664351000135e-003 	-2.0446323804711378e-004 	3.9482031970528991e-003
1.2824000000000001e+003 	3.6420669124708708e-003 	-1.8244955137605476e-004 	3.4596173610948154e-003
1.3848000000000000e+003 	3.2042519222335235e-003 	-1.6431534002489209e-004 	3.0399365822086316e-003
1.4872000000000000e+003 	2.8496875401358788e-003 	-1.4881691748465465e-004 	2.7008706226512246e-003
1.5895999999999999e+003 	2.5522188171152775e-003 	-1.3520229953663466e-004 	2.4170165175786437e-003
1.6920000000000000e+003 	2.2999698043404933e-003 	-1.2312820886175956e-004 	2.1768415954787333e-003
1.7944000000000001e+003 	2.0840212706844529e-003 	-1.1236864718961549e-004 	1.9716526234948373e-003
1.8968000000000000e+003 	1.8976054314446419e-003 	-1.0273630865162429e-004 	1.7948691227930179e-003
1.9992000000000000e+003 	1.7355120917941121e-003 	-9.4076643755418695e-005 	1.6414354480386937e-003
2.1015999999999999e+003 	1.5936679977776905e-003 	-8.6265308958808964e-005 	1.5074026888188814e-003
2.2040000000000000e+003 	1.4688417362915842e-003 	-7.9201855319426209e-005 	1.3896398809721577e-003
2.3064000000000001e+003 	1.3584355259741445e-003 	-7.2803426732108106e-005 	1.2856320992420359e-003
2.5112000000000003e+003 	1.1745959449069828e-003 	-6.1354709238653615e-005 	1.1132412356683287e-003
2.7160000000000000e+003 	1.0204332485426783e-003 	-5.2326190950686998e-005 	9.6810705759199157e-004
2.9207999999999997e+003 	8.9859139318143729e-004 	-4.4858792799216151e-005 	8.5373260038222132e-004
3.1255999999999999e+003 	7.9872275036205111e-004 	-3.8592497016331282e-005 	7.6013025334571987e-004
3.3304000000000001e+003 	7.1590659899112654e-004 	-3.3361744674280798e-005 	6.8254485431684566e-004
3.5352000000000003e+003 	6.4647800019180070e-004 	-2.9008306089569710e-005 	6.1746969410223114e-004
3.7400000000000000e+003 	5.8768596091460928e-004 	-2.5380194270267283e-005 	5.6230576664434201e-004
3.9447999999999997e+003 	5.3744122293920751e-004 	-2.2346538215001371e-005 	5.1509468472420617e-004
4.1496000000000004e+003 	4.9413702980328350e-004 	-1.9799808025097117e-005 	4.7433722177818633e-004
4.3543999999999996e+003 	4.5652273577675436e-004 	-1.7652654042084685e-005 	4.3887008173466966e-004
4.5591999999999998e+003 	4.2361410190967319e-004 	-1.5834151679657334e-005 	4.0777995023001581e-004
4.7640000000000000e+003 	3.9462881569793910e-004 	-1.4286620575035289e-005 	3.8034219512290382e-004
4.9688000000000002e+003 	3.6893945735716173e-004 	-1.2963080985665849e-005 	3.5597637637149585e-004
5.3783999999999996e+003 	3.2597710881175819e-004 	-1.0691699540936416e-005 	3.1528540927082182e-004
5.7880000000000000e+003 	2.8947731952916821e-004 	-9.1546227281052344e-006 	2.8032269680106309e-004
6.1976000000000004e+003 	2.6022336994346233e-004 	-7.9463086082327133e-006 	2.5227706133522973e-004
6.6071999999999998e+003 	2.3578927601893482e-004 	-6.9695082778813668e-006 	2.2881976774105346e-004
7.0168000000000002e+003 	2.1508245349694921e-004 	-6.1809594720041633e-006 	2.0890149402494503e-004
7.4264000000000005e+003 	1.9730781815070251e-004 	-5.5354627531686193e-006 	1.9177235539753388e-004
7.8360000000000000e+003 	1.8188085205739194e-004 	-4.9956176022051338e-006 	1.7688523445518684e-004
8.2456000000000004e+003 	1.6836485030767906e-004 	-4.5345757414684505e-006 	1.6383027456621060e-004
8.6552000000000007e+003 	1.5642751599571059e-004 	-4.1336271134217954e-006 	1.5229388888228886e-004
9.0647999999999993e+003 	1.4581132907085680e-004 	-3.7795658819979001e-006 	1.4203176318885885e-004
9.4743999999999996e+003 	1.3631326483894081e-004 	-3.4628728329054202e-006 	1.3285039200603536e-004
1.0293600000000000e+004 	1.2031379264157159e-004 	-2.8507004572735751e-006 	1.1746309218429801e-004
1.1112799999999999e+004 	1.0640579000843285e-004 	-2.4422897789140166e-006 	1.0396350022951883e-004
1.1932000000000000e+004 	9.5174673822840658e-005 	-2.0531331933630039e-006 	9.3121540629477673e-005
1.2751200000000001e+004 	8.5716695981323900e-005 	-1.6997728352417100e-006 	8.4016923146082217e-005
1.3570400000000000e+004 	7.7663749362250588e-005 	-1.3881809622853341e-006 	7.6275568399965249e-005
1.4389600000000000e+004 	7.0740077901137503e-005 	-1.1120764896363151e-006 	6.9628001411501183e-005
1.5208799999999999e+004 	6.4736465426724747e-005 	-8.6550984965794540e-007 	6.3870955577066812e-005
1.6027999999999998e+004 	5.9491647308693697e-005 	-6.4446179236910120e-007 	5.8847185516324593e-005
1.6847200000000001e+004 	5.4879349512353840e-005 	-4.4608196262446282e-007 	5.4433267549729359e-005
1.7666399999999998e+004 	5.0799270835613687e-005 	-2.6813944914496194e-007 	5.0531131386468716e-005
1.8485600000000002e+004 	4.7170731080243291e-005 	-1.0876455193547845e-007 	4.7061966528307824e-005
2.0124000000000000e+004 	4.1127779517571241e-005 	1.8678523544129746e-007 	4.1314564753012542e-005
2.1762399999999998e+004 	3.5912919054211645e-005 	3.7496255993904130e-007 	3.6287881614150688e-005
2.3400799999999999e+004 	3.1772972738470312e-005 	5.4107743181118670e-007 	3.2314050170281506e-005
2.5039200000000001e+004 	2.8333098853264199e-005 	6.7017850494568085e-007 	2.9003277358209885e-005
2.6677600000000002e+004 	2.5441489336234435e-005 	7.6507302965658202e-007 	2.6206562365891020e-005
2.8316000000000000e+004 	2.2985076773184931e-005 	8.3257647975065097e-007 	2.3817653252935580e-005
-2250 0
-2.2500000000000000e+003 0.0000000000000000e+000 0.0000000000000000e+000
1
1 1 1 1
1
         t, ms                         dVp, mV                         dVs, mV                         dV, mV
5.0000000000000000e-001 	2.9778777829741677e-002 	4.2245614724531895e-004 	3.0201233976986989e-002
5.9999999999999998e-001 	2.9822024013099517e-002 	4.2258480735989014e-004 	3.0244608820459404e-002
6.9999999999999996e-001 	2.9850451038476545e-002 	4.2259739526394888e-004 	3.0273048433740495e-002
8.0000000000000004e-001 	2.9872836331898543e-002 	4.2253253705898099e-004 	3.0295368868957527e-002
9.0000000000000002e-001 	2.9891773685178875e-002 	4.2242415615957585e-004 	3.0314197841338437e-002
1.0000000000000000e+000 	2.9908259183563077e-002 	4.2229855323438933e-004 	3.0330557736797450e-002
1.1000000000000001e+000 	2.9922822084675203e-002 	4.2217466712063905e-004 	3.0344996751795836e-002
1.2000000000000000e+000 	2.9935815254334863e-002 	4.2206514596318767e-004 	3.0357880400298062e-002
1.3000000000000000e+000 	2.9947500604848406e-002 	4.2197755620171270e-004 	3.0369478161050126e-002
1.3999999999999999e+000 	2.9958081673287291e-002 	4.2191555269681017e-004 	3.0379997225984105e-002
1.6000000000000001e+000 	3.0309774361488961e-002 	4.2186651761759881e-004 	3.0731640879106559e-002
1.8000000000000000e+000 	2.9992433283049100e-002 	4.2190369656848600e-004 	3.0414336979617592e-002
2.0000000000000000e+000 	3.0005932052139316e-002 	4.2200254280431266e-004 	3.0427934594943626e-002
2.2000000000000002e+000 	3.0017669441384055e-002 	4.2213629040441860e-004 	3.0439805731788467e-002
2.3999999999999999e+000 	3.0027999937138408e-002 	4.2227901791440001e-004 	3.0450278955052819e-002
2.6000000000000001e+000 	3.0037187131382682e-002 	4.2240855455659285e-004 	3.0459595685939284e-002
2.7999999999999998e+000 	3.0045430003935926e-002 	4.2250778152369089e-004 	3.0467937785459611e-002
3.0000000000000000e+000 	3.0052881603940113e-002 	4.2256482774508878e-004 	3.0475446431685198e-002
3.2000000000000002e+000 	3.0059661863119293e-002 	4.2257257195900557e-004 	3.0482234435078307e-002
3.3999999999999999e+000 	3.0065866354826637e-002 	4.2252775502695298e-004 	3.0488394109853590e-002
3.6000000000000001e+000 	3.0071572362510113e-002 	4.2242999277474679e-004 	3.0494002355284856e-002
4.0000000000000000e+000 	3.0203702218820270e-002 	4.2208975524416490e-004 	3.0625791974064433e-002
4.4000000000000004e+000 	3.0090641191460647e-002 	4.2155106904073601e-004 	3.0512192260501388e-002
4.7999999999999998e+000 	3.0098396018530458e-002 	4.2089196910278685e-004 	3.0519287987633249e-002
5.2000000000000002e+000 	3.0105281246514338e-002 	4.2009991714112368e-004 	3.0525381163655461e-002
5.5999999999999996e+000 	3.0111482264924133e-002 	4.1920062052385560e-004 	3.0530682885447993e-002
6.0000000000000000e+000 	3.0117154741492118e-002 	4.1822565689460212e-004 	3.0535380398386724e-002
6.4000000000000004e+000 	3.0122430372074398e-002 	4.1720228021837003e-004 	3.0539632652292762e-002
6.7999999999999998e+000 	3.0127419098037275e-002 	4.1615332230504040e-004 	3.0543572420342315e-002
7.2000000000000002e+000 	3.0132209531307508e-002 	4.1509895598180850e-004 	3.0547308487289322e-002
7.5999999999999996e+000 	3.0136869098691826e-002 	4.1405766062475754e-004 	3.0550926759316591e-002
8.0000000000000000e+000 	3.0141444793757258e-002 	4.1304630168344925e-004 	3.0554491095440710e-002
8.8000000000000007e+000 	3.0217026328954653e-002 	4.1118484323253180e-004 	3.0628211172187197e-002
9.5999999999999996e+000 	3.0159201039687170e-002 	4.0958308003154165e-004 	3.0568784119718702e-002
1.0400000000000000e+001 	3.0167619312134960e-002 	4.0828119127498167e-004 	3.0575900503409945e-002
1.1199999999999999e+001 	3.0175517733733628e-002 	4.0730383370348616e-004 	3.0582821567437104e-002
1.2000000000000000e+001 	3.0182687982847560e-002 	4.0663571556023739e-004 	3.0589323698407795e-002
1.2800000000000001e+001 	3.0188925811829390e-002 	4.0624857409949408e-004 	3.0595174385928878e-002
1.3600000000000000e+001 	3.0194052699062095e-002 	4.0610492458959560e-004 	3.0600157623651685e-002
1.4400000000000000e+001 	3.0197926391363365e-002 	4.0616177891697095e-004 	3.0604088170280336e-002
1.5199999999999999e+001 	3.0200443506732448e-002 	4.0637522369802820e-004 	3.0606818730430484e-002
1.6000000000000000e+001 	3.0201537309383273e-002 	4.0670408533298409e-004 	3.0608241394716254e-002
1.6800000000000001e+001 	3.0201173056660535e-002 	4.0711209809277680e-004 	3.0608285154753327e-002
1.7600000000000001e+001 	3.0199342509409359e-002 	4.0756884542996510e-004 	3.0606911354839325e-002
1.8399999999999999e+001 	3.0196058535600378e-002 	4.0804990947452700e-004 	3.0604108445074905e-002
2.0000000000000000e+001 	3.0222014075316685e-002 	4.0901463195920174e-004 	3.0631028707275878e-002
2.1600000000000001e+001 	3.0169308809636908e-002 	4.0989990696751837e-004 	3.0579208716604432e-002
2.3199999999999999e+001 	3.0148447587028900e-002 	4.1068032320788956e-004 	3.0559127910236784e-002
2.4800000000000001e+001 	3.0123215919046830e-002 	4.1137496266383579e-004 	3.0534590881710663e-002
2.6399999999999999e+001 	3.0094099247000874e-002 	4.1200197498570095e-004 	3.0506101221986579e-002
2.8000000000000000e+001 	3.0061567695707291e-002 	4.1261083896482404e-004 	3.0474178534672117e-002
2.9600000000000001e+001 	3.0026060454904600e-002 	4.1323729691267760e-004 	3.0439297751817286e-002
3.1199999999999999e+001 	2.9987976687651199e-002 	4.1390133673433930e-004 	3.0401878024385542e-002
3.2800000000000004e+001 	2.9947671036090515e-002 	4.1461573866548833e-004 	3.0362286774756001e-002
3.4399999999999999e+001 	2.9905452271092217e-002 	4.1538850700753962e-004 	3.0320840778099756e-002
3.6000000000000000e+001 	2.9861584058564636e-002 	4.1622166247761203e-004 	3.0277805721042238e-002
3.7600000000000001e+001 	2.9816287129573855e-002 	4.1711031222425095e-004 	3.0233397441798104e-002
4.0800000000000004e+001 	2.9737261903631587e-002 	4.1897507574378790e-004 	3.0156236979375375e-002
4.4000000000000000e+001 	2.9624133857244234e-002 	4.2081947320311857e-004 	3.0044953330447356e-002
4.7199999999999996e+001 	2.9522502478383995e-002 	4.2250866837463812e-004 	2.9945011146758634e-002
5.0399999999999999e+001 	2.9417635088028291e-002 	4.2390510425116665e-004 	2.9841540192279463e-002
5.3600000000000001e+001 	2.9309601936791888e-002 	4.2487770168986706e-004 	2.9734479638481755e-002
5.6800000000000004e+001 	2.9198328807018926e-002 	4.2531938499974992e-004 	2.9623648192018674e-002
6.0000000000000000e+001 	2.9083659470263666e-002 	4.2516279419543108e-004 	2.9508822264459094e-002
6.3200000000000003e+001 	2.8965405399698843e-002 	4.2438690666812010e-004 	2.9389792306366940e-002
6.6400000000000006e+001 	2.8843381911861088e-002 	4.2300979573642837e-004 	2.9266391707597532e-002
6.9599999999999994e+001 	2.8717432210348962e-002 	4.2107839352614447e-004 	2.9138510603875102e-002
7.2799999999999997e+001 	2.8587441592652672e-002 	4.1865962798356992e-004 	2.9006101220636248e-002
7.9200000000000003e+001 	2.8321733218813157e-002 	4.1278978753065331e-004 	2.8734523006343816e-002
8.5599999999999994e+001 	2.8026781192920038e-002 	4.0597852775730138e-004 	2.8432759720677339e-002
9.2000000000000000e+001 	2.7723011709829222e-002 	3.9881631336452381e-004 	2.8121828023193757e-002
9.8400000000000006e+001 	2.7405020525746431e-002 	3.9182808234376380e-004 	2.7796848608090192e-002
1.0480000000000001e+002 	2.7074282422932999e-002 	3.8542176801988233e-004 	2.7459704190952880e-002
1.1119999999999999e+002 	2.6732453923226485e-002 	3.7987265247587624e-004 	2.7112326575702349e-002
1.1759999999999999e+002 	2.6381261389162136e-002 	3.7533735268796499e-004 	2.6756598741850098e-002
1.2400000000000000e+002 	2.6022415839953305e-002 	3.7187947924495918e-004 	2.6394295319198274e-002
1.3039999999999998e+002 	2.5657554144730602e-002 	3.6949418684294969e-004 	2.6027048331573550e-002
1.3680000000000001e+002 	2.5288202494705030e-002 	3.6812804441637911e-004 	2.5656330539121398e-002
1.4319999999999999e+002 	2.4915756970372585e-002 	3.6769486852496311e-004 	2.5283451838897551e-002
1.5600000000000000e+002 	2.4176260918036374e-002 	3.6905230478378976e-004 	2.4545313222820175e-002
1.6880000000000001e+002 	2.3420709003782882e-002 	3.7269489999462637e-004 	2.3793403903777512e-002
1.8160000000000002e+002 	2.2680645928141771e-002 	3.7782009860449931e-004 	2.3058466026746261e-002
1.9439999999999998e+002 	2.1952540075370109e-002 	3.8376553142171034e-004 	2.2336305606791812e-002
2.0719999999999999e+002 	2.1240122271333633e-002 	3.8993579628953680e-004 	2.1630058067623168e-002
2.2000000000000000e+002 	2.0546102383850660e-002 	3.9583452240131379e-004 	2.0941936906251974e-002
2.3280000000000001e+002 	1.9872362959573817e-002 	4.0109890100930977e-004 	2.0273461860583132e-002
2.4560000000000002e+002 	1.9220133208029639e-002 	4.0549160780470968e-004 	1.9625624815834342e-002
2.5840000000000003e+002 	1.8590133691764953e-002 	4.0887319477329317e-004 	1.8999006886538237e-002
2.7119999999999999e+002 	1.7982692543262801e-002 	4.1117577964860794e-004 	1.8393868322911417e-002
2.8400000000000000e+002 	1.7397837345586656e-002 	4.1238308069829023e-004 	1.7810220426284943e-002
2.9680000000000001e+002 	1.6835367320348304e-002 	4.1251564321873057e-004 	1.7247882963567038e-002
3.0959999999999997e+002 	1.6294909967921486e-002 	4.1161963633366659e-004 	1.6706529604255154e-002
3.3519999999999999e+002 	1.5289048219676079e-002 	4.0726319128966970e-004 	1.5696311410965745e-002
3.6080000000000001e+002 	1.4339818448370588e-002 	3.9948754414601001e-004 	1.4739305992516594e-002
3.8640000000000003e+002 	1.3477743376114923e-002 	3.8901806407407280e-004 	1.3866761440189002e-002
4.1200000000000000e+002 	1.2685174941550040e-002 	3.7659895596262326e-004 	1.3061773897512664e-002
4.3759999999999997e+002 	1.1956411021462740e-002 	3.6274509013440128e-004 	1.2319156111597134e-002
4.6319999999999999e+002 	1.1285935782368505e-002 	3.4787245707494370e-004 	1.1633808239443441e-002
4.8880000000000001e+002 	1.0668539918720375e-002 	3.3234911716832204e-004 	1.1000889035888696e-002
5.1439999999999998e+002 	1.0099383972097564e-002 	3.1648897089387514e-004 	1.0415872942991436e-002
5.4000000000000000e+002 	9.5740232144755008e-003 	3.0054681464890915e-004 	9.8745700291244087e-003
5.6560000000000002e+002 	9.0884077867331593e-003 	2.8472238448521629e-004 	9.3731301712183680e-003
5.9119999999999993e+002 	8.6388677757566652e-003 	2.6916823277274273e-004 	8.9080360085294057e-003
6.1680000000000007e+002 	8.2220898219661793e-003 	2.5399805420646079e-004 	8.4760878761726364e-003
6.6800000000000000e+002 	7.4842020319795307e-003 	2.2558504318175775e-004 	7.7097870751612887e-003
7.1919999999999993e+002 	6.8208753111807163e-003 	1.9879241572583870e-004 	7.0196677269065552e-003
7.7039999999999998e+002 	6.2531424054234680e-003 	1.7421794979756585e-004 	6.4273603552210323e-003
8.2160000000000002e+002 	5.7554184499249688e-003 	1.5210080444004717e-004 	5.9075192543650143e-003
8.7280000000000007e+002 	5.3166590631741487e-003 	1.3230342415220179e-004 	5.4489624873263511e-003
9.2400000000000000e+002 	4.9278028125332631e-003 	1.1462974353534181e-004 	5.0424325560686056e-003
9.7519999999999993e+002 	4.5814206008609921e-003 	9.8894926158449526e-005 	4.6803155270194411e-003
1.0264000000000001e+003 	4.2714031019195986e-003 	8.4923991986590147e-005 	4.3563270939061868e-003
1.0775999999999999e+003 	3.9927021308991031e-003 	7.2549387046223196e-005 	4.0652515179453279e-003
1.1288000000000000e+003 	3.7411229990984853e-003 	6.1612417638607378e-005 	3.8027354167370930e-003
1.1800000000000000e+003 	3.5131597630968774e-003 	5.1965289628944113e-005 	3.5651250527258221e-003
1.2824000000000001e+003 	3.1213848944670669e-003 	3.6398237934231853e-005 	3.1577831324012995e-003
1.3848000000000000e+003 	2.7795876078738090e-003 	2.3735518835964679e-005 	2.8033231267097737e-003
1.4872000000000000e+003 	2.4972921589069860e-003 	1.4028433716426079e-005 	2.5113205926234118e-003
1.5895999999999999e+003 	2.2567044024233806e-003 	6.8505858201352660e-006 	2.2635549882435145e-003
1.6920000000000000e+003 	2.0498742533722027e-003 	1.6056087062137873e-006 	2.0514798620784175e-003
1.7944000000000001e+003 	1.8706679495888684e-003 	-2.1749221700372863e-006 	1.8684930274188310e-003
1.8968000000000000e+003 	1.7143160069986643e-003 	-4.8329218181469849e-006 	1.7094830851805169e-003
1.9992000000000000e+003 	1.5770660013006397e-003 	-6.6269434125514637e-006 	1.5704390578880878e-003
2.1015999999999999e+003 	1.4559277607695219e-003 	-7.7587665121734874e-006 	1.4481689942573480e-003
2.2040000000000000e+003 	1.3484888593663067e-003 	-8.3875405974712336e-006 	1.3401013187688360e-003
2.3064000000000001e+003 	1.2527807303554664e-003 	-8.6387349036576288e-006 	1.2441419954518089e-003
2.5112000000000003e+003 	1.0920234345367205e-003 	-8.0691794746234836e-006 	1.0839542550620973e-003
2.7160000000000000e+003 	9.5579131588551132e-004 	-7.5296948612502889e-006 	9.4826162102426125e-004
2.9207999999999997e+003 	8.4690817924899266e-004 	-6.6019541492750749e-006 	8.4030622509971738e-004
3.1255999999999999e+003 	7.5682724561212434e-004 	-5.4534126506462388e-006 	7.5137383296147817e-004
3.3304000000000001e+003 	6.8151481445810559e-004 	-4.3011505581059926e-006 	6.7721366389999961e-004
3.5352000000000003e+003 	6.1792181644974051e-004 	-3.2456400093133366e-006 	6.1467617644042725e-004
3.7400000000000000e+003 	5.6372826375635724e-004 	-2.3192200293344301e-006 	5.6140904372702289e-004
3.9447999999999997e+003 	5.1715075937013315e-004 	-1.5261818471765604e-006 	5.1562457752295666e-004
4.1496000000000004e+003 	4.7680308748012626e-004 	-8.5929862005338546e-007 	4.7594378886007291e-004
4.3543999999999996e+003 	4.4159614652996806e-004 	-3.0640499599588406e-007 	4.4128974153397207e-004
4.5591999999999998e+003 	4.1066576019279131e-004 	1.4644502366306506e-007 	4.1081220521645449e-004
4.7640000000000000e+003 	3.8332001972495440e-004 	5.1325935491174358e-007 	3.8383327907986635e-004
4.9688000000000002e+003 	3.5900037182954111e-004 	8.0718084489815906e-007 	3.5980755267443922e-004
5.3783999999999996e+003 	3.1815103608113100e-004 	1.3832874254575161e-006 	3.1953432350658855e-004
5.7880000000000000e+003 	2.8329225006783020e-004 	1.5176261025157553e-006 	2.8480987617034593e-004
6.1976000000000004e+003 	2.5520301721065463e-004 	1.6133991723101683e-006 	2.5681641638296483e-004
6.6071999999999998e+003 	2.3164608298945793e-004 	1.6780478662804842e-006 	2.3332413085573839e-004
7.0168000000000002e+003 	2.1161428655815006e-004 	1.6996115947593215e-006 	2.1331389815290938e-004
7.4264000000000005e+003 	1.9436973041609006e-004 	1.6900169748127259e-006 	1.9605974739090291e-004
7.8360000000000000e+003 	1.7936652966171868e-004 	1.6633195196960459e-006 	1.8102984918141481e-004
8.2456000000000004e+003 	1.6619455371513062e-004 	1.6292008983498797e-006 	1.6782375461348056e-004
8.6552000000000007e+003 	1.5454019674262311e-004 	1.5935363536230536e-006 	1.5613373309624615e-004
9.0647999999999993e+003 	1.4415939352093899e-004 	1.5597497552854372e-006 	1.4571914327622445e-004
9.4743999999999996e+003 	1.3485902139783335e-004 	1.5297424498484548e-006 	1.3638876384768176e-004
1.0293600000000000e+004 	1.1916310062999016e-004 	1.5610267276072742e-006 	1.2072412735759744e-004
1.1112799999999999e+004 	1.0550067929956560e-004 	1.4600765130901646e-006 	1.0696075581265577e-004
1.1932000000000000e+004 	9.4443240622250563e-005 	1.4398485514844711e-006 	9.5883089173735036e-005
1.2751200000000001e+004 	8.5117331666053852e-005 	1.4502882251111287e-006 	8.6567619891164997e-005
1.3570400000000000e+004 	7.7166655536650718e-005 	1.4697330094087504e-006 	7.8636388546059473e-005
1.4389600000000000e+004 	7.0323490314938293e-005 	1.4947895943225474e-006 	7.1818279909260872e-005
1.5208799999999999e+004 	6.4384164345248021e-005 	1.5238775198002278e-006 	6.5908041865048232e-005
1.6027999999999998e+004 	5.9191318830692536e-005 	1.5551025907383076e-006 	6.0746421421430844e-005
1.6847200000000001e+004 	5.4621491842699534e-005 	1.5866713588207515e-006 	5.6208163201520279e-005
1.7666399999999998e+004 	5.0576448541654575e-005 	1.6171295532841735e-006 	5.2193578094938747e-005
1.8485600000000002e+004 	4.6977054640969437e-005 	1.6453860513228033e-006 	4.8622440692292245e-005
2.0124000000000000e+004 	4.0978017035875870e-005 	1.7238928716619355e-006 	4.2701909907537788e-005
2.1762399999999998e+004 	3.5798385260860003e-005 	1.7219142400752404e-006 	3.7520299500935249e-005
2.3400799999999999e+004 	3.1682578259016645e-005 	1.7382690494493006e-006 	3.3420847308465946e-005
2.5039200000000001e+004 	2.8260630266537738e-005 	1.7428076064622349e-006 	3.0003437872999982e-005
2.6677600000000002e+004 	2.5382589199971919e-005 	1.7325436239986155e-006 	2.7115132823970535e-005
2.8316000000000000e+004 	2.2936632357119310e-005 	1.7104061316658656e-006 	2.4647038488785180e-005
