-1550 0
-1.5500000000000000e+003 0.0000000000000000e+000 0.0000000000000000e+000
1
1 1 1 1
1
         t, ms                         dVp, mV                         dVs, mV                         dV, mV
5.0000000000000000e-001 	1.3769920912665243e-001 	2.6209388059243031e-002 	1.6390859718589543e-001
5.9999999999999998e-001 	1.3787825850263788e-001 	2.6210051078879883e-002 	1.6408830958151777e-001
6.9999999999999996e-001 	1.3799595432703210e-001 	2.6209930555193793e-002 	1.6420588488222590e-001
8.0000000000000004e-001 	1.3808863565261739e-001 	2.6209321874899470e-002 	1.6429795752751686e-001
9.0000000000000002e-001 	1.3816704122719173e-001 	2.6208468956810501e-002 	1.6437551018400218e-001
1.0000000000000000e+000 	1.3823529517353586e-001 	2.6207550931673106e-002 	1.6444284610520901e-001
1.1000000000000001e+000 	1.3829558884786367e-001 	2.6206689477874093e-002 	1.6450227832573774e-001
1.2000000000000000e+000 	1.3834938327942897e-001 	2.6205960140341690e-002 	1.6455534341977071e-001
1.3000000000000000e+000 	1.3839776290725667e-001 	2.6205403084643149e-002 	1.6460316599189986e-001
1.3999999999999999e+000 	1.3844157045689037e-001 	2.6205032536525157e-002 	1.6464660299341549e-001
1.6000000000000001e+000 	1.3989755019814790e-001 	2.6204796738670041e-002 	1.6610234693681800e-001
1.8000000000000000e+000 	1.3858379153177855e-001 	2.6205113502126513e-002 	1.6478890503390489e-001
2.0000000000000000e+000 	1.3863967815282674e-001 	2.6205795356027278e-002 	1.6484547350885406e-001
2.2000000000000002e+000 	1.3868827223122845e-001 	2.6206653632778916e-002 	1.6489492586400739e-001
2.3999999999999999e+000 	1.3873104144821877e-001 	2.6207520728266397e-002 	1.6493856217648517e-001
2.6000000000000001e+000 	1.3876907715086370e-001 	2.6208263613073320e-002 	1.6497734076393705e-001
2.7999999999999998e+000 	1.3880320316914677e-001 	2.6208787034126636e-002 	1.6501199020327345e-001
3.0000000000000000e+000 	1.3883405316381181e-001 	2.6209030654648292e-002 	1.6504308381846008e-001
3.2000000000000002e+000 	1.3886212368304218e-001 	2.6208963146823087e-002 	1.6507108682986529e-001
3.3999999999999999e+000 	1.3888781042260656e-001 	2.6208575374969723e-002 	1.6509638579757613e-001
3.6000000000000001e+000 	1.3891143335601466e-001 	2.6207873931269544e-002 	1.6511930728728411e-001
4.0000000000000000e+000 	1.3945843954765441e-001 	2.6205643876566740e-002 	1.6566408342422115e-001
4.4000000000000004e+000 	1.3899037803170292e-001 	2.6202374760566017e-002 	1.6519275279226903e-001
4.7999999999999998e+000 	1.3902248247572099e-001 	2.6198423581659899e-002 	1.6522090605738088e-001
5.2000000000000002e+000 	1.3905098587265860e-001 	2.6193860381010372e-002 	1.6524484625366900e-001
5.5999999999999996e+000 	1.3907665421688087e-001 	2.6188861775301622e-002 	1.6526551599218242e-001
6.0000000000000000e+000 	1.3910012894304977e-001 	2.6183606601464200e-002 	1.6528373554451398e-001
6.4000000000000004e+000 	1.3912195005228753e-001 	2.6178242622990643e-002 	1.6530019267527804e-001
6.7999999999999998e+000 	1.3914256461398250e-001 	2.6172885935626916e-002 	1.6531545054960947e-001
7.2000000000000002e+000 	1.3916232791831304e-001 	2.6167626832008652e-002 	1.6532995475032169e-001
7.5999999999999996e+000 	1.3918150362326132e-001 	2.6162533411446833e-002 	1.6534403703470824e-001
8.0000000000000000e+000 	1.3920026660612031e-001 	2.6157652638275075e-002 	1.6535791924439530e-001
8.8000000000000007e+000 	1.3951242522535445e-001 	2.6148589806273336e-002 	1.6566101503162781e-001
9.5999999999999996e+000 	1.3927175123626540e-001 	2.6140306453356146e-002 	1.6541205768962156e-001
1.0400000000000000e+001 	1.3930436861619758e-001 	2.6132414016603361e-002 	1.6543678263280098e-001
1.1199999999999999e+001 	1.3933361134115849e-001 	2.6124343017651968e-002 	1.6545795435881047e-001
1.2000000000000000e+001 	1.3935827953751198e-001 	2.6115298084251181e-002 	1.6547357762176312e-001
1.2800000000000001e+001 	1.3937717955790893e-001 	2.6104389548369158e-002 	1.6548156910627815e-001
1.3600000000000000e+001 	1.3938922167354750e-001 	2.6090687073406470e-002 	1.6547990874695398e-001
1.4400000000000000e+001 	1.3939346860464522e-001 	2.6073268309892501e-002 	1.6546673691453764e-001
1.5199999999999999e+001 	1.3938914866910335e-001 	2.6051264370785310e-002 	1.6544041303988866e-001
1.6000000000000000e+001 	1.3937564733371011e-001 	2.6023895454834248e-002 	1.6539954278854438e-001
1.6800000000000001e+001 	1.3935248797731606e-001 	2.5990494408847913e-002 	1.6534298238616404e-001
1.7600000000000001e+001 	1.3931930914760599e-001 	2.5950519486217315e-002 	1.6526982863382333e-001
1.8399999999999999e+001 	1.3927584259768361e-001 	2.5903558557344025e-002 	1.6517940115502761e-001
2.0000000000000000e+001 	1.3930770253776181e-001 	2.5787624624680826e-002 	1.6509532716244266e-001
2.1600000000000001e+001 	1.3899591727027955e-001 	2.5642178054096403e-002 	1.6463809532437582e-001
2.3199999999999999e+001 	1.3879172014178268e-001 	2.5467936576518628e-002 	1.6425965671830137e-001
2.4800000000000001e+001 	1.3854474858380231e-001 	2.5266665162075277e-002 	1.6381141374587760e-001
2.6399999999999999e+001 	1.3825549109376456e-001 	2.5040821322083157e-002 	1.6329631241584769e-001
2.8000000000000000e+001 	1.3792474410356700e-001 	2.4793419110849865e-002 	1.6271816321441690e-001
2.9600000000000001e+001 	1.3755357419332859e-001 	2.4527667897933578e-002 	1.6208124209126229e-001
3.1199999999999999e+001 	1.3714328437144266e-001 	2.4246787323032704e-002 	1.6139007169447539e-001
3.2800000000000004e+001 	1.3669538091794081e-001 	2.3953899478773886e-002 	1.6064928039671467e-001
3.4399999999999999e+001 	1.3621153919858167e-001 	2.3651941860084656e-002 	1.5986348105866635e-001
3.6000000000000000e+001 	1.3569356856395048e-001 	2.3343602640753726e-002 	1.5903717120470429e-001
3.7600000000000001e+001 	1.3514337736831938e-001 	2.3031283745840427e-002 	1.5817466111415987e-001
4.0800000000000004e+001 	1.3401661336660936e-001 	2.2404859850292915e-002 	1.5642147321690225e-001
4.4000000000000000e+001 	1.3266629565612878e-001 	2.1783440211754414e-002 	1.5444973586788321e-001
4.7199999999999996e+001 	1.3128644287744337e-001 	2.1175894456871479e-002 	1.5246233733431488e-001
5.0399999999999999e+001 	1.2983192452155021e-001 	2.0588501636121130e-002 	1.5042042615767146e-001
5.3600000000000001e+001 	1.2831636417848408e-001 	2.0025184085781883e-002 	1.4834154826426596e-001
5.6800000000000004e+001 	1.2675217096223088e-001 	1.9488005972319138e-002 	1.4624017693455005e-001
6.0000000000000000e+001 	1.2515043174206236e-001 	1.8977688135304465e-002 	1.4412811987736684e-001
6.3200000000000003e+001 	1.2352090723049511e-001 	1.8494039638076002e-002 	1.4201494686857100e-001
6.6400000000000006e+001 	1.2187209240624540e-001 	1.8036270603791208e-002 	1.3990836301003662e-001
6.9599999999999994e+001 	1.2021131377944654e-001 	1.7603219908230761e-002 	1.3781453368767729e-001
7.2799999999999997e+001 	1.1854484424355048e-001 	1.7193520447705224e-002 	1.3573836469125561e-001
7.9200000000000003e+001 	1.1525185570749152e-001 	1.6436466425721299e-002 	1.3168832213321280e-001
8.5599999999999994e+001 	1.1192633069260406e-001 	1.5755095898295279e-002 	1.2768142659089937e-001
9.2000000000000000e+001 	1.0868481584650416e-001 	1.5139375115433829e-002 	1.2382419096193802e-001
9.8400000000000006e+001 	1.0551263737150239e-001 	1.4580230942028689e-002 	1.2009286831353108e-001
1.0480000000000001e+002 	1.0242140184310829e-001 	1.4069763488357142e-002 	1.1649116533146543e-001
1.1119999999999999e+002 	9.9418700739927507e-002 	1.3601200701870588e-002 	1.1301990144179805e-001
1.1759999999999999e+002 	9.6509090234607117e-002 	1.3168801440425412e-002 	1.0967789167503252e-001
1.2400000000000000e+002 	9.3694880993623567e-002 	1.2767742609446006e-002 	1.0646262360306960e-001
1.3039999999999998e+002 	9.0976741668960581e-002 	1.2393991249540316e-002 	1.0337073291850092e-001
1.3680000000000001e+002 	8.8354149947198882e-002 	1.2044175217381752e-002 	1.0039832516458061e-001
1.4319999999999999e+002 	8.5825727205991270e-002 	1.1715466875945702e-002 	9.7541194081937024e-002
1.5600000000000000e+002 	8.1092225655219868e-002 	1.1110143901518953e-002 	9.2202369556738856e-002
1.6880000000000001e+002 	7.6599555425315796e-002 	1.0565241310300583e-002 	8.7164796735616404e-002
1.8160000000000002e+002 	7.2483849905262646e-002 	1.0070171142847598e-002 	8.2554021048110299e-002
1.9439999999999998e+002 	6.8669154033014296e-002 	9.6170124673436112e-003 	7.8286166500357912e-002
2.0719999999999999e+002 	6.5132219354350263e-002 	9.1994861449957548e-003 	7.4331705499346021e-002
2.2000000000000000e+002 	6.1850617973351729e-002 	8.8125543826662149e-003 	7.0663172356017948e-002
2.3280000000000001e+002 	5.8803199214488816e-002 	8.4522383654845289e-003 	6.7255437579973362e-002
2.4560000000000002e+002 	5.5970309549494987e-002 	8.1153900087866954e-003 	6.4085699558281653e-002
2.5840000000000003e+002 	5.3333861850904080e-002 	7.7994702517802540e-003 	6.1133332102684339e-002
2.7119999999999999e+002 	5.0877313896034913e-002 	7.5023845796928839e-003 	5.8379698475727819e-002
2.8400000000000000e+002 	4.8585595741154917e-002 	7.2223717664390268e-003 	5.5807967507593946e-002
2.9680000000000001e+002 	4.6445011110515300e-002 	6.9579280572724389e-003 	5.3402939167787718e-002
3.0959999999999997e+002 	4.4443128215189892e-002 	6.7077535339121553e-003 	5.1150881749102060e-002
3.3519999999999999e+002 	4.0853070909402066e-002 	6.2453020482034381e-003 	4.7098372957605508e-002
3.6080000000000001e+002 	3.7587271489549427e-002 	5.8271864487446888e-003 	4.3414457938294113e-002
3.8640000000000003e+002 	3.4746586483205527e-002 	5.4479813145543203e-003 	4.0194567797759831e-002
4.1200000000000000e+002 	3.2223786630278743e-002 	5.1033459906466069e-003 	3.7327132620925338e-002
4.3759999999999997e+002 	2.9973920481111072e-002 	4.7891159915320032e-003 	3.4763036472643088e-002
4.6319999999999999e+002 	2.7959269213973827e-002 	4.5016476904776353e-003 	3.2460916904451464e-002
4.8880000000000001e+002 	2.6148196935753477e-002 	4.2378901492055934e-003 	3.0386087084959074e-002
5.1439999999999998e+002 	2.4514099725045195e-002 	3.9952702018473361e-003 	2.8509369926892545e-002
5.4000000000000000e+002 	2.3034517377017553e-002 	3.7715844903161320e-003 	2.6806101867333686e-002
5.6560000000000002e+002 	2.1690404424681752e-002 	3.5649255647824335e-003 	2.5255329989464195e-002
5.9119999999999993e+002 	2.0465538087081171e-002 	3.3736296616921576e-003 	2.3839167748773333e-002
6.1680000000000007e+002 	1.9346038448570458e-002 	3.1962373064912102e-003 	2.2542275755061670e-002
6.6800000000000000e+002 	1.7400875817396039e-002 	2.8777513515011979e-003 	2.0278627168897237e-002
7.1919999999999993e+002 	1.5683557097532736e-002 	2.6001285303985083e-003 	1.8283685627931243e-002
7.7039999999999998e+002 	1.4245775867942585e-002 	2.3577464940981846e-003 	1.6603522362040764e-002
8.2160000000000002e+002 	1.3006486784245644e-002 	2.1456325658202485e-003 	1.5152119350065893e-002
8.7280000000000007e+002 	1.1929896440180721e-002 	1.9591781808249473e-003 	1.3889074621005668e-002
9.2400000000000000e+002 	1.0987802691727978e-002 	1.7945302323288646e-003 	1.2782332924056844e-002
9.7519999999999993e+002 	1.0157889486133276e-002 	1.6485471217674685e-003 	1.1806436607900740e-002
1.0264000000000001e+003 	9.4223574212591032e-003 	1.5186500646861046e-003 	1.0941007485945207e-002
1.0775999999999999e+003 	8.7668783517862829e-003 	1.4026976093208499e-003 	1.0169575961107132e-002
1.1288000000000000e+003 	8.1798105272398881e-003 	1.2988930668287769e-003 	9.4787035940686604e-003
1.1800000000000000e+003 	7.6516101549753829e-003 	1.2057164652768931e-003 	8.8573266202522771e-003
1.2824000000000001e+003 	6.7518608918598734e-003 	1.0458545478425228e-003 	7.7977154397023980e-003
1.3848000000000000e+003 	5.9743727350051422e-003 	9.1412431902664342e-004 	6.8884970540317846e-003
1.4872000000000000e+003 	5.3391147352927623e-003 	8.0572960237782778e-004 	6.1448443376705911e-003
1.5895999999999999e+003 	4.8023209213487661e-003 	7.1625503858763694e-004 	5.5185759599364016e-003
1.6920000000000000e+003 	4.3442513429287899e-003 	6.4184260586354022e-004 	4.9860939487923316e-003
1.7944000000000001e+003 	3.9499141980461755e-003 	5.7945800954821555e-004 	4.5293722075943907e-003
1.8968000000000000e+003 	3.6078161955337934e-003 	5.2676554564830801e-004 	4.1345817411821001e-003
1.9992000000000000e+003 	3.3090268518431660e-003 	4.8195040156803575e-004 	3.7909772534112014e-003
2.1015999999999999e+003 	3.0465066534691053e-003 	4.4358284820097743e-004 	3.4900895016700827e-003
2.2040000000000000e+003 	2.8146298675617212e-003 	4.1052428406547584e-004 	3.2251541516271978e-003
2.3064000000000001e+003 	2.6088440739642483e-003 	3.8186097222735492e-004 	2.9907050461916028e-003
2.5112000000000003e+003 	2.2647636189793456e-003 	3.3481148576050676e-004 	2.5995751047398520e-003
2.7160000000000000e+003 	1.9747703583886610e-003 	2.9741189685392649e-004 	2.2721822552425868e-003
2.9207999999999997e+003 	1.7443359469405016e-003 	2.6780488957274523e-004 	2.0121408365132475e-003
3.1255999999999999e+003 	1.5546060689537982e-003 	2.4402222516803582e-004 	1.7986282941218339e-003
3.3304000000000001e+003 	1.3966460683099997e-003 	2.2446203276747033e-004 	1.6211081010774704e-003
3.5352000000000003e+003 	1.2637556791039034e-003 	2.0801947622001016e-004 	1.4717751553239137e-003
3.7400000000000000e+003 	1.1508735502665530e-003 	1.9394494525048128e-004 	1.3448184955170345e-003
3.9447999999999997e+003 	1.0541338683889886e-003 	1.8171451596809231e-004 	1.2358483843570808e-003
4.1496000000000004e+003 	9.7054859961548075e-004 	1.7095043735132706e-004 	1.1414990369668077e-003
4.3543999999999996e+003 	8.9778161729105351e-004 	1.6137384185910858e-004 	1.0591554591501617e-003
4.5591999999999998e+003 	8.3398719918556942e-004 	1.5277491445635341e-004 	9.8676211364192266e-004
4.7640000000000000e+003 	7.7769315324562158e-004 	1.4499306978231174e-004 	9.2268622302793329e-004
4.9688000000000002e+003 	7.2771505311272037e-004 	1.3790337423609644e-004 	8.6561842734881700e-004
5.3783999999999996e+003 	6.4395106946160306e-004 	1.2553860720629801e-004 	7.6948967666790101e-004
5.7880000000000000e+003 	5.7262955676054984e-004 	1.1464411282503968e-004 	6.8727366958558941e-004
6.1976000000000004e+003 	5.1531269782639170e-004 	1.0529227318291823e-004 	6.2060497100931025e-004
6.6071999999999998e+003 	4.6734150444275165e-004 	9.7172139331925891e-005 	5.6451364377467755e-004
7.0168000000000002e+003 	4.2661815627019245e-004 	9.0010692292299754e-005 	5.1662884856249218e-004
7.4264000000000005e+003 	3.9161096098093347e-004 	8.3630287401033796e-005 	4.7524124838196723e-004
7.8360000000000000e+003 	3.6119038737259955e-004 	7.7906376085181507e-005 	4.3909676345778092e-004
8.2456000000000004e+003 	3.3451019986144726e-004 	7.2742799676764276e-005 	4.0725299953821146e-004
8.6552000000000007e+003 	3.1092491786460536e-004 	6.8061981627322204e-005 	3.7898689949192750e-004
9.0647999999999993e+003 	2.8993326012975831e-004 	6.3800259915694889e-005 	3.5373352004545316e-004
9.4743999999999996e+003 	2.7113930313606355e-004 	5.9904865191881654e-005 	3.3104416832794518e-004
1.0293600000000000e+004 	2.3945078981250581e-004 	5.3100959915781475e-005 	2.9255174972828732e-004
1.1112799999999999e+004 	2.1188593256378388e-004 	4.7123500441970364e-005 	2.5900943300575412e-004
1.1932000000000000e+004 	1.8960131586291871e-004 	4.2058930934845788e-005 	2.3166024679776448e-004
1.2751200000000001e+004 	1.7082042441621370e-004 	3.7698562045470627e-005 	2.0851898646168424e-004
1.3570400000000000e+004 	1.5481912162007856e-004 	3.3895513724290890e-005 	1.8871463534436938e-004
1.4389600000000000e+004 	1.4105411146491344e-004 	3.0556297671099877e-005 	1.7161040913601331e-004
1.5208799999999999e+004 	1.2911263174671114e-004 	2.7610557227696299e-005 	1.5672318897440749e-004
1.6027999999999998e+004 	1.1867614755764225e-004 	2.5001474128766209e-005 	1.4367762168640845e-004
1.6847200000000001e+004 	1.0949498668115980e-004 	2.2682496586203477e-005 	1.3217748326736325e-004
1.7666399999999998e+004 	1.0137065992644094e-004 	2.0615184916908014e-005 	1.2198584484334892e-004
1.8485600000000002e+004 	9.4143387865103069e-005 	1.8767479307232455e-005 	1.1291086717233558e-004
2.0124000000000000e+004 	8.2102395621863809e-005 	1.5640358447490774e-005 	9.7742754069354580e-005
2.1762399999999998e+004 	7.1708703184933782e-005 	1.3034060580925411e-005 	8.4742763765859242e-005
2.3400799999999999e+004 	6.3453497982478649e-005 	1.0955099365792774e-005 	7.4408597348271430e-005
2.5039200000000001e+004 	5.6592083172110234e-005 	9.2650730040397897e-006 	6.5857156176150019e-005
2.6677600000000002e+004 	5.0822740727682888e-005 	7.8794648711106867e-006 	5.8702205598793566e-005
2.8316000000000000e+004 	4.5920608784448756e-005 	6.7392044271893710e-006 	5.2659813211638144e-005
-1850 0
-1.8500000000000000e+003 0.0000000000000000e+000 0.0000000000000000e+000
1
1 1 1 1
1
         t, ms                         dVp, mV                         dVs, mV                         dV, mV
5.0000000000000000e-001 	1.1037266996818913e-001 	1.8574705336113346e-002 	1.2894737530430245e-001
5.9999999999999998e-001 	1.1051154623524255e-001 	1.8575373078842723e-002 	1.2908691931408534e-001
6.9999999999999996e-001 	1.1060283511033454e-001 	1.8575238934522589e-002 	1.2917807404485715e-001
8.0000000000000004e-001 	1.1067472187517781e-001 	1.8574606851765204e-002 	1.2924932872694300e-001
9.0000000000000002e-001 	1.1073553579455669e-001 	1.8573727157865545e-002 	1.2930926295242220e-001
1.0000000000000000e+000 	1.1078847569303715e-001 	1.8572783273257835e-002 	1.2936125896629500e-001
1.1000000000000001e+000 	1.1083524128373469e-001 	1.8571899465374676e-002 	1.2940714074910939e-001
1.2000000000000000e+000 	1.1087696580882894e-001 	1.8571152608202444e-002 	1.2944811841703135e-001
1.3000000000000000e+000 	1.1091449040949683e-001 	1.8570583304616112e-002 	1.2948507371411294e-001
1.3999999999999999e+000 	1.1094846873940709e-001 	1.8570205617269287e-002 	1.2951867435667641e-001
1.6000000000000001e+000 	1.1207774191600253e-001 	1.8569967495844490e-002 	1.3064770941184703e-001
1.8000000000000000e+000 	1.1105877904254502e-001 	1.8570293566208634e-002 	1.2962907260875361e-001
2.0000000000000000e+000 	1.1110212601825854e-001 	1.8570990731997961e-002 	1.2967311675025642e-001
2.2000000000000002e+000 	1.1113981666751573e-001 	1.8571865443898938e-002 	1.2971168211141468e-001
2.3999999999999999e+000 	1.1117298937621396e-001 	1.8572746558085881e-002 	1.2974573593429986e-001
2.6000000000000001e+000 	1.1120249063095264e-001 	1.8573498879471410e-002 	1.2977598951042402e-001
2.7999999999999998e+000 	1.1122895942174195e-001 	1.8574026134869078e-002 	1.2980298555661099e-001
3.0000000000000000e+000 	1.1125288723594434e-001 	1.8574267786674720e-002 	1.2982715502261910e-001
3.2000000000000002e+000 	1.1127465921242759e-001 	1.8574192823347532e-002 	1.2984885203577515e-001
3.3999999999999999e+000 	1.1129458226502259e-001 	1.8573792714741060e-002 	1.2986837497976372e-001
3.6000000000000001e+000 	1.1131290457559888e-001 	1.8573074805747516e-002 	1.2988597938134636e-001
4.0000000000000000e+000 	1.1173716804411951e-001 	1.8570803767097212e-002 	1.3030797181121676e-001
4.4000000000000004e+000 	1.1137413514131414e-001 	1.8567488275138287e-002 	1.2994162341645243e-001
4.7999999999999998e+000 	1.1139903566469088e-001 	1.8563489456942230e-002 	1.2996252512163312e-001
5.2000000000000002e+000 	1.1142114291461107e-001 	1.8558884153279269e-002 	1.2998002706789039e-001
5.5999999999999996e+000 	1.1144105059383104e-001 	1.8553853301592958e-002 	1.2999490389542406e-001
6.0000000000000000e+000 	1.1145925538200845e-001 	1.8548578273363890e-002 	1.3000783365537230e-001
6.4000000000000004e+000 	1.1147617468715941e-001 	1.8543207874116958e-002 	1.3001938256127640e-001
6.7999999999999998e+000 	1.1149215305380578e-001 	1.8537857892909168e-002 	1.3003001094671496e-001
7.2000000000000002e+000 	1.1150746288971987e-001 	1.8532617125837741e-002 	1.3004008001555761e-001
7.5999999999999996e+000 	1.1152230445443166e-001 	1.8527551197503787e-002 	1.3004985565193553e-001
8.0000000000000000e+000 	1.1153680799590410e-001 	1.8522703849806265e-002 	1.3005951184571032e-001
8.8000000000000007e+000 	1.1177871814781801e-001 	1.8513704533996918e-002 	1.3029242268181493e-001
9.5999999999999996e+000 	1.1159169724075171e-001 	1.8505457204105236e-002 	1.3009715444485698e-001
1.0400000000000000e+001 	1.1161638152126090e-001 	1.8497540247109610e-002 	1.3011392176837050e-001
1.1199999999999999e+001 	1.1163810940863106e-001 	1.8489350409950353e-002 	1.3012745981858143e-001
1.2000000000000000e+001 	1.1165585416211894e-001 	1.8480061799180669e-002 	1.3013591596129961e-001
1.2800000000000001e+001 	1.1166858932839009e-001 	1.8468757865727096e-002 	1.3013734719411724e-001
1.3600000000000000e+001 	1.1167536662118886e-001 	1.8454486351412953e-002 	1.3012985297260182e-001
1.4400000000000000e+001 	1.1167535497902045e-001 	1.8436308858437174e-002 	1.3011166383745770e-001
1.5199999999999999e+001 	1.1166785166906057e-001 	1.8413346717047658e-002 	1.3008119838610824e-001
1.6000000000000000e+001 	1.1165227634815512e-001 	1.8384816645917918e-002 	1.3003709299407301e-001
1.6800000000000001e+001 	1.1162815665837245e-001 	1.8350054126997500e-002 	1.2997821078536997e-001
1.7600000000000001e+001 	1.1159511113968318e-001 	1.8308525820775513e-002 	1.2990363696045870e-001
1.8399999999999999e+001 	1.1155283285070981e-001 	1.8259833326537446e-002 	1.2981266617724732e-001
2.0000000000000000e+001 	1.1155576924605125e-001 	1.8140014450881304e-002 	1.2969578369693258e-001
2.1600000000000001e+001 	1.1128683229315176e-001 	1.7990270144065457e-002 	1.2927710243721727e-001
2.3199999999999999e+001 	1.1109425535525523e-001 	1.7811552780767983e-002 	1.2890580813602318e-001
2.4800000000000001e+001 	1.1086131208152461e-001 	1.7605892664915555e-002 	1.2846720474644013e-001
2.6399999999999999e+001 	1.1058800344869760e-001 	1.7376029417385586e-002 	1.2796403286608321e-001
2.8000000000000000e+001 	1.1027469537396840e-001 	1.7125261838225287e-002 	1.2739995721219366e-001
2.9600000000000001e+001 	1.0992209079300563e-001 	1.6857076973600015e-002 	1.2677916776660564e-001
3.1199999999999999e+001 	1.0953119800344244e-001 	1.6574956365674472e-002 	1.2610615436911696e-001
3.2800000000000004e+001 	1.0910329466061620e-001 	1.6282261051397733e-002 	1.2538555571201396e-001
3.4399999999999999e+001 	1.0863988794102646e-001 	1.5982139431668433e-002 	1.2462202737269491e-001
3.6000000000000000e+001 	1.0814267242484060e-001 	1.5677459479405440e-002 	1.2382013190424608e-001
3.7600000000000001e+001 	1.0761348765763729e-001 	1.5370770392556949e-002 	1.2298425805019415e-001
4.0800000000000004e+001 	1.0651538055543956e-001 	1.4762014654615747e-002 	1.2127739521005534e-001
4.4000000000000000e+001 	1.0522293939996308e-001 	1.4167013396639578e-002 	1.1938995279660274e-001
4.7199999999999996e+001 	1.0388841774442356e-001 	1.3594709746200757e-002 	1.1748312749062428e-001
5.0399999999999999e+001 	1.0248128716039667e-001 	1.3051150466454227e-002 	1.1553243762685089e-001
5.3600000000000001e+001 	1.0101579913965693e-001 	1.2539769913439924e-002 	1.1355556905309687e-001
5.6800000000000004e+001 	9.9505001150501218e-002 	1.2061955551390207e-002 	1.1156695670189146e-001
6.0000000000000000e+001 	9.7960578831307543e-002 	1.1617628775132142e-002 	1.0957820760643966e-001
6.3200000000000003e+001 	9.6392819325364837e-002 	1.1205734456723699e-002 	1.0759855378208855e-001
6.6400000000000006e+001 	9.4810653303756431e-002 	1.0824601491431841e-002 	1.0563525479518826e-001
6.9599999999999994e+001 	9.3221744750659474e-002 	1.0472207047075372e-002 	1.0369395179773483e-001
7.2799999999999997e+001 	9.1632606104809236e-002 	1.0146367855660582e-002 	1.0177897396046981e-001
7.9200000000000003e+001 	8.8505429570243058e-002 	9.5629078600345321e-003 	9.8068337430277597e-002
8.5599999999999994e+001 	8.5379469734404176e-002 	9.0599648728364752e-003 	9.4439434607240691e-002
9.2000000000000000e+001 	8.2353343138295385e-002 	8.6238119258418150e-003 	9.0977155064137213e-002
9.8400000000000006e+001 	7.9416763921893022e-002 	8.2425161645708032e-003 	8.7659280086463842e-002
1.0480000000000001e+002 	7.6579583434207329e-002 	7.9061329881177055e-003 	8.4485716422325011e-002
1.1119999999999999e+002 	7.3847401115503655e-002 	7.6065374839733128e-003 	8.1453938599476972e-002
1.1759999999999999e+002 	7.1222689186106261e-002 	7.3371791650328338e-003 	7.8559868351139109e-002
1.2400000000000000e+002 	6.8705688517755922e-002 	7.0928289612514099e-003 	7.5798517479007343e-002
1.3039999999999998e+002 	6.6295083214962164e-002 	6.8693330078882552e-003 	7.3164416222850387e-002
1.3680000000000001e+002 	6.3988494862795370e-002 	6.6633904571077431e-003 	7.0651885319903102e-002
1.4319999999999999e+002 	6.1782839806482151e-002 	6.4723678667043443e-003 	6.8255207673186491e-002
1.5600000000000000e+002 	5.7700330591786052e-002 	6.1253759977679444e-003 	6.3825706589553971e-002
1.6880000000000001e+002 	5.3883634154818512e-002 	5.8177598633490169e-003 	5.9701394018167507e-002
1.8160000000000002e+002 	5.0439581027142716e-002 	5.5412488847297707e-003 	5.5980829911872483e-002
1.9439999999999998e+002 	4.7293026844974217e-002 	5.2901170913668156e-003 	5.2583143936341024e-002
2.0719999999999999e+002 	4.4415771394685610e-002 	5.0600492894834499e-003 	4.9475820684169072e-002
2.2000000000000000e+002 	4.1781646065935381e-002 	4.8477108744972557e-003 	4.6629356940432652e-002
2.3280000000000001e+002 	3.9366750158909461e-002 	4.6505723611383713e-003 	4.4017322520047850e-002
2.4560000000000002e+002 	3.7149470724845896e-002 	4.4667076448190604e-003 	4.1616178369664969e-002
2.5840000000000003e+002 	3.5110384121201814e-002 	4.2946070970043175e-003 	3.9404991218206148e-002
2.7119999999999999e+002 	3.3232098856612706e-002 	4.1330476464976080e-003 	3.7365146503110305e-002
2.8400000000000000e+002 	3.1499074966714329e-002 	3.9810115471821976e-003 	3.5480086513896524e-002
2.9680000000000001e+002 	2.9897439965791570e-002 	3.8376350344131410e-003 	3.3735075000204708e-002
3.0959999999999997e+002 	2.8414812165685865e-002 	3.7021740940295900e-003 	3.2116986259715451e-002
3.3519999999999999e+002 	2.5794564911092811e-002 	3.4524618802853576e-003 	2.9247026791378167e-002
3.6080000000000001e+002 	2.3446904653752459e-002 	3.2268475875161079e-003 	2.6673752241268587e-002
3.8640000000000003e+002 	2.1443115768438450e-002 	3.0224118642677928e-003 	2.4465527632706249e-002
4.1200000000000000e+002 	1.9691838784616576e-002 	2.8369343589562772e-003 	2.2528773143572853e-002
4.3759999999999997e+002 	1.8153012806261342e-002 	2.6680581107126158e-003 	2.0821070916973959e-002
4.6319999999999999e+002 	1.6793801730456717e-002 	2.5136850541553971e-003 	1.9307486784612121e-002
4.8880000000000001e+002 	1.5587283771228991e-002 	2.3720885507648487e-003 	1.7959372321993849e-002
5.1439999999999998e+002 	1.4511304611553557e-002 	2.2418359064478757e-003 	1.6753140518001426e-002
5.4000000000000000e+002 	1.3547539398757330e-002 	2.1217125295202354e-003 	1.5669251928277565e-002
5.6560000000000002e+002 	1.2680744974623464e-002 	2.0106740184491949e-003 	1.4691418993072658e-002
5.9119999999999993e+002 	1.1898168790940656e-002 	1.9078144471801931e-003 	1.3805983238120854e-002
6.1680000000000007e+002 	1.1189081993685015e-002 	1.8123431507717444e-003 	1.3001425144456761e-002
6.6800000000000000e+002 	9.9713515860091577e-003 	1.6409764746141669e-003 	1.1612328060623317e-002
7.1919999999999993e+002 	8.9086488633243546e-003 	1.4907992186941692e-003 	1.0399448082018526e-002
7.7039999999999998e+002 	8.0318505317004737e-003 	1.3592193760952865e-003 	9.3910699077957571e-003
8.2160000000000002e+002 	7.2848332855574875e-003 	1.2437781936706050e-003 	8.5286114792280966e-003
8.7280000000000007e+002 	6.6425447908975187e-003 	1.1419884520534732e-003 	7.7845332429509889e-003
9.2400000000000000e+002 	6.0856213017164889e-003 	1.0517750362897256e-003 	7.1373963380062123e-003
9.7519999999999993e+002 	5.5990107751087400e-003 	9.7147371296713546e-004 	6.5704844880758737e-003
1.0264000000000001e+003 	5.1708995041056674e-003 	8.9973129266050864e-004 	6.0706307967661761e-003
1.0775999999999999e+003 	4.7919136830782607e-003 	8.3542755186038348e-004 	5.6273412349386459e-003
1.1288000000000000e+003 	4.4545340384426714e-003 	7.7762255098538997e-004 	5.2321565894280619e-003
1.1800000000000000e+003 	4.1526664351000117e-003 	7.2552002291620681e-004 	4.8781864580162192e-003
1.2824000000000001e+003 	3.6420669124708708e-003 	6.3584631176939602e-004 	4.2779132242402665e-003
1.3848000000000000e+003 	3.2042519222335243e-003 	5.6100754973336959e-004 	3.7652594719668931e-003
1.4872000000000000e+003 	2.8496875401358792e-003 	4.9890340794622094e-004 	3.3485909480821009e-003
1.5895999999999999e+003 	2.5522188171152771e-003 	4.4724745270944134e-004 	2.9994662698247200e-003
1.6920000000000000e+003 	2.2999698043404933e-003 	4.0391715323489748e-004 	2.7038869575753900e-003
1.7944000000000001e+003 	2.0840212706844524e-003 	3.6725584967987022e-004 	2.4512771203643235e-003
1.8968000000000000e+003 	1.8976054314446425e-003 	3.3599964031379219e-004 	2.2336050717584347e-003
1.9992000000000000e+003 	1.7355120917941123e-003 	3.0916660623296556e-004 	2.0446786980270778e-003
2.1015999999999999e+003 	1.5936679977776905e-003 	2.8597965604954488e-004 	1.8796476538272358e-003
2.2040000000000000e+003 	1.4688417362915839e-003 	2.6581646151149378e-004 	1.7346581978030773e-003
2.3064000000000001e+003 	1.3584355259741443e-003 	2.4817489527495594e-004 	1.6066104212491006e-003
2.5112000000000003e+003 	1.1745959449069824e-003 	2.1896780970342029e-004 	1.3935637546104030e-003
2.7160000000000000e+003 	1.0204332485426783e-003 	1.9522634150370043e-004 	1.2156595900463783e-003
2.9207999999999997e+003 	8.9859139318143729e-004 	1.7617299069756453e-004 	1.0747643838790019e-003
3.1255999999999999e+003 	7.9872275036205133e-004 	1.6067189439170735e-004 	9.5939464475375876e-004
3.3304000000000001e+003 	7.1590659899112643e-004 	1.4777066771917406e-004 	8.6367726671030042e-004
3.5352000000000003e+003 	6.4647800019180049e-004 	1.3682172982130218e-004 	7.8329973001310270e-004
3.7400000000000000e+003 	5.8768596091460928e-004 	1.2738412647278648e-004 	7.1507008738739566e-004
3.9447999999999997e+003 	5.3744122293920740e-004 	1.1914421009447823e-004 	6.5658543303368584e-004
4.1496000000000004e+003 	4.9413702980328361e-004 	1.1187116631351872e-004 	6.0600819611680249e-004
4.3543999999999996e+003 	4.5652273577675431e-004 	1.0539127586674834e-004 	5.6191401164350262e-004
4.5591999999999998e+003 	4.2361410190967319e-004 	9.9571462882091556e-005 	5.2318556479176458e-004
4.7640000000000000e+003 	3.9462881569793910e-004 	9.4308138411647817e-005 	4.8893695410958695e-004
4.9688000000000002e+003 	3.6893945735716173e-004 	8.9519427090173457e-005 	4.5845888444733516e-004
5.3783999999999996e+003 	3.2597710881175830e-004 	8.1204674312806727e-005 	4.0718178312456498e-004
5.7880000000000000e+003 	2.8947731952916821e-004 	7.3886669204738286e-005 	3.6336398873390655e-004
6.1976000000000004e+003 	2.6022336994346244e-004 	6.7652193295751471e-005 	3.2787556323921404e-004
6.6071999999999998e+003 	2.3578927601893484e-004 	6.2268912752296278e-005 	2.9805818877123104e-004
7.0168000000000002e+003 	2.1508245349694921e-004 	5.7545121503240356e-005 	2.7262757500018950e-004
7.4264000000000005e+003 	1.9730781815070254e-004 	5.3357970376382510e-005 	2.5066578852708500e-004
7.8360000000000000e+003 	1.8188085205739194e-004 	4.9620050596845394e-005 	2.3150090265423737e-004
8.2456000000000004e+003 	1.6836485030767909e-004 	4.6263387968626295e-005 	2.1462823827630542e-004
8.6552000000000007e+003 	1.5642751599571062e-004 	4.3233301717929440e-005 	1.9966081771364004e-004
9.0647999999999993e+003 	1.4581132907085680e-004 	4.0485194041830390e-005 	1.8629652311268717e-004
9.4743999999999996e+003 	1.3631326483894084e-004 	3.7982328691489354e-005 	1.7429559353043016e-004
1.0293600000000000e+004 	1.2031379264157156e-004 	3.3638821567095759e-005 	1.5395261420866730e-004
1.1112799999999999e+004 	1.0640579000843285e-004 	2.9828891042773707e-005 	1.3623468105120650e-004
1.1932000000000000e+004 	9.5174673822840712e-005 	2.6625590018445861e-005 	1.2180026384128653e-004
1.2751200000000001e+004 	8.5716695981323928e-005 	2.3880346228985679e-005 	1.0959704221030960e-004
1.3570400000000000e+004 	7.7663749362250574e-005 	2.1495323160356798e-005 	9.9159072522607362e-005
1.4389600000000000e+004 	7.0740077901137503e-005 	1.9408491404369552e-005 	9.0148569305507052e-005
1.5208799999999999e+004 	6.4736465426724747e-005 	1.7572925559131308e-005 	8.2309390985856024e-005
1.6027999999999998e+004 	5.9491647308693697e-005 	1.5950953849524645e-005 	7.5442601158218353e-005
1.6847200000000001e+004 	5.4879349512353847e-005 	1.4511973953823241e-005 	6.9391323466177048e-005
1.7666399999999998e+004 	5.0799270835613694e-005 	1.3230912201291981e-005 	6.4030183036905682e-005
1.8485600000000002e+004 	4.7170731080243311e-005 	1.2087004339662230e-005 	5.9257735419905534e-005
2.0124000000000000e+004 	4.1127779517571241e-005 	1.0156420535290041e-005 	5.1284200052861286e-005
2.1762399999999998e+004 	3.5912919054211652e-005 	8.5388420513129953e-006 	4.4451761105524652e-005
2.3400799999999999e+004 	3.1772972738470312e-005 	7.2499101929158285e-006 	3.9022882931386139e-005
2.5039200000000001e+004 	2.8333098853264202e-005 	6.1991937761270128e-006 	3.4532292629391219e-005
2.6677600000000002e+004 	2.5441489336234431e-005 	5.3344228381264868e-006 	3.0775912174360937e-005
2.8316000000000000e+004 	2.2985076773184931e-005 	4.6192791615760782e-006 	2.7604355934761017e-005
-1250 0
-1.2500000000000000e+003 0.0000000000000000e+000 0.0000000000000000e+000
1
1 1 1 1
1
         t, ms                         dVp, mV                         dVs, mV                         dV, mV
5.0000000000000000e-001 	2.9778777829741681e-002 	7.8720798180719372e-003 	3.7650857647813597e-002
5.9999999999999998e-001 	2.9822024013099534e-002 	7.8720919679635057e-003 	3.7694115981063051e-002
6.9999999999999996e-001 	2.9850451038476562e-002 	7.8720983632808508e-003 	3.7722549401757413e-002
8.0000000000000004e-001 	2.9872836331898561e-002 	7.8721000900635989e-003 	3.7744936421962159e-002
9.0000000000000002e-001 	2.9891773685178879e-002 	7.8720984881148724e-003 	3.7763872173293751e-002
1.0000000000000000e+000 	2.9908259183563081e-002 	7.8720948214824182e-003 	3.7780354005045515e-002
1.1000000000000001e+000 	2.9922822084675213e-002 	7.8720901604840479e-003 	3.7794912245159261e-002
1.2000000000000000e+000 	2.9935815254334881e-002 	7.8720853483152629e-003 	3.7807900602650137e-002
1.3000000000000000e+000 	2.9947500604848420e-002 	7.8720810058511212e-003 	3.7819581610699531e-002
1.3999999999999999e+000 	2.9958081673287295e-002 	7.8720775579834354e-003 	3.7830159231270734e-002
1.6000000000000001e+000 	3.0309774361488972e-002 	7.8720742897852858e-003 	3.8181848651274247e-002
1.8000000000000000e+000 	2.9992433283049121e-002 	7.8720758805000436e-003 	3.7864509163549158e-002
2.0000000000000000e+000 	3.0005932052139330e-002 	7.8720817337778141e-003 	3.7878013785917132e-002
2.2000000000000002e+000 	3.0017669441384062e-002 	7.8720907630046265e-003 	3.7889760204388695e-002
2.3999999999999999e+000 	3.0027999937138419e-002 	7.8721015467981235e-003 	3.7900101483936556e-002
2.6000000000000001e+000 	3.0037187131382693e-002 	7.8721125941854687e-003 	3.7909299725568148e-002
2.7999999999999998e+000 	3.0045430003935950e-002 	7.8721225285307977e-003 	3.7917552532466745e-002
3.0000000000000000e+000 	3.0052881603940124e-002 	7.8721301944011807e-003 	3.7925011798341311e-002
3.2000000000000002e+000 	3.0059661863119314e-002 	7.8721346977584979e-003 	3.7931796560877820e-002
3.3999999999999999e+000 	3.0065866354826647e-002 	7.8721353959844715e-003 	3.7938001750811121e-002
3.6000000000000001e+000 	3.0071572362510134e-002 	7.8721318612416345e-003 	3.7943704223751769e-002
4.0000000000000000e+000 	3.0203702218820287e-002 	7.8721113455893083e-003 	3.8075813564409595e-002
4.4000000000000004e+000 	3.0090641191460658e-002 	7.8720704554008872e-003 	3.7962711646861554e-002
4.7999999999999998e+000 	3.0098396018530465e-002 	7.8720146043415682e-003 	3.7970410622872021e-002
5.2000000000000002e+000 	3.0105281246514345e-002 	7.8719409491186942e-003 	3.7977222195633036e-002
5.5999999999999996e+000 	3.0111482264924151e-002 	7.8718508597028537e-003 	3.7983333124626997e-002
6.0000000000000000e+000 	3.0117154741492128e-002 	7.8717468659908769e-003 	3.7988901607483014e-002
6.4000000000000004e+000 	3.0122430372074408e-002 	7.8716314865885997e-003 	3.7994061858663018e-002
6.7999999999999998e+000 	3.0127419098037289e-002 	7.8715069906849146e-003 	3.7998926088722206e-002
7.2000000000000002e+000 	3.0132209531307533e-002 	7.8713753879219809e-003 	3.8003584919229519e-002
7.5999999999999996e+000 	3.0136869098691840e-002 	7.8712383946065254e-003 	3.8008107493298374e-002
8.0000000000000000e+000 	3.0141444793757265e-002 	7.8710973642741877e-003 	3.8012542158031445e-002
8.8000000000000007e+000 	3.0217026328954674e-002 	7.8708064535396964e-003 	3.8087832782494377e-002
9.5999999999999996e+000 	3.0159201039687184e-002 	7.8705022810986389e-003 	3.8029703320785820e-002
1.0400000000000000e+001 	3.0167619312134960e-002 	7.8701791727300106e-003 	3.8037798484864986e-002
1.1199999999999999e+001 	3.0175517733733635e-002 	7.8698284513860264e-003 	3.8045346185119656e-002
1.2000000000000000e+001 	3.0182687982847557e-002 	7.8694371583687781e-003 	3.8052125141216350e-002
1.2800000000000001e+001 	3.0188925811829397e-002 	7.8689917374929683e-003 	3.8057917549322362e-002
1.3600000000000000e+001 	3.0194052699062109e-002 	7.8684791712837800e-003 	3.8062531870345896e-002
1.4400000000000000e+001 	3.0197926391363383e-002 	7.8678877513469175e-003 	3.8065814142710305e-002
1.5199999999999999e+001 	3.0200443506732455e-002 	7.8672076176340075e-003 	3.8067651124366463e-002
1.6000000000000000e+001 	3.0201537309383290e-002 	7.8664309409974403e-003 	3.8067968250380724e-002
1.6800000000000001e+001 	3.0201173056660549e-002 	7.8655517517144825e-003 	3.8066724808375030e-002
1.7600000000000001e+001 	3.0199342509409369e-002 	7.8645655181967776e-003 	3.8063908027606147e-002
1.8399999999999999e+001 	3.0196058535600402e-002 	7.8634685924226441e-003 	3.8059527128023012e-002
2.0000000000000000e+001 	3.0222014075316689e-002 	7.8609240023144837e-003 	3.8082938077631162e-002
2.1600000000000001e+001 	3.0169308809636919e-002 	7.8578791911290830e-003 	3.8027188000766009e-002
2.3199999999999999e+001 	3.0148447587028906e-002 	7.8542820935403254e-003 	3.8002729680569246e-002
2.4800000000000001e+001 	3.0123215919046833e-002 	7.8500612349240561e-003 	3.7973277153970891e-002
2.6399999999999999e+001 	3.0094099247000884e-002 	7.8451217727816443e-003 	3.7939221019782546e-002
2.8000000000000000e+001 	3.0061567695707305e-002 	7.8393524590027568e-003 	3.7900920154710069e-002
2.9600000000000001e+001 	3.0026060454904621e-002 	7.8326265477789477e-003 	3.7858687002683550e-002
3.1199999999999999e+001 	2.9987976687651213e-002 	7.8248081298089300e-003 	3.7812784817460136e-002
3.2800000000000004e+001 	2.9947671036090539e-002 	7.8157599796978179e-003 	3.7763431015788364e-002
3.4399999999999999e+001 	2.9905452271092235e-002 	7.8053502892083812e-003 	3.7710802560300613e-002
3.6000000000000000e+001 	2.9861584058564643e-002 	7.7934579445743902e-003 	3.7655042003139030e-002
3.7600000000000001e+001 	2.9816287129573862e-002 	7.7799765461972837e-003 	3.7596263675771145e-002
4.0800000000000004e+001 	2.9737261903631605e-002 	7.7478469352198816e-003 	3.7485108838851484e-002
4.4000000000000000e+001 	2.9624133857244245e-002 	7.7086235406452651e-003 	3.7332757397889521e-002
4.7199999999999996e+001 	2.9522502478384012e-002 	7.6621888737123727e-003 	3.7184691352096365e-002
5.0399999999999999e+001 	2.9417635088028301e-002 	7.6086690221821556e-003 	3.7026304110210462e-002
5.3600000000000001e+001 	2.9309601936791892e-002 	7.5484085343961761e-003 	3.6858010471188078e-002
5.6800000000000004e+001 	2.9198328807018940e-002 	7.4819254849246919e-003 	3.6680254291943618e-002
6.0000000000000000e+001 	2.9083659470263677e-002 	7.4098612746230988e-003 	3.6493520744886772e-002
6.3200000000000003e+001 	2.8965405399698833e-002 	7.3329322614214916e-003 	3.6298337661120325e-002
6.6400000000000006e+001 	2.8843381911861105e-002 	7.2518866455999406e-003 	3.6095268557461056e-002
6.9599999999999994e+001 	2.8717432210348979e-002 	7.1674694608815743e-003 	3.5884901671230547e-002
7.2799999999999997e+001 	2.8587441592652682e-002 	7.0803963541084093e-003 	3.5667837946761080e-002
7.9200000000000003e+001 	2.8321733218813167e-002 	6.9016114446234338e-003 	3.5223344663436608e-002
8.5599999999999994e+001 	2.8026781192920052e-002 	6.7193396015981710e-003 	3.4746120794518234e-002
9.2000000000000000e+001 	2.7723011709829239e-002 	6.5369111617437307e-003 	3.4259922871572979e-002
9.8400000000000006e+001 	2.7405020525746449e-002 	6.3569150116545405e-003 	3.3761935537400978e-002
1.0480000000000001e+002 	2.7074282422932999e-002 	6.1812004930864323e-003 	3.3255482916019437e-002
1.1119999999999999e+002 	2.6732453923226495e-002 	6.0109799476838902e-003 	3.2743433870910381e-002
1.1759999999999999e+002 	2.6381261389162147e-002 	5.8469614471952569e-003 	3.2228222836357401e-002
1.2400000000000000e+002 	2.6022415839953322e-002 	5.6894780079840201e-003 	3.1711893847937350e-002
1.3039999999999998e+002 	2.5657554144730605e-002 	5.5385978995510440e-003 	3.1196152044281642e-002
1.3680000000000001e+002 	2.5288202494705033e-002 	5.3942116401661886e-003 	3.0682414134871216e-002
1.4319999999999999e+002 	2.4915756970372592e-002 	5.2560971179731819e-003 	3.0171854088345777e-002
1.5600000000000000e+002 	2.4176260918036395e-002 	4.9970751704902817e-003 	2.9173336088526670e-002
1.6880000000000001e+002 	2.3420709003782892e-002 	4.7592505875808516e-003 	2.8179959591363737e-002
1.8160000000000002e+002 	2.2680645928141775e-002 	4.5402426236993585e-003 	2.7220888551841144e-002
1.9439999999999998e+002 	2.1952540075370116e-002 	4.3378287519445771e-003 	2.6290368827314690e-002
2.0719999999999999e+002 	2.1240122271333650e-002 	4.1500267103522859e-003 	2.5390148981685932e-002
2.2000000000000000e+002 	2.0546102383850667e-002 	3.9751194548700783e-003 	2.4521221838720745e-002
2.3280000000000001e+002 	1.9872362959573824e-002 	3.8116492466942122e-003 	2.3684012206268045e-002
2.4560000000000002e+002 	1.9220133208029642e-002 	3.6583898881890763e-003 	2.2878523096218718e-002
2.5840000000000003e+002 	1.8590133691764956e-002 	3.5143099486427513e-003 	2.2104443640407707e-002
2.7119999999999999e+002 	1.7982692543262804e-002 	3.3785369295648328e-003 	2.1361229472827644e-002
2.8400000000000000e+002 	1.7397837345586663e-002 	3.2503266428759864e-003 	2.0648163988462660e-002
2.9680000000000001e+002 	1.6835367320348314e-002 	3.1290384954683940e-003 	1.9964405815816710e-002
3.0959999999999997e+002 	1.6294909967921493e-002 	3.0141159951336273e-003 	1.9309025963055122e-002
3.3519999999999999e+002 	1.5289048219676086e-002 	2.8010038328586096e-003 	1.8090052052534694e-002
3.6080000000000001e+002 	1.4339818448370591e-002 	2.6081562858589519e-003 	1.6947974734229550e-002
3.8640000000000003e+002 	1.3477743376114929e-002 	2.4330695937445817e-003 	1.5910812969859509e-002
4.1200000000000000e+002 	1.2685174941550045e-002 	2.2736295831452748e-003 	1.4958804524695325e-002
4.3759999999999997e+002 	1.1956411021462743e-002 	2.1280241955812093e-003 	1.4084435217043946e-002
4.6319999999999999e+002 	1.1285935782368507e-002 	1.9947015884007129e-003 	1.3280637370769217e-002
4.8880000000000001e+002 	1.0668539918720379e-002 	1.8723328875775763e-003 	1.2540872806297955e-002
5.1439999999999998e+002 	1.0099383972097567e-002 	1.7597743881412999e-003 	1.1859158360238870e-002
5.4000000000000000e+002 	9.5740232144755060e-003 	1.6560348310804877e-003 	1.1230058045555989e-002
5.6560000000000002e+002 	9.0884077867331593e-003 	1.5602491377054127e-003 	1.0648656924438572e-002
5.9119999999999993e+002 	8.6388677757566704e-003 	1.4716577861552031e-003 	1.0110525561911868e-002
6.1680000000000007e+002 	8.2220898219661828e-003 	1.3895905678538145e-003 	9.6116803898199932e-003
6.6800000000000000e+002 	7.4842020319795324e-003 	1.2422117378302925e-003 	8.7264137698098258e-003
7.1919999999999993e+002 	6.8208753111807180e-003 	1.1145152194385417e-003 	7.9353905306192591e-003
7.7039999999999998e+002 	6.2531424054234680e-003 	1.0034789897248790e-003 	7.2566213951483459e-003
8.2160000000000002e+002 	5.7554184499249679e-003 	9.0659250799924587e-004 	6.6620109579242142e-003
8.7280000000000007e+002 	5.3166590631741504e-003 	8.2173053071293389e-004 	6.1383895938870829e-003
9.2400000000000000e+002 	4.9278028125332640e-003 	7.4711154210494975e-004 	5.6749143546382143e-003
9.7519999999999993e+002 	4.5814206008609939e-003 	6.8125619276096006e-004 	5.2626767936219546e-003
1.0264000000000001e+003 	4.2714031019195995e-003 	6.2293778389050898e-004 	4.8943408858101072e-003
1.0775999999999999e+003 	3.9927021308991039e-003 	5.7113435311034061e-004 	4.5638364840094444e-003
1.1288000000000000e+003 	3.7411229990984870e-003 	5.2498856269871878e-004 	4.2661115617972046e-003
1.1800000000000000e+003 	3.5131597630968783e-003 	4.8377618690119179e-004 	3.9969359499980699e-003
1.2824000000000001e+003 	3.1213848944670682e-003 	4.1334177251726008e-004 	3.5347266669843278e-003
1.3848000000000000e+003 	2.7795876078738099e-003 	3.5621675136916244e-004 	3.1358043592429729e-003
1.4872000000000000e+003 	2.4972921589069860e-003 	3.0971619457338803e-004 	2.8070083534803740e-003
1.5895999999999999e+003 	2.2567044024233806e-003 	2.7171150629560033e-004 	2.5284159087189807e-003
1.6920000000000000e+003 	2.0498742533722031e-003 	2.4046273983670916e-004 	2.2903369932089114e-003
1.7944000000000001e+003 	1.8706679495888686e-003 	2.1458884501462854e-004 	2.0852567946034973e-003
1.8968000000000000e+003 	1.7143160069986645e-003 	1.9301580396752419e-004 	1.9073318109661883e-003
1.9992000000000000e+003 	1.5770660013006397e-003 	1.7490906402320246e-004 	1.7519750653238421e-003
2.1015999999999999e+003 	1.4559277607695219e-003 	1.5961458471308593e-004 	1.6155423454826073e-003
2.2040000000000000e+003 	1.3484888593663072e-003 	1.4661486674187593e-004 	1.4951037261081825e-003
2.3064000000000001e+003 	1.2527807303554664e-003 	1.3549723111329066e-004 	1.3882779614687575e-003
2.5112000000000003e+003 	1.0920234345367210e-003 	1.1748890231169925e-004 	1.2095123368484207e-003
2.7160000000000000e+003 	9.5579131588551111e-004 	1.0368066792870266e-004 	1.0594719838142139e-003
2.9207999999999997e+003 	8.4690817924899266e-004 	9.2998513310009874e-005 	9.3990669255900224e-004
3.1255999999999999e+003 	7.5682724561212434e-004 	8.4606621837486745e-005 	8.4143386744961099e-004
3.3304000000000001e+003 	6.8151481445810581e-004 	7.7851274152422007e-005 	7.5936608861052759e-004
3.5352000000000003e+003 	6.1792181644974072e-004 	7.2272579649220633e-005 	6.9019439609896134e-004
3.7400000000000000e+003 	5.6372826375635724e-004 	6.7560114016843503e-005 	6.3128837777320099e-004
3.9447999999999997e+003 	5.1715075937013326e-004 	6.3502214996916418e-005 	5.8065297436704969e-004
4.1496000000000004e+003 	4.7680308748012631e-004 	5.9950798427471863e-005 	5.3675388590759820e-004
4.3543999999999996e+003 	4.4159614652996806e-004 	5.6799759095968581e-005 	4.9839590562593666e-004
4.5591999999999998e+003 	4.1066576019279136e-004 	5.3971558232999175e-005 	4.6463731842579068e-004
4.7640000000000000e+003 	3.8332001972495451e-004 	5.1408528202515336e-005 	4.3472854792746978e-004
4.9688000000000002e+003 	3.5900037182954101e-004 	4.9067043980961799e-005 	4.0806741581050275e-004
5.3783999999999996e+003 	3.1815103608113111e-004 	4.4947335486845066e-005 	3.6309837156797616e-004
5.7880000000000000e+003 	2.8329225006783020e-004 	4.1309348987017162e-005 	3.2460159905484733e-004
6.1976000000000004e+003 	2.5520301721065474e-004 	3.8140476109036274e-005 	2.9334349331969103e-004
6.6071999999999998e+003 	2.3164608298945790e-004 	3.5359787373787601e-005 	2.6700587036324551e-004
7.0168000000000002e+003 	2.1161428655815006e-004 	3.2884178427795663e-005 	2.4449846498594575e-004
7.4264000000000005e+003 	1.9436973041609011e-004 	3.0657759909305709e-005 	2.2502749032539588e-004
7.8360000000000000e+003 	1.7936652966171873e-004 	2.8642588296271108e-005 	2.0800911795798980e-004
8.2456000000000004e+003 	1.6619455371513059e-004 	2.6809837030987813e-005 	1.9300439074611842e-004
8.6552000000000007e+003 	1.5454019674262314e-004 	2.5136092678272989e-005 	1.7967628942089603e-004
9.0647999999999993e+003 	1.4415939352093902e-004 	2.3601872512734469e-005 	1.6776126603367349e-004
9.4743999999999996e+003 	1.3485902139783330e-004 	2.2190802588643690e-005 	1.5704982398647701e-004
1.0293600000000000e+004 	1.1916310062999016e-004 	1.9698955166925971e-005 	1.3886205579691615e-004
1.1112799999999999e+004 	1.0550067929956560e-004 	1.7503983742685661e-005 	1.2300466304225127e-004
1.1932000000000000e+004 	9.4443240622250549e-005 	1.5620275761463048e-005 	1.1006351638371363e-004
1.2751200000000001e+004 	8.5117331666053825e-005 	1.3986265285025651e-005 	9.9103596951079486e-005
1.3570400000000000e+004 	7.7166655536650718e-005 	1.2552078764918901e-005 	8.9718734301569593e-005
1.4389600000000000e+004 	7.0323490314938306e-005 	1.1285747186453344e-005 	8.1609237501391652e-005
1.5208799999999999e+004 	6.4384164345248008e-005 	1.0163448307342715e-005 	7.4547612652590758e-005
1.6027999999999998e+004 	5.9191318830692543e-005 	9.1657263637325431e-006 	6.8357045194425089e-005
1.6847200000000001e+004 	5.4621491842699541e-005 	8.2763869454147544e-006 	6.2897878788114277e-005
1.7666399999999998e+004 	5.0576448541654575e-005 	7.4818682765520910e-006 	5.8058316818206657e-005
1.8485600000000002e+004 	4.6977054640969437e-005 	6.7707164591620526e-006 	5.3747771100131479e-005
2.0124000000000000e+004 	4.0978017035875850e-005 	5.5619168388820827e-006 	4.6539933874757937e-005
2.1762399999999998e+004 	3.5798385260860003e-005 	4.5626906355181694e-006 	4.0361075896378187e-005
2.3400799999999999e+004 	3.1682578259016645e-005 	3.7643272893310373e-006 	3.5446905548347691e-005
2.5039200000000001e+004 	2.8260630266537745e-005 	3.1181484676576372e-006 	3.1378778734195384e-005
2.6677600000000002e+004 	2.5382589199971922e-005 	2.5915690300998440e-006 	2.7974158230071762e-005
2.8316000000000000e+004 	2.2936632357119310e-005 	2.1616106105628999e-006 	2.5098242967682214e-005
