-1300 0
-1.3000000000000000e+003 0.0000000000000000e+000 0.0000000000000000e+000
1
1 1 1 1
1
         t, ms                         dVp, mV                         dVs, mV                         dV, mV
5.0000000000000000e-001 	1.3769920912653322e-001 	2.2264128849146959e-002 	1.5996333797568016e-001
5.9999999999999998e-001 	1.3787825850265056e-001 	2.2264679918197174e-002 	1.6014293842084770e-001
6.9999999999999996e-001 	1.3799595432713008e-001 	2.2264453544381359e-002 	1.6026040787151147e-001
8.0000000000000004e-001 	1.3808863565248539e-001 	2.2263763673394776e-002 	1.6035239932588019e-001
9.0000000000000002e-001 	1.3816704122713558e-001 	2.2262859778441033e-002 	1.6042990100557664e-001
1.0000000000000000e+000 	1.3823529517360197e-001 	2.2261919180960404e-002 	1.6049721435456230e-001
1.1000000000000001e+000 	1.3829558884805768e-001 	2.2261058095014444e-002 	1.6055664694307212e-001
1.2000000000000000e+000 	1.3834938327918481e-001 	2.2260345198604394e-002 	1.6060972847778929e-001
1.3000000000000000e+000 	1.3839776290739678e-001 	2.2259813802855428e-002 	1.6065757671025213e-001
1.3999999999999999e+000 	1.3844157045676983e-001 	2.2259472075552400e-002 	1.6070104253232223e-001
1.6000000000000001e+000 	1.3989755019818600e-001 	2.2259282491688064e-002 	1.6215683268987402e-001
1.8000000000000000e+000 	1.3858379153178460e-001 	2.2259620919251689e-002 	1.6084341245103634e-001
2.0000000000000000e+000 	1.3863967815284303e-001 	2.2260294298999523e-002 	1.6089997245184257e-001
2.2000000000000002e+000 	1.3868827223113975e-001 	2.2261116566681276e-002 	1.6094938879782100e-001
2.3999999999999999e+000 	1.3873104144821694e-001 	2.2261927704635122e-002 	1.6099296915285202e-001
2.6000000000000001e+000 	1.3876907715091424e-001 	2.2262604157387431e-002 	1.6103168130830173e-001
2.7999999999999998e+000 	1.3880320316912900e-001 	2.2263060121116781e-002 	1.6106626329024584e-001
3.0000000000000000e+000 	1.3883405316390060e-001 	2.2263243871104125e-002 	1.6109729703500467e-001
3.2000000000000002e+000 	1.3886212368297765e-001 	2.2263131648534780e-002 	1.6112525533151240e-001
3.3999999999999999e+000 	1.3888781042267193e-001 	2.2262720819180258e-002 	1.6115053124185214e-001
3.6000000000000001e+000 	1.3891143335596151e-001 	2.2262023434167215e-002 	1.6117345679012868e-001
4.0000000000000000e+000 	1.3945843954760276e-001 	2.2259899877594622e-002 	1.6171833942519734e-001
4.4000000000000004e+000 	1.3899037803179046e-001 	2.2256891608778036e-002 	1.6124726964056846e-001
4.7999999999999998e+000 	1.3902248247566035e-001 	2.2253322946423279e-002 	1.6127580542208367e-001
5.2000000000000002e+000 	1.3905098587267153e-001 	2.2249282860081782e-002 	1.6130026873275330e-001
5.5999999999999996e+000 	1.3907665421686238e-001 	2.2244934896282945e-002 	1.6132158911314529e-001
6.0000000000000000e+000 	1.3910012894303425e-001 	2.2240438972813085e-002 	1.6134056791584733e-001
6.4000000000000004e+000 	1.3912195005230205e-001 	2.2235928430518463e-002 	1.6135787848282049e-001
6.7999999999999998e+000 	1.3914256461392532e-001 	2.2231510984373641e-002 	1.6137407559829897e-001
7.2000000000000002e+000 	1.3916232791837507e-001 	2.2227272912663323e-002 	1.6138960083103840e-001
7.5999999999999996e+000 	1.3918150362324427e-001 	2.2223280390215313e-002 	1.6140478401345965e-001
8.0000000000000000e+000 	1.3920026660612861e-001 	2.2219578281405118e-002 	1.6141984488753375e-001
8.8000000000000007e+000 	1.3951242522536117e-001 	2.2213071790447691e-002 	1.6172549701580888e-001
9.5999999999999996e+000 	1.3927175123626853e-001 	2.2207544587923334e-002 	1.6147929582419193e-001
1.0400000000000000e+001 	1.3930436861618972e-001 	2.2202489613651150e-002 	1.6150685822984087e-001
1.1199999999999999e+001 	1.3933361134116715e-001 	2.2197182688947315e-002 	1.6153079403011444e-001
1.2000000000000000e+001 	1.3935827953749239e-001 	2.2190668471046456e-002 	1.6154894800853875e-001
1.2800000000000001e+001 	1.3937717955791648e-001 	2.2181901730834914e-002 	1.6155908128875140e-001
1.3600000000000000e+001 	1.3938922167356516e-001 	2.2169817751223852e-002 	1.6155903942478900e-001
1.4400000000000000e+001 	1.3939346860463742e-001 	2.2153391150932004e-002 	1.6154685975556937e-001
1.5199999999999999e+001 	1.3938914866909588e-001 	2.2131684877394149e-002 	1.6152083354649008e-001
1.6000000000000000e+001 	1.3937564733372387e-001 	2.2103884702675904e-002 	1.6147953203639973e-001
1.6800000000000001e+001 	1.3935248797732119e-001 	2.2069318909110732e-002 	1.6142180688643193e-001
1.7600000000000001e+001 	1.3931930914762228e-001 	2.2027465848068424e-002 	1.6134677499569078e-001
1.8399999999999999e+001 	1.3927584259768774e-001 	2.1977952573317330e-002 	1.6125379517100505e-001
2.0000000000000000e+001 	1.3930770253775615e-001 	2.1855190886910247e-002 	1.6116289342466639e-001
2.1600000000000001e+001 	1.3899591727027588e-001 	2.1701010931073381e-002 	1.6069692820134926e-001
2.3199999999999999e+001 	1.3879172014177943e-001 	2.1516644596696805e-002 	1.6030836473847621e-001
2.4800000000000001e+001 	1.3854474858380092e-001 	2.1304360151107003e-002 	1.5984910873490790e-001
2.6399999999999999e+001 	1.3825549109375063e-001 	2.1067098958584721e-002 	1.5932259005233521e-001
2.8000000000000000e+001 	1.3792474410358518e-001 	2.0808289094728271e-002 	1.5873303319831344e-001
2.9600000000000001e+001 	1.3755357419332501e-001 	2.0531504171568987e-002 	1.5808507836489399e-001
3.1199999999999999e+001 	1.3714328437144294e-001 	2.0240274926037902e-002 	1.5738355929748088e-001
3.2800000000000004e+001 	1.3669538091795394e-001 	1.9937975994639111e-002 	1.5663335691259306e-001
3.4399999999999999e+001 	1.3621153919857548e-001 	1.9627741320207982e-002 	1.5583928051878346e-001
3.6000000000000000e+001 	1.3569356856396006e-001 	1.9312406233138669e-002 	1.5500597479709877e-001
3.7600000000000001e+001 	1.3514337736830914e-001 	1.8994477760844949e-002 	1.5413785512915401e-001
4.0800000000000004e+001 	1.3401661336661252e-001 	1.8361264157379834e-002 	1.5237787752399234e-001
4.4000000000000000e+001 	1.3266629565612656e-001 	1.7739003951630042e-002 	1.5040529960775662e-001
4.7199999999999996e+001 	1.3128644287743971e-001 	1.7136436309823821e-002 	1.4842287918726352e-001
5.0399999999999999e+001 	1.2983192452155309e-001 	1.6559520207952604e-002 	1.4639144472950574e-001
5.3600000000000001e+001 	1.2831636417848524e-001 	1.6011734629636069e-002 	1.4432809880812139e-001
5.6800000000000004e+001 	1.2675217096222716e-001 	1.5494630315638013e-002 	1.4224680127786521e-001
6.0000000000000000e+001 	1.2515043174206367e-001 	1.5008383241737049e-002 	1.4015881498380081e-001
6.3200000000000003e+001 	1.2352090723049600e-001 	1.4552254724360393e-002 	1.3807316195485630e-001
6.6400000000000006e+001 	1.2187209240624346e-001 	1.4124928825255498e-002 	1.3599702123149898e-001
6.9599999999999994e+001 	1.2021131377944906e-001 	1.3724756364347659e-002 	1.3393607014379669e-001
7.2799999999999997e+001 	1.1854484424355025e-001 	1.3349928500496003e-002 	1.3189477274404621e-001
7.9200000000000003e+001 	1.1525185570749279e-001 	1.2666683013672348e-002 	1.2791853872116513e-001
8.5599999999999994e+001 	1.1192633069260394e-001 	1.2063078140241205e-002 	1.2398940883284518e-001
9.2000000000000000e+001 	1.0868481584650318e-001 	1.1527292571649309e-002 	1.2021210841815248e-001
9.8400000000000006e+001 	1.0551263737150307e-001 	1.1048878470728437e-002 	1.1656151584223150e-001
1.0480000000000001e+002 	1.0242140184310689e-001 	1.0618948052083660e-002 	1.1304034989519057e-001
1.1119999999999999e+002 	9.9418700739927979e-002 	1.0230057662321389e-002 	1.0964875840224934e-001
1.1759999999999999e+002 	9.6509090234606507e-002 	9.8760299989343429e-003 	1.0638512023354080e-001
1.2400000000000000e+002 	9.3694880993625357e-002 	9.5517703184696441e-003 	1.0324665131209500e-001
1.3039999999999998e+002 	9.0976741668960595e-002 	9.2530854069996903e-003 	1.0022982707596027e-001
1.3680000000000001e+002 	8.8354149947198368e-002 	8.9765174223047119e-003 	9.7330667369503104e-002
1.4319999999999999e+002 	8.5825727205990257e-002 	8.7192024715624997e-003 	9.4544929677552778e-002
1.5600000000000000e+002 	8.1092225655219577e-002 	8.2511222478590367e-003 	8.9343347903078602e-002
1.6880000000000001e+002 	7.6599555425315741e-002 	7.8363027699646856e-003 	8.4435858195280447e-002
1.8160000000000002e+002 	7.2483849905264588e-002 	7.4644278053558628e-003 	7.9948277710620505e-002
1.9439999999999998e+002 	6.8669154033012741e-002 	7.1278469467075962e-003 	7.5797000979720364e-002
2.0719999999999999e+002 	6.5132219354351692e-002 	6.8206148999001379e-003 	7.1952834254251821e-002
2.2000000000000000e+002 	6.1850617973351341e-002 	6.5380548463277255e-003 	6.8388672819679086e-002
2.3280000000000001e+002 	5.8803199214490051e-002 	6.2765331311460549e-003 	6.5079732345636104e-002
2.4560000000000002e+002 	5.5970309549494307e-002 	6.0332203993482061e-003 	6.2003529948842506e-002
2.5840000000000003e+002 	5.3333861850904343e-002 	5.8058745409352427e-003 	5.9139736391839608e-002
2.7119999999999999e+002 	5.0877313896035253e-002 	5.5926812731137854e-003 	5.6469995169149030e-002
2.8400000000000000e+002 	4.8585595741153710e-002 	5.3921453413264646e-003 	5.3977741082480185e-002
2.9680000000000001e+002 	4.6445011110516222e-002 	5.2030155571926211e-003 	5.1648026667708832e-002
3.0959999999999997e+002 	4.4443128215189968e-002 	5.0242314662531243e-003 	4.9467359681443092e-002
3.3519999999999999e+002 	4.0853070909402017e-002 	4.6938116088315138e-003 	4.5546882518233529e-002
3.6080000000000001e+002 	3.7587271489549275e-002 	4.3948070520690224e-003 	4.1982078541618312e-002
3.8640000000000003e+002 	3.4746586483205999e-002 	4.1230943382814886e-003 	3.8869680821487465e-002
4.1200000000000000e+002 	3.2223786630278591e-002 	3.8754888934044544e-003 	3.6099275523683048e-002
4.3759999999999997e+002 	2.9973920481111138e-002 	3.6489980443155916e-003 	3.3622918525426732e-002
4.6319999999999999e+002 	2.7959269213974253e-002 	3.4410443132204412e-003 	3.1400313527194690e-002
4.8880000000000001e+002 	2.6148196935752852e-002 	3.2495006562547270e-003 	2.9397697592007575e-002
5.1439999999999998e+002 	2.4514099725045476e-002 	3.0725950657295126e-003 	2.7586694790775003e-002
5.4000000000000000e+002 	2.3034517377017460e-002 	2.9088249136813250e-003 	2.5943342290698789e-002
5.6560000000000002e+002 	2.1690404424681845e-002 	2.7568986923660458e-003 	2.4447303117047892e-002
5.9119999999999993e+002 	2.0465538087081160e-002 	2.6156952277656283e-003 	2.3081233314846791e-002
6.1680000000000007e+002 	1.9346038448570510e-002 	2.4842335592475079e-003 	2.1830272007818029e-002
6.6800000000000000e+002 	1.7400875817396140e-002 	2.2469404546938765e-003 	1.9647816272090012e-002
7.1919999999999993e+002 	1.5683557097532757e-002 	2.0386642154606488e-003 	1.7722221312993405e-002
7.7039999999999998e+002 	1.4245775867942493e-002 	1.8555880425659677e-003 	1.6101363910508457e-002
8.2160000000000002e+002 	1.3006486784245787e-002 	1.6943497099619954e-003 	1.4700836494207782e-002
8.7280000000000007e+002 	1.1929896440180937e-002 	1.5518113533214567e-003 	1.3481707793502396e-002
9.2400000000000000e+002 	1.0987802691727867e-002 	1.4253150559867386e-003 	1.2413117747714609e-002
9.7519999999999993e+002 	1.0157889486133213e-002 	1.3126641645520038e-003 	1.1470553650685210e-002
1.0264000000000001e+003 	9.4223574212589922e-003 	1.2120351616842992e-003 	1.0634392582943294e-002
1.0775999999999999e+003 	8.7668783517863193e-003 	1.1218994557339399e-003 	9.8887778075202552e-003
1.1288000000000000e+003 	8.1798105272398586e-003 	1.0409633191565558e-003 	9.2207738463964111e-003
1.1800000000000000e+003 	7.6516101549755399e-003 	9.6812289912509640e-004 	8.6197330541006398e-003
1.2824000000000001e+003 	6.7518608918597693e-003 	8.4272872964347200e-004 	7.5945896215032470e-003
1.3848000000000000e+003 	5.9743727350051682e-003 	7.3916962819863918e-004 	6.7135423632038076e-003
1.4872000000000000e+003 	5.3391147352927224e-003 	6.5371678230227172e-004 	5.9928315175949969e-003
1.5895999999999999e+003 	4.8023209213488129e-003 	5.8302177536033234e-004 	5.3853426967091457e-003
1.6920000000000000e+003 	4.3442513429287734e-003 	5.2416113753437515e-004 	4.8684124804631492e-003
1.7944000000000001e+003 	3.9499141980462223e-003 	4.7479702456464708e-004 	4.4247112226108677e-003
1.8968000000000000e+003 	3.6078161955337145e-003 	4.3310425331964105e-004 	4.0409204488533563e-003
1.9992000000000000e+003 	3.3090268518431933e-003 	3.9765323000837312e-004 	3.7066800818515671e-003
2.1015999999999999e+003 	3.0465066534690554e-003 	3.6731267789369589e-004 	3.4138193313627500e-003
2.2040000000000000e+003 	2.8146298675617762e-003 	3.4117896152783547e-004 	3.1558088290896116e-003
2.3064000000000001e+003 	2.6088440739642170e-003 	3.1852525579162660e-004 	2.9273693297558450e-003
2.5112000000000003e+003 	2.2647636189793300e-003 	2.8128657085403749e-004 	2.5460501898333680e-003
2.7160000000000000e+003 	1.9747703583886645e-003 	2.5174867961403350e-004 	2.2265190380026992e-003
2.9207999999999997e+003 	1.7443359469405107e-003 	2.2829355867155297e-004 	1.9726295056120636e-003
3.1255999999999999e+003 	1.5546060689537883e-003 	2.0937773600099714e-004 	1.7639838049547853e-003
3.3304000000000001e+003 	1.3966460683099986e-003 	1.9375440051703200e-004 	1.5904004688270309e-003
3.5352000000000003e+003 	1.2637556791038882e-003 	1.8055307152281538e-004 	1.4443087506267036e-003
3.7400000000000000e+003 	1.1508735502665608e-003 	1.6918324303742140e-004 	1.3200567933039824e-003
3.9447999999999997e+003 	1.0541338683889992e-003 	1.5923602260189609e-004 	1.2133698909908952e-003
4.1496000000000004e+003 	9.7054859961549127e-004 	1.5041958654469459e-004 	1.1209681861601860e-003
4.3543999999999996e+003 	8.9778161729105633e-004 	1.4252022053443361e-004 	1.0403018378254897e-003
4.5591999999999998e+003 	8.3398719918555803e-004 	1.3537810112951331e-004 	9.6936530031507134e-004
4.7640000000000000e+003 	7.7769315324563069e-004 	1.2887146070708641e-004 	9.0656461395271679e-004
4.9688000000000002e+003 	7.2771505311271863e-004 	1.2290586925718162e-004 	8.5062092236990014e-004
5.3783999999999996e+003 	6.4395106946160392e-004 	1.1239196281580742e-004 	7.5634303227741157e-004
5.7880000000000000e+003 	5.7262955676054170e-004 	1.0307963148456118e-004 	6.7570918824510281e-004
6.1976000000000004e+003 	5.1531269782639322e-004 	9.4991988639072218e-005 	6.1030468646546552e-004
6.6071999999999998e+003 	4.6734150444275213e-004 	8.7905850450221753e-005 	5.5524735489297398e-004
7.0168000000000002e+003 	4.2661815627019343e-004 	8.1612791303585107e-005 	5.0823094757377815e-004
7.4264000000000005e+003 	3.9161096098093548e-004 	7.5972152153394359e-005 	4.6758311313432996e-004
7.8360000000000000e+003 	3.6119038737259792e-004 	7.0884650299493624e-005 	4.3207503767209160e-004
8.2456000000000004e+003 	3.3451019986144716e-004 	6.6273235794833536e-005 	4.0078343565628057e-004
8.6552000000000007e+003 	3.1092491786460482e-004 	6.2075090294273649e-005 	3.7300000815887832e-004
9.0647999999999993e+003 	2.8993326012976005e-004 	5.8238064949461479e-005 	3.4817132507922145e-004
9.4743999999999996e+003 	2.7113930313606339e-004 	5.4718495647726306e-005 	3.2585779878378964e-004
1.0293600000000000e+004 	2.3945078981250348e-004 	4.8525644875629188e-005 	2.8797643468813272e-004
1.1112799999999999e+004 	2.1188593256378608e-004 	4.3089732328092164e-005 	2.5497566489187821e-004
1.1932000000000000e+004 	1.8960131586291847e-004 	3.8446578936942695e-005 	2.2804789479986110e-004
1.2751200000000001e+004 	1.7082042441621495e-004 	3.4429242502054094e-005 	2.0524966691826908e-004
1.3570400000000000e+004 	1.5481912162007867e-004 	3.0912663535845563e-005 	1.8573178515592415e-004
1.4389600000000000e+004 	1.4105411146491352e-004 	2.7815222886226860e-005 	1.6886933435114043e-004
1.5208799999999999e+004 	1.2911263174671106e-004 	2.5075463637416622e-005 	1.5418809538412777e-004
1.6027999999999998e+004 	1.1867614755764210e-004 	2.2643553450722975e-005 	1.4131970100836512e-004
1.6847200000000001e+004 	1.0949498668116077e-004 	2.0478378631045465e-005 	1.2997336531220626e-004
1.7666399999999998e+004 	1.0137065992643815e-004 	1.8545745970661896e-005 	1.1991640589710002e-004
1.8485600000000002e+004 	9.4143387865103936e-005 	1.6816942507173669e-005 	1.1096033037227758e-004
2.0124000000000000e+004 	8.2102395621863944e-005 	1.3880868478045804e-005 	9.5983264099909767e-005
2.1762399999999998e+004 	7.1708703184934135e-005 	1.1451478088585357e-005 	8.3160181273519466e-005
2.3400799999999999e+004 	6.3453497982479014e-005 	9.5096003813594503e-006 	7.2963098363838490e-005
2.5039200000000001e+004 	5.6592083172109746e-005 	7.9350230121220146e-006 	6.4527106184231750e-005
2.6677600000000002e+004 	5.0822740727682535e-005 	6.6493731768115816e-006 	5.7472113904494114e-005
2.8316000000000000e+004 	4.5920608784448784e-005 	5.5968349889200529e-006 	5.1517443773368809e-005
-1600 0
-1.6000000000000000e+003 0.0000000000000000e+000 0.0000000000000000e+000
1
1 1 1 1
1
         t, ms                         dVp, mV                         dVs, mV                         dV, mV
5.0000000000000000e-001 	1.1037266996812206e-001 	1.7239562250205037e-002 	1.2761223221832713e-001
5.9999999999999998e-001 	1.1051154623532561e-001 	1.7240122932585398e-002 	1.2775166916791100e-001
6.9999999999999996e-001 	1.1060283511041166e-001 	1.7239901408548308e-002 	1.2784273651895997e-001
8.0000000000000004e-001 	1.1067472187519606e-001 	1.7239212229013305e-002 	1.2791393410420934e-001
9.0000000000000002e-001 	1.1073553579454001e-001 	1.7238305953599816e-002 	1.2797384174813986e-001
1.0000000000000000e+000 	1.1078847569296464e-001 	1.7237361066742261e-002 	1.2802583675970694e-001
1.1000000000000001e+000 	1.1083524128383743e-001 	1.7236494814961683e-002 	1.2807173609879907e-001
1.2000000000000000e+000 	1.1087696580889768e-001 	1.7235776693700196e-002 	1.2811274250259791e-001
1.3000000000000000e+000 	1.1091449040961014e-001 	1.7235240601805250e-002 	1.2814973101141539e-001
1.3999999999999999e+000 	1.1094846873927645e-001 	1.7234895082990188e-002 	1.2818336382226661e-001
1.6000000000000001e+000 	1.1207774191597436e-001 	1.7234701229837508e-002 	1.2931244314581183e-001
1.8000000000000000e+000 	1.1105877904265879e-001 	1.7235039433310371e-002 	1.2829381847596916e-001
2.0000000000000000e+000 	1.1110212601824278e-001 	1.7235715711126792e-002 	1.2833784172936957e-001
2.2000000000000002e+000 	1.1113981666739860e-001 	1.7236542783906385e-002 	1.2837635945130499e-001
2.3999999999999999e+000 	1.1117298937621518e-001 	1.7237359452678142e-002 	1.2841034882889332e-001
2.6000000000000001e+000 	1.1120249063099519e-001 	1.7238041221905462e-002 	1.2844053185290058e-001
2.7999999999999998e+000 	1.1122895942173269e-001 	1.7238501642547151e-002 	1.2846746106427986e-001
3.0000000000000000e+000 	1.1125288723604439e-001 	1.7238688598669821e-002 	1.2849157583471418e-001
3.2000000000000002e+000 	1.1127465921231519e-001 	1.7238578120915980e-002 	1.2851323733323120e-001
3.3999999999999999e+000 	1.1129458226505180e-001 	1.7238167479112880e-002 	1.2853274974416470e-001
3.6000000000000001e+000 	1.1131290457554738e-001 	1.7237468703363304e-002 	1.2855037327891072e-001
4.0000000000000000e+000 	1.1173716804408287e-001 	1.7235338192888448e-002 	1.2897250623697129e-001
4.4000000000000004e+000 	1.1137413514133700e-001 	1.7232316704399050e-002 	1.2860645184573608e-001
4.7999999999999998e+000 	1.1139903566468426e-001 	1.7228733642939916e-002 	1.2862776930762418e-001
5.2000000000000002e+000 	1.1142114291460177e-001 	1.7224677227914566e-002 	1.2864582014251641e-001
5.5999999999999996e+000 	1.1144105059388840e-001 	1.7220312780877486e-002 	1.2866136337476591e-001
6.0000000000000000e+000 	1.1145925538195603e-001 	1.7215802029517013e-002 	1.2867505741147306e-001
6.4000000000000004e+000 	1.1147617468719043e-001 	1.7211279126423527e-002 	1.2868745381361396e-001
6.7999999999999998e+000 	1.1149215305376542e-001 	1.7206851361803648e-002 	1.2869900441556911e-001
7.2000000000000002e+000 	1.1150746288977267e-001 	1.7202603391915643e-002 	1.2871006628168841e-001
7.5999999999999996e+000 	1.1152230445439258e-001 	1.7198598689881432e-002 	1.2872090314427395e-001
8.0000000000000000e+000 	1.1153680799591263e-001 	1.7194878489513048e-002 	1.2873168648542563e-001
8.8000000000000007e+000 	1.1177871814783370e-001 	1.7188293209957288e-002 	1.2896701135779101e-001
9.5999999999999996e+000 	1.1159169724073835e-001 	1.7182602393752341e-002 	1.2877429963449069e-001
1.0400000000000000e+001 	1.1161638152127903e-001 	1.7177258918637660e-002 	1.2879364043991670e-001
1.1199999999999999e+001 	1.1163810940861893e-001 	1.7171500909124299e-002 	1.2880961031774324e-001
1.2000000000000000e+001 	1.1165585416211997e-001 	1.7164339357253412e-002 	1.2882019351937335e-001
1.2800000000000001e+001 	1.1166858932839152e-001 	1.7154702683786216e-002 	1.2882329201217763e-001
1.3600000000000000e+001 	1.1167536662117476e-001 	1.7141507879198017e-002 	1.2881687450037277e-001
1.4400000000000000e+001 	1.1167535497904173e-001 	1.7123719247549098e-002 	1.2879907422659087e-001
1.5199999999999999e+001 	1.1166785166905242e-001 	1.7100396893263516e-002 	1.2876824856231586e-001
1.6000000000000000e+001 	1.1165227634815321e-001 	1.7070730448390570e-002 	1.2872300679654375e-001
1.6800000000000001e+001 	1.1162815665836240e-001 	1.7034057865093804e-002 	1.2866221452345622e-001
1.7600000000000001e+001 	1.1159511113969917e-001 	1.6989872068708535e-002 	1.2858498320840772e-001
1.8399999999999999e+001 	1.1155283285069972e-001 	1.6937818742048947e-002 	1.2849065159274864e-001
2.0000000000000000e+001 	1.1155576924605172e-001 	1.6809481333257582e-002 	1.2836525057930928e-001
2.1600000000000001e+001 	1.1128683229315793e-001 	1.6649206456338061e-002 	1.2793603874949597e-001
2.3199999999999999e+001 	1.1109425535524889e-001 	1.6458444966729706e-002 	1.2755270032197857e-001
2.4800000000000001e+001 	1.1086131208152790e-001 	1.6239700448867665e-002 	1.2710101253039560e-001
2.6399999999999999e+001 	1.1058800344870201e-001 	1.5996152152316059e-002 	1.2658415560101807e-001
2.8000000000000000e+001 	1.1027469537396997e-001 	1.5731463531327594e-002 	1.2600615890529757e-001
2.9600000000000001e+001 	1.0992209079300606e-001 	1.5449431723567632e-002 	1.2537152251657374e-001
3.1199999999999999e+001 	1.0953119800343772e-001 	1.5153794465068914e-002 	1.2468499246850660e-001
3.2800000000000004e+001 	1.0910329466061845e-001 	1.4848114115804646e-002 	1.2395140877642311e-001
3.4399999999999999e+001 	1.0863988794102770e-001 	1.4535690783151917e-002 	1.2317557872417964e-001
3.6000000000000000e+001 	1.0814267242484760e-001 	1.4219502688381845e-002 	1.2236217511322947e-001
3.7600000000000001e+001 	1.0761348765763432e-001 	1.3902175563958568e-002 	1.2151566322159288e-001
4.0800000000000004e+001 	1.0651538055543745e-001 	1.3274944987900926e-002 	1.1979032554333835e-001
4.4000000000000000e+001 	1.0522293939996301e-001 	1.2665236361089559e-002 	1.1788817576105252e-001
4.7199999999999996e+001 	1.0388841774442649e-001 	1.2081905865928279e-002 	1.1597032361035479e-001
5.0399999999999999e+001 	1.0248128716039853e-001 	1.1530794188496467e-002 	1.1401208134889500e-001
5.3600000000000001e+001 	1.0101579913965114e-001 	1.1015058380799749e-002 	1.1203085752045089e-001
5.6800000000000004e+001 	9.9505001150505409e-002 	1.0535771852454355e-002 	1.1004077300295977e-001
6.0000000000000000e+001 	9.7960578831308293e-002 	1.0092528058096056e-002 	1.0805310688940434e-001
6.3200000000000003e+001 	9.6392819325363463e-002 	9.6839458906967761e-003 	1.0607676521606019e-001
6.6400000000000006e+001 	9.4810653303755224e-002 	9.3080444024175365e-003 	1.0411869770617277e-001
6.9599999999999994e+001 	9.3221744750661278e-002 	8.9625159863195112e-003 	1.0218426073698075e-001
7.2799999999999997e+001 	9.1632606104810485e-002 	8.6449215032644577e-003 	1.0027752760807498e-001
7.9200000000000003e+001 	8.8505429570245209e-002 	8.0809835994806629e-003 	9.6586413169725896e-002
8.5599999999999994e+001 	8.5379469734402413e-002 	7.6007625247457508e-003 	9.2980232259148130e-002
9.2000000000000000e+001 	8.2353343138294913e-002 	7.1894943402831517e-003 	8.9542837478578038e-002
9.8400000000000006e+001 	7.9416763921893577e-002 	6.8344380426505567e-003 	8.6251201964544111e-002
1.0480000000000001e+002 	7.6579583434206913e-002 	6.5250563554900450e-003 	8.3104639789696969e-002
1.1119999999999999e+002 	7.3847401115505057e-002 	6.2528080602653243e-003 	8.0100209175770376e-002
1.1759999999999999e+002 	7.1222689186105859e-002 	6.0108571714262947e-003 	7.7233546357532171e-002
1.2400000000000000e+002 	6.8705688517758781e-002 	5.7937804914892930e-003 	7.4499469009248059e-002
1.3039999999999998e+002 	6.6295083214960249e-002 	5.5972926503820436e-003 	7.1892375865342306e-002
1.3680000000000001e+002 	6.3988494862794842e-002 	5.4180043615310557e-003 	6.9406499224325915e-002
1.4319999999999999e+002 	6.1782839806481908e-002 	5.2532234492589491e-003 	6.7036063255740866e-002
1.5600000000000000e+002 	5.7700330591785254e-002 	4.9572991050452590e-003 	6.2657629696830516e-002
1.6880000000000001e+002 	5.3883634154818540e-002 	4.6988437085101970e-003 	5.8582477863328757e-002
1.8160000000000002e+002 	5.0439581027143632e-002 	4.4695226718354996e-003 	5.4909103698979132e-002
1.9439999999999998e+002 	4.7293026844972871e-002 	4.2635584085906723e-003 	5.1556585253563506e-002
2.0719999999999999e+002 	4.4415771394685208e-002 	4.0766516798324574e-003 	4.8492423074517670e-002
2.2000000000000000e+002 	4.1781646065935700e-002 	3.9055222146991428e-003 	4.5687168280634835e-002
2.3280000000000001e+002 	3.9366750158909045e-002 	3.7477012443246842e-003 	4.3114451403233722e-002
2.4560000000000002e+002 	3.7149470724845639e-002 	3.6013222543886622e-003 	4.0750792979234306e-002
2.5840000000000003e+002 	3.5110384121202050e-002 	3.4649363508955696e-003 	3.8575320472097628e-002
2.7119999999999999e+002 	3.3232098856613608e-002 	3.3373840366275800e-003 	3.6569482893241183e-002
2.8400000000000000e+002 	3.1499074966713649e-002 	3.2177138322044847e-003 	3.4716788798918131e-002
2.9680000000000001e+002 	2.9897439965791747e-002 	3.1051299745220771e-003 	3.3002569940313801e-002
3.0959999999999997e+002 	2.8414812165685678e-002 	2.9989571466634327e-003 	3.1413769312349113e-002
3.3519999999999999e+002 	2.5794564911092398e-002 	2.8035695267666166e-003 	2.8598134437859014e-002
3.6080000000000001e+002 	2.3446904653752678e-002 	2.6272264254383355e-003 	2.6074131079191012e-002
3.8640000000000003e+002 	2.1443115768438901e-002 	2.4674024486051388e-003 	2.3910518217044034e-002
4.1200000000000000e+002 	1.9691838784616587e-002 	2.3222477964759463e-003 	2.2014086581092541e-002
4.3759999999999997e+002 	1.8153012806261346e-002 	2.1898579238189258e-003 	2.0342870730080276e-002
4.6319999999999999e+002 	1.6793801730456824e-002 	2.0685611201275034e-003 	1.8862362850584333e-002
4.8880000000000001e+002 	1.5587283771228715e-002 	1.9570001777721511e-003 	1.7544283949000868e-002
5.1439999999999998e+002 	1.4511304611553772e-002 	1.8540653288141563e-003 	1.6365369940367917e-002
5.4000000000000000e+002 	1.3547539398757327e-002 	1.7588284258101318e-003 	1.5306367824567459e-002
5.6560000000000002e+002 	1.2680744974623308e-002 	1.6705001503208019e-003 	1.4351245124944113e-002
5.9119999999999993e+002 	1.1898168790940838e-002 	1.5884015116538455e-003 	1.3486570302594680e-002
6.1680000000000007e+002 	1.1189081993685126e-002 	1.5119433896463256e-003 	1.2701025383331451e-002
6.6800000000000000e+002 	9.9713515860089513e-003 	1.3740713211123222e-003 	1.1345422907121275e-002
7.1919999999999993e+002 	8.9086488633244483e-003 	1.2525342723478672e-003 	1.0161183135672311e-002
7.7039999999999998e+002 	8.0318505317003176e-003 	1.1453978395458745e-003 	9.1772483712461907e-003
8.2160000000000002e+002 	7.2848332855576384e-003 	1.0508667299109016e-003 	8.3357000154685411e-003
8.7280000000000007e+002 	6.6425447908974563e-003 	9.6710202636375640e-004 	7.6096468172612121e-003
9.2400000000000000e+002 	6.0856213017164108e-003 	8.9254376825559530e-004 	6.9781650699720053e-003
9.7519999999999993e+002 	5.5990107751087044e-003 	8.2592514236365128e-004 	6.4249359174723556e-003
1.0264000000000001e+003 	5.1708995041057533e-003 	7.6620723213034682e-004 	5.9371067362360983e-003
1.0775999999999999e+003 	4.7919136830783119e-003 	7.1252370109863592e-004 	5.5044373841769481e-003
1.1288000000000000e+003 	4.4545340384427581e-003 	6.6414220770403154e-004 	5.1186762461467913e-003
1.1800000000000000e+003 	4.1526664350998730e-003 	6.2043752132479328e-004 	4.7731039564246668e-003
1.2824000000000001e+003 	3.6420669124708933e-003 	5.4500216614643932e-004 	4.1870690786173339e-003
1.3848000000000000e+003 	3.2042519222335287e-003 	4.8195064715733340e-004 	3.6862025693908617e-003
1.4872000000000000e+003 	2.8496875401358727e-003 	4.2949421249364940e-004 	3.2791817526295207e-003
1.5895999999999999e+003 	2.5522188171153253e-003 	3.8578164508362294e-004 	2.9380004621989480e-003
1.6920000000000000e+003 	2.2999698043404738e-003 	3.4908514595512479e-004 	2.6490549502955971e-003
1.7944000000000001e+003 	2.0840212706844351e-003 	3.1802943951677497e-004 	2.4020507102012101e-003
1.8968000000000000e+003 	1.8976054314446462e-003 	2.9155257160420314e-004 	2.1891580030488499e-003
1.9992000000000000e+003 	1.7355120917941190e-003 	2.6882515955851569e-004 	2.0043372513526342e-003
2.1015999999999999e+003 	1.5936679977776752e-003 	2.4918906688898532e-004 	1.8428570646666610e-003
2.2040000000000000e+003 	1.4688417362915876e-003 	2.3211615466064826e-004 	1.7009578909522364e-003
2.3064000000000001e+003 	1.3584355259741668e-003 	2.1717958482064305e-004 	1.5756151107948102e-003
2.5112000000000003e+003 	1.1745959449069683e-003 	1.9242006188945030e-004 	1.3670160067964187e-003
2.7160000000000000e+003 	1.0204332485426626e-003 	1.7233072812983163e-004 	1.1927639766724941e-003
2.9207999999999997e+003 	8.9859139318145583e-004 	1.5616522010198253e-004 	1.0547566132834386e-003
3.1255999999999999e+003 	7.9872275036203875e-004 	1.4297978846840184e-004 	9.4170253883044065e-004
3.3304000000000001e+003 	7.1590659899112795e-004 	1.3197849579031165e-004 	8.4788509478143990e-004
3.5352000000000003e+003 	6.4647800019178726e-004 	1.2261301663165776e-004 	7.6909101682344505e-004
3.7400000000000000e+003 	5.8768596091461666e-004 	1.1451060709585991e-004 	7.0219656801047674e-004
3.9447999999999997e+003 	5.3744122293919330e-004 	1.0740815100904826e-004 	6.4484937394824148e-004
4.1496000000000004e+003 	4.9413702980329315e-004 	1.0111325822756984e-004 	5.9525028803086269e-004
4.3543999999999996e+003 	4.5652273577675707e-004 	9.5481730150913556e-005 	5.5200446592767040e-004
4.5591999999999998e+003 	4.2361410190966777e-004 	9.0403413962752472e-005 	5.1401751587241994e-004
4.7640000000000000e+003 	3.9462881569794675e-004 	8.5792725161979463e-005 	4.8042154085992637e-004
4.9688000000000002e+003 	3.6893945735716563e-004 	8.1582092283636386e-005 	4.5052154964080206e-004
5.3783999999999996e+003 	3.2597710881175667e-004 	7.4223255628372783e-005 	4.0020036444012936e-004
5.7880000000000000e+003 	2.8947731952916697e-004 	6.7730485277368139e-005 	3.5720780480653496e-004
6.1976000000000004e+003 	2.6022336994345957e-004 	6.2156232731211018e-005 	3.2237960267467056e-004
6.6071999999999998e+003 	2.3578927601893476e-004 	5.7316291614879866e-005 	2.9310556763381457e-004
7.0168000000000002e+003 	2.1508245349695170e-004 	5.3050734724219583e-005 	2.6813318822117128e-004
7.4264000000000005e+003 	1.9730781815070381e-004 	4.9254883813480083e-005 	2.4656270196418397e-004
7.8360000000000000e+003 	1.8188085205738899e-004 	4.5854215091669551e-005 	2.2773506714905860e-004
8.2456000000000004e+003 	1.6836485030767993e-004 	4.2790633070003872e-005 	2.1115548337768378e-004
8.6552000000000007e+003 	1.5642751599570975e-004 	4.0017111443244742e-005 	1.9644462743895441e-004
9.0647999999999993e+003 	1.4581132907085824e-004 	3.7495040225746676e-005 	1.8330636929660490e-004
9.4743999999999996e+003 	1.3631326483894097e-004 	3.5192433737672031e-005 	1.7150569857661297e-004
1.0293600000000000e+004 	1.2031379264157012e-004 	3.1175234487950479e-005 	1.5148902712952059e-004
1.1112799999999999e+004 	1.0640579000843432e-004 	2.7654792259491308e-005 	1.3406058226792555e-004
1.1932000000000000e+004 	9.5174673822840536e-005 	2.4676812948588830e-005 	1.1985148677142932e-004
1.2751200000000001e+004 	8.5716695981324415e-005 	2.2115790538264456e-005 	1.0783248651958884e-004
1.3570400000000000e+004 	7.7663749362251062e-005 	1.9884861853899247e-005 	9.7548611216150319e-005
1.4389600000000000e+004 	7.0740077901136961e-005 	1.7928242634434617e-005 	8.8668320535571540e-005
1.5208799999999999e+004 	6.4736465426725628e-005 	1.6203772834686838e-005 	8.0940238261412479e-005
1.6027999999999998e+004 	5.9491647308692443e-005 	1.4677499039225961e-005 	7.4169146347918390e-005
1.6847200000000001e+004 	5.4879349512354315e-005 	1.3321706018880032e-005 	6.8201055531234348e-005
1.7666399999999998e+004 	5.0799270835613023e-005 	1.2113575703454932e-005 	6.2912846539067954e-005
1.8485600000000002e+004 	4.7170731080243270e-005 	1.1034123833512422e-005 	5.8204854913755701e-005
2.0124000000000000e+004 	4.1127779517571621e-005 	9.2074187695324245e-006 	5.0335198287104060e-005
2.1762399999999998e+004 	3.5912919054211720e-005 	7.6857447438381681e-006 	4.3598663798049884e-005
2.3400799999999999e+004 	3.1772972738470292e-005 	6.4712926165987867e-006 	3.8244265355069083e-005
2.5039200000000001e+004 	2.8333098853264172e-005 	5.4834046002798957e-006 	3.3816503453544055e-005
2.6677600000000002e+004 	2.5441489336234367e-005 	4.6729741878504995e-006 	3.0114463524084865e-005
2.8316000000000000e+004 	2.2985076773184802e-005 	4.0054727996920938e-006 	2.6990549572876906e-005
-1000 0
-1.0000000000000000e+003 0.0000000000000000e+000 0.0000000000000000e+000
1
1 1 1 1
1
         t, ms                         dVp, mV                         dVs, mV                         dV, mV
5.0000000000000000e-001 	2.9778777829691773e-002 	5.2488715945079017e-003 	3.5027649424199683e-002
5.9999999999999998e-001 	2.9822024013029809e-002 	5.2488706132575872e-003 	3.5070894626287395e-002
6.9999999999999996e-001 	2.9850451038495478e-002 	5.2488698436874903e-003 	3.5099320882182955e-002
8.0000000000000004e-001 	2.9872836331744545e-002 	5.2488693878213330e-003 	3.5121705719565882e-002
9.0000000000000002e-001 	2.9891773685135889e-002 	5.2488692732264707e-003 	3.5140642958362368e-002
1.0000000000000000e+000 	2.9908259183700998e-002 	5.2488694713702646e-003 	3.5157128655071264e-002
1.1000000000000001e+000 	2.9922822084768302e-002 	5.2488699175731119e-003 	3.5171692002341416e-002
1.2000000000000000e+000 	2.9935815254022544e-002 	5.2488705288064805e-003 	3.5184685782829031e-002
1.3000000000000000e+000 	2.9947500604871880e-002 	5.2488712178431372e-003 	3.5196371822715018e-002
1.3999999999999999e+000 	2.9958081673300201e-002 	5.2488719034138624e-003 	3.5206953576714058e-002
1.6000000000000001e+000 	3.0309774361554895e-002 	5.2488729546218710e-003 	3.5558647316176743e-002
1.8000000000000000e+000 	2.9992433282943473e-002 	5.2488734191363396e-003 	3.5241306702079818e-002
2.0000000000000000e+000 	3.0005932052172293e-002 	5.2488731800523205e-003 	3.5254805232224601e-002
2.2000000000000002e+000 	3.0017669441414055e-002 	5.2488722649741580e-003 	3.5266541706388224e-002
2.3999999999999999e+000 	3.0027999937134182e-002 	5.2488708083339719e-003 	3.5276870745468161e-002
2.6000000000000001e+000 	3.0037187131392810e-002 	5.2488690076861058e-003 	3.5286056139078918e-002
2.7999999999999998e+000 	3.0045430003925327e-002 	5.2488670860513353e-003 	3.5294297089976660e-002
3.0000000000000000e+000 	3.0052881603928168e-002 	5.2488652636053313e-003 	3.5301746867533491e-002
3.2000000000000002e+000 	3.0059661863167574e-002 	5.2488637383938073e-003 	3.5308525601561384e-002
3.3999999999999999e+000 	3.0065866354861828e-002 	5.2488626748861764e-003 	3.5314729029748006e-002
3.6000000000000001e+000 	3.0071572362513333e-002 	5.2488621991593478e-003 	3.5320434561672671e-002
4.0000000000000000e+000 	3.0203702218801066e-002 	5.2488633800158195e-003 	3.5452565598816897e-002
4.4000000000000004e+000 	3.0090641191524697e-002 	5.2488675631007448e-003 	3.5339508754625444e-002
4.7999999999999998e+000 	3.0098396018476744e-002 	5.2488748231139136e-003 	3.5347270841590644e-002
5.2000000000000002e+000 	3.0105281246537236e-002 	5.2488852339486860e-003 	3.5354166480485935e-002
5.5999999999999996e+000 	3.0111482264849224e-002 	5.2488988389077437e-003 	3.5360381103756965e-002
6.0000000000000000e+000 	3.0117154741529196e-002 	5.2489156208768411e-003 	3.5366070362406028e-002
6.4000000000000004e+000 	3.0122430372059063e-002 	5.2489354553895435e-003 	3.5371365827448611e-002
6.7999999999999998e+000 	3.0127419098018936e-002 	5.2489580424306881e-003 	3.5376377140449625e-002
7.2000000000000002e+000 	3.0132209531318496e-002 	5.2489828394337804e-003 	3.5381192370752275e-002
7.5999999999999996e+000 	3.0136869098712948e-002 	5.2490090178997700e-003 	3.5385878116612715e-002
8.0000000000000000e+000 	3.0141444793756935e-002 	5.2490354538410680e-003 	3.5390480247598007e-002
8.8000000000000007e+000 	3.0217026328945726e-002 	5.2490809707701975e-003 	3.5466107299715915e-002
9.5999999999999996e+000 	3.0159201039702974e-002 	5.2491071586937858e-003 	3.5408308198396771e-002
1.0400000000000000e+001 	3.0167619312110573e-002 	5.2491001252937741e-003 	3.5416719437404355e-002
1.1199999999999999e+001 	3.0175517733753529e-002 	5.2490460907497960e-003 	3.5424563824503319e-002
1.2000000000000000e+001 	3.0182687982826802e-002 	5.2489327022891422e-003 	3.5431620685115947e-002
1.2800000000000001e+001 	3.0188925811835958e-002 	5.2487498659018637e-003 	3.5437675677737805e-002
1.3600000000000000e+001 	3.0194052699093463e-002 	5.2484901620146913e-003 	3.5442542861108151e-002
1.4400000000000000e+001 	3.0197926391334201e-002 	5.2481489063515904e-003 	3.5446075297685779e-002
1.5199999999999999e+001 	3.0200443506732750e-002 	5.2477239317805721e-003 	3.5448167438513305e-002
1.6000000000000000e+001 	3.0201537309399888e-002 	5.2472151765012185e-003 	3.5448752485901118e-002
1.6800000000000001e+001 	3.0201173056675901e-002 	5.2466241597976674e-003 	3.5447797216473571e-002
1.7600000000000001e+001 	3.0199342509409574e-002 	5.2459534131527093e-003 	3.5445295922562278e-002
1.8399999999999999e+001 	3.0196058535614818e-002 	5.2452059184338023e-003 	3.5441264454048632e-002
2.0000000000000000e+001 	3.0222014075310472e-002 	5.2434933438672152e-003 	3.5465507419177693e-002
2.1600000000000001e+001 	3.0169308809626993e-002 	5.2414942704124799e-003 	3.5410803080039494e-002
2.3199999999999999e+001 	3.0148447587031762e-002 	5.2392013405942088e-003 	3.5387648927625956e-002
2.4800000000000001e+001 	3.0123215919042171e-002 	5.2365870195724687e-003 	3.5359802938614640e-002
2.6399999999999999e+001 	3.0094099246982569e-002 	5.2336023496087868e-003 	3.5327701596591356e-002
2.8000000000000000e+001 	3.0061567695723903e-002 	5.2301785501569680e-003 	3.5291746245880877e-002
2.9600000000000001e+001 	3.0026060454900562e-002 	5.2262307804807479e-003 	3.5252291235381317e-002
3.1199999999999999e+001 	2.9987976687655821e-002 	5.2216629624321680e-003 	3.5209639650087991e-002
3.2800000000000004e+001 	2.9947671036101436e-002 	5.2163729876227409e-003 	3.5164044023724181e-002
3.4399999999999999e+001 	2.9905452271084737e-002 	5.2102578365415030e-003 	3.5115710107626250e-002
3.6000000000000000e+001 	2.9861584058567373e-002 	5.2032182274268455e-003 	3.5064802285994214e-002
3.7600000000000001e+001 	2.9816287129566545e-002 	5.1951625331405037e-003 	3.5011449662707035e-002
4.0800000000000004e+001 	2.9737261903636680e-002 	5.1756226968508777e-003 	3.4912884600487540e-002
4.4000000000000000e+001 	2.9624133857242056e-002 	5.1512717340082706e-003 	3.4775405591250336e-002
4.7199999999999996e+001 	2.9522502478377351e-002 	5.1218930340105563e-003 	3.4644395512387904e-002
5.0399999999999999e+001 	2.9417635088029172e-002 	5.0874570878352912e-003 	3.4505092175864456e-002
5.3600000000000001e+001 	2.9309601936798917e-002 	5.0481136601151257e-003 	3.4357715596914071e-002
5.6800000000000004e+001 	2.9198328807010870e-002 	5.0041630604355635e-003 	3.4202491867446436e-002
6.0000000000000000e+001 	2.9083659470264374e-002 	4.9560191003002853e-003 	3.4039678570564669e-002
6.3200000000000003e+001 	2.8965405399701154e-002 	4.9041711987148646e-003 	3.3869576598416017e-002
6.6400000000000006e+001 	2.8843381911860144e-002 	4.8491499265283875e-003 	3.3692531838388537e-002
6.9599999999999994e+001 	2.8717432210349857e-002 	4.7914980844155656e-003 	3.3508930294765434e-002
7.2799999999999997e+001 	2.8587441592650933e-002 	4.7317480136373040e-003 	3.3319189606288241e-002
7.9200000000000003e+001 	2.8321733218812321e-002 	4.6084899871596183e-003 	3.2930223205971935e-002
8.5599999999999994e+001 	2.8026781192921655e-002 	4.4823200257576284e-003 	3.2509101218679282e-002
9.2000000000000000e+001 	2.7723011709828743e-002 	4.3558451550367800e-003 	3.2078856864865522e-002
9.8400000000000006e+001 	2.7405020525746431e-002 	4.2311130661300631e-003 	3.1636133591876482e-002
1.0480000000000001e+002 	2.7074282422931958e-002 	4.1095998119621540e-003 	3.1183882234894104e-002
1.1119999999999999e+002 	2.6732453923225555e-002 	3.9922806205718014e-003 	3.0724734543797348e-002
1.1759999999999999e+002 	2.6381261389161925e-002 	3.8797276912087026e-003 	3.0260989080370632e-002
1.2400000000000000e+002 	2.6022415839952229e-002 	3.7722084725919213e-003 	2.9794624312544156e-002
1.3039999999999998e+002 	2.5657554144732548e-002 	3.6697721350909198e-003 	2.9327326279823471e-002
1.3680000000000001e+002 	2.5288202494704919e-002 	3.5723197451091454e-003 	2.8860522239814067e-002
1.4319999999999999e+002 	2.4915756970371752e-002 	3.4796580225062521e-003 	2.8395414992878017e-002
1.5600000000000000e+002 	2.4176260918036787e-002 	3.3073212896456428e-003 	2.7483582207682423e-002
1.6880000000000001e+002 	2.3420709003782722e-002 	3.1508240800221378e-003 	2.6571533083804857e-002
1.8160000000000002e+002 	2.2680645928142788e-002 	3.0081432516850209e-003 	2.5688789179827799e-002
1.9439999999999998e+002 	2.1952540075369946e-002 	2.8773953398063060e-003 	2.4829935415176252e-002
2.0719999999999999e+002 	2.1240122271335406e-002 	2.7569288887031402e-003 	2.3997051160038543e-002
2.2000000000000000e+002 	2.0546102383849969e-002 	2.6453434459133601e-003 	2.3191445829763319e-002
2.3280000000000001e+002 	1.9872362959575455e-002 	2.5414734599448273e-003 	2.2413836419520283e-002
2.4560000000000002e+002 	1.9220133208029209e-002 	2.4443579659088432e-003 	2.1664491173938056e-002
2.5840000000000003e+002 	1.8590133691764977e-002 	2.3532066162909957e-003 	2.0943340308055974e-002
2.7119999999999999e+002 	1.7982692543262218e-002 	2.2673675233736658e-003 	2.0250060066635878e-002
2.8400000000000000e+002 	1.7397837345586118e-002 	2.1862994613393574e-003 	1.9584136806925469e-002
2.9680000000000001e+002 	1.6835367320349050e-002 	2.1095491156727414e-003 	1.8944916436021787e-002
3.0959999999999997e+002 	1.6294909967921708e-002 	2.0367330403722669e-003 	1.8331643008293978e-002
3.3519999999999999e+002 	1.5289048219676433e-002 	1.9013078236988592e-003 	1.7190356043375300e-002
3.6080000000000001e+002 	1.4339818448370213e-002 	1.7782501157402643e-003 	1.6118068564110473e-002
3.8640000000000003e+002 	1.3477743376114940e-002 	1.6659725169466027e-003 	1.5143715893061542e-002
4.1200000000000000e+002 	1.2685174941549863e-002 	1.5631528080257680e-003 	1.4248327749575634e-002
4.3759999999999997e+002 	1.1956411021462802e-002 	1.4687035122764717e-003 	1.3425114533739265e-002
4.6319999999999999e+002 	1.1285935782368809e-002 	1.3817165814447323e-003 	1.2667652363813542e-002
4.8880000000000001e+002 	1.0668539918719995e-002 	1.3014205582625282e-003 	1.1969960476982526e-002
5.1439999999999998e+002 	1.0099383972097628e-002 	1.2271521147049400e-003 	1.1326536086802565e-002
5.4000000000000000e+002 	9.5740232144754193e-003 	1.1583358337339572e-003 	1.0732359048209376e-002
5.6560000000000002e+002 	9.0884077867333761e-003 	1.0944686224068233e-003 	1.0182876409140198e-002
5.9119999999999993e+002 	8.6388677757564345e-003 	1.0351074193320692e-003 	9.6739751950885040e-003
6.1680000000000007e+002 	8.2220898219661324e-003 	9.7985954827013656e-004 	9.2019493702362679e-003
6.6800000000000000e+002 	7.4842020319798195e-003 	8.7999347194016710e-004 	8.3641955039199887e-003
7.1919999999999993e+002 	6.8208753111806356e-003 	7.9283370527115154e-004 	7.6137090164517893e-003
7.7039999999999998e+002 	6.2531424054235200e-003 	7.1650586186885448e-004 	6.9696482672923750e-003
8.2160000000000002e+002 	5.7554184499249532e-003 	6.4944564110150957e-004 	6.4048640910264612e-003
8.7280000000000007e+002 	5.3166590631744262e-003 	5.9034947882359676e-004 	5.9070085419980203e-003
9.2400000000000000e+002 	4.9278028125332250e-003 	5.3811495582148264e-004 	5.4659177683547052e-003
9.7519999999999993e+002 	4.5814206008609575e-003 	4.9180909441766103e-004 	5.0732296952786179e-003
1.0264000000000001e+003 	4.2714031019193983e-003 	4.5064498407978114e-004 	4.7220480859991804e-003
1.0775999999999999e+003 	3.9927021308990823e-003 	4.1395848695660890e-004 	4.4066606178556926e-003
1.1288000000000000e+003 	3.7411229990983643e-003 	3.8118657592904783e-004 	4.1223095750274139e-003
1.1800000000000000e+003 	3.5131597630971723e-003 	3.5184915613436748e-004 	3.8650089192315404e-003
1.2824000000000001e+003 	3.1213848944669433e-003 	3.0153587181376600e-004 	3.4229207662807098e-003
1.3848000000000000e+003 	2.7795876078738329e-003 	2.6070841350484903e-004 	3.0402960213786814e-003
1.4872000000000000e+003 	2.4972921589069517e-003 	2.2743265625961199e-004 	2.7247248151665640e-003
1.5895999999999999e+003 	2.2567044024233767e-003 	2.0020816422330618e-004 	2.4569125666466830e-003
1.6920000000000000e+003 	2.0498742533722049e-003 	1.7783220220323587e-004 	2.2277064555754401e-003
1.7944000000000001e+003 	1.8706679495889332e-003 	1.5933659775346993e-004 	2.0300045473424025e-003
1.8968000000000000e+003 	1.7143160069985810e-003 	1.4395411423420265e-004 	1.8582701212327833e-003
1.9992000000000000e+003 	1.5770660013006605e-003 	1.3108148365263369e-004 	1.7081474849532940e-003
2.1015999999999999e+003 	1.4559277607694861e-003 	1.2024308473528982e-004 	1.5761708455047762e-003
2.2040000000000000e+003 	1.3484888593663564e-003 	1.1106135481554480e-004 	1.4595502141819007e-003
2.3064000000000001e+003 	1.2527807303554124e-003 	1.0323457547139210e-004 	1.3560153058268048e-003
2.5112000000000003e+003 	1.0920234345367197e-003 	9.0567947376793431e-005 	1.1825913819135136e-003
2.7160000000000000e+003 	9.5579131588553127e-004 	8.0954301883418665e-005 	1.0367456177689505e-003
2.9207999999999997e+003 	8.4690817924898279e-004 	7.3525480488367611e-005 	9.2043365973735016e-004
3.1255999999999999e+003 	7.5682724561212749e-004 	6.7677115335202864e-005 	8.2450436094733050e-004
3.3304000000000001e+003 	6.8151481445810212e-004 	6.2953227375997240e-005 	7.4446804183409953e-004
3.5352000000000003e+003 	6.1792181644973942e-004 	5.9028346003779377e-005 	6.7695016245351868e-004
3.7400000000000000e+003 	5.6372826375635822e-004 	5.5682478055538677e-005 	6.1941074181189667e-004
3.9447999999999997e+003 	5.1715075937015754e-004 	5.2768158046972435e-005 	5.6991891741713010e-004
4.1496000000000004e+003 	4.7680308748012637e-004 	5.0184599428638344e-005 	5.2698768690876460e-004
4.3543999999999996e+003 	4.4159614652996800e-004 	4.7861185363669815e-005 	4.8945733189363790e-004
4.5591999999999998e+003 	4.1066576019278453e-004 	4.5747342721879055e-005 	4.5641310291466368e-004
4.7640000000000000e+003 	3.8332001972495619e-004 	4.3806143032788393e-005 	4.2712616275774451e-004
4.9688000000000002e+003 	3.5900037182953520e-004 	4.2010107124598952e-005 	4.0101047895413431e-004
5.3783999999999996e+003 	3.1815103608113398e-004 	3.8784490073236908e-005 	3.5693552615437084e-004
5.7880000000000000e+003 	2.8329225006782342e-004 	3.5902906304135428e-005 	3.1919515637195893e-004
6.1976000000000004e+003 	2.5520301721065870e-004 	3.3337621679408537e-005 	2.8854063889006726e-004
6.6071999999999998e+003 	2.3164608298945861e-004 	3.1047336598146195e-005 	2.6269341958760477e-004
7.0168000000000002e+003 	2.1161428655814846e-004 	2.8981708433941612e-005 	2.4059599499209005e-004
7.4264000000000005e+003 	1.9436973041609063e-004 	2.7103623494682351e-005 	2.2147335391077306e-004
7.8360000000000000e+003 	1.7936652966172025e-004 	2.5387503033799171e-005 	2.0475403269551939e-004
8.2456000000000004e+003 	1.6619455371512956e-004 	2.3813743047217983e-005 	1.9000829676234763e-004
8.6552000000000007e+003 	1.5454019674262354e-004 	2.2366029109621522e-005 	1.7690622585224500e-004
9.0647999999999993e+003 	1.4415939352093916e-004 	2.1030400607924983e-005 	1.6518979412886417e-004
9.4743999999999996e+003 	1.3485902139783314e-004 	1.9794836071456642e-005 	1.5465385746928984e-004
1.0293600000000000e+004 	1.1916310062998932e-004 	1.7587627658707333e-005 	1.3675072828869670e-004
1.1112799999999999e+004 	1.0550067929956642e-004 	1.5644624824747444e-005 	1.2114530412431386e-004
1.1932000000000000e+004 	9.4443240622250413e-005 	1.3956925649212357e-005 	1.0840016627146279e-004
1.2751200000000001e+004 	8.5117331666054584e-005 	1.2481659736167721e-005 	9.7598991402222330e-005
1.3570400000000000e+004 	7.7166655536650420e-005 	1.1179789339169694e-005 	8.8346444875820086e-005
1.4389600000000000e+004 	7.0323490314938984e-005 	1.0024967106891387e-005 	8.0348457421830364e-005
1.5208799999999999e+004 	6.4384164345247005e-005 	8.9975056932902774e-006 	7.3381670038537289e-005
1.6027999999999998e+004 	5.9191318830693641e-005 	8.0812167287598313e-006 	6.7272535559453477e-005
1.6847200000000001e+004 	5.4621491842700144e-005 	7.2624562941202477e-006 	6.1883948136820416e-005
1.7666399999999998e+004 	5.0576448541652461e-005 	6.5296529751856786e-006 	5.7106101516838140e-005
1.8485600000000002e+004 	4.6977054640970270e-005 	5.8729192733476859e-006 	5.2849973914317955e-005
2.0124000000000000e+004 	4.0978017035875531e-005 	4.7512413384940948e-006 	4.5729258374369638e-005
2.1762399999999998e+004 	3.5798385260860328e-005 	3.8329842774135020e-006 	3.9631369538273829e-005
2.3400799999999999e+004 	3.1682578259016916e-005 	3.0972011927439175e-006 	3.4779779451760826e-005
2.5039200000000001e+004 	2.8260630266537274e-005 	2.5036286572411530e-006 	3.0764258923778420e-005
2.6677600000000002e+004 	2.5382589199971661e-005 	2.0226579100985283e-006 	2.7405247110070178e-005
2.8316000000000000e+004 	2.2936632357119439e-005 	1.6327749513166626e-006 	2.4569407308436099e-005
