-800 0
-8.0000000000000000e+002 0.0000000000000000e+000 0.0000000000000000e+000
1
1 1 1 1
1
         t, ms                         dVp, mV                         dVs, mV                         dV, mV
5.0000000000000000e-001 	1.3769920912653369e-001 	8.1629195196872440e-003 	1.4586212864622086e-001
5.9999999999999998e-001 	1.3787825850265104e-001 	8.1629163883784051e-003 	1.4604117489102944e-001
6.9999999999999996e-001 	1.3799595432713049e-001 	8.1629223690317040e-003 	1.4615887669616215e-001
8.0000000000000004e-001 	1.3808863565248580e-001 	8.1629340741648862e-003 	1.4625156972665074e-001
9.0000000000000002e-001 	1.3816704122713602e-001 	8.1629479179507348e-003 	1.4632998914508680e-001
1.0000000000000000e+000 	1.3823529517360245e-001 	8.1629611011419037e-003 	1.4639825627474432e-001
1.1000000000000001e+000 	1.3829558884805809e-001 	8.1629718363968509e-003 	1.4645856068445506e-001
1.2000000000000000e+000 	1.3834938327918522e-001 	8.1629792663361570e-003 	1.4651236254552147e-001
1.3000000000000000e+000 	1.3839776290739722e-001 	8.1629832672927595e-003 	1.4656074617468998e-001
1.3999999999999999e+000 	1.3844157045677025e-001 	8.1629842241245365e-003 	1.4660455468089481e-001
1.6000000000000001e+000 	1.3989755019818642e-001 	8.1629808696851974e-003 	1.4806053106787154e-001
1.8000000000000000e+000 	1.3858379153178507e-001 	8.1629744286744865e-003 	1.4674676596045957e-001
2.0000000000000000e+000 	1.3863967815284348e-001 	8.1629696166275675e-003 	1.4680264776947102e-001
2.2000000000000002e+000 	1.3868827223114014e-001 	8.1629695175423310e-003 	1.4685124174868242e-001
2.3999999999999999e+000 	1.3873104144821743e-001 	8.1629754284226318e-003 	1.4689401687664003e-001
2.6000000000000001e+000 	1.3876907715091474e-001 	8.1629870645101767e-003 	1.4693206421542485e-001
2.7999999999999998e+000 	1.3880320316912942e-001 	8.1630029832154317e-003 	1.4696620615234493e-001
3.0000000000000000e+000 	1.3883405316390099e-001 	8.1630210388586345e-003 	1.4699707420275959e-001
3.2000000000000002e+000 	1.3886212368297807e-001 	8.1630387717322589e-003 	1.4702516245471037e-001
3.3999999999999999e+000 	1.3888781042267237e-001 	8.1630536937908667e-003 	1.4705086411646315e-001
3.6000000000000001e+000 	1.3891143335596196e-001 	8.1630634786085086e-003 	1.4707449683457050e-001
4.0000000000000000e+000 	1.3945843954760323e-001 	8.1630578023949886e-003 	1.4762149734999819e-001
4.4000000000000004e+000 	1.3899037803179098e-001 	8.1630139146046162e-003 	1.4715339194639548e-001
4.7999999999999998e+000 	1.3902248247566076e-001 	8.1629226034503240e-003 	1.4718540507911113e-001
5.2000000000000002e+000 	1.3905098587267201e-001 	8.1627848029377035e-003 	1.4721377067560965e-001
5.5999999999999996e+000 	1.3907665421686283e-001 	8.1626024083665295e-003 	1.4723925662522944e-001
6.0000000000000000e+000 	1.3910012894303478e-001 	8.1623795767917281e-003 	1.4726250851982653e-001
6.4000000000000004e+000 	1.3912195005230252e-001 	8.1621221768256921e-003 	1.4728407222912812e-001
6.7999999999999998e+000 	1.3914256461392577e-001 	8.1618366309268858e-003 	1.4730440124485264e-001
7.2000000000000002e+000 	1.3916232791837554e-001 	8.1615288229651348e-003 	1.4732385674134069e-001
7.5999999999999996e+000 	1.3918150362324472e-001 	8.1612032395830241e-003 	1.4734270686282774e-001
8.0000000000000000e+000 	1.3920026660612905e-001 	8.1608623145791540e-003 	1.4736112892070824e-001
8.8000000000000007e+000 	1.3951242522536156e-001 	8.1601214417703054e-003 	1.4767254666713187e-001
9.5999999999999996e+000 	1.3927175123626909e-001 	8.1592546851565837e-003 	1.4743100592142566e-001
1.0400000000000000e+001 	1.3930436861619019e-001 	8.1581595850202509e-003 	1.4746252820121045e-001
1.1199999999999999e+001 	1.3933361134116759e-001 	8.1566747262051438e-003 	1.4749028606737269e-001
1.2000000000000000e+001 	1.3935827953749275e-001 	8.1545836080970987e-003 	1.4751286314558995e-001
1.2800000000000001e+001 	1.3937717955791690e-001 	8.1516191450313608e-003 	1.4752879870294838e-001
1.3600000000000000e+001 	1.3938922167356560e-001 	8.1474750820632550e-003 	1.4753669675562883e-001
1.4400000000000000e+001 	1.3939346860463792e-001 	8.1418205902631120e-003 	1.4753528919490094e-001
1.5199999999999999e+001 	1.3938914866909638e-001 	8.1343160445495766e-003 	1.4752346471364597e-001
1.6000000000000000e+001 	1.3937564733372429e-001 	8.1246284200031365e-003 	1.4750027575372740e-001
1.6800000000000001e+001 	1.3935248797732161e-001 	8.1124450525668097e-003 	1.4746493302988839e-001
1.7600000000000001e+001 	1.3931930914762269e-001 	8.0974849205502873e-003 	1.4741679406817310e-001
1.8399999999999999e+001 	1.3927584259768819e-001 	8.0795070332559237e-003 	1.4735534963094410e-001
2.0000000000000000e+001 	1.3930770253775657e-001 	8.0336353050334455e-003 	1.4734133784279005e-001
2.1600000000000001e+001 	1.3899591727027635e-001 	7.9741538965939912e-003 	1.4697007116687025e-001
2.3199999999999999e+001 	1.3879172014177987e-001 	7.9008811176237877e-003 	1.4669260125940362e-001
2.4800000000000001e+001 	1.3854474858380136e-001 	7.8141718804151244e-003 	1.4635892046421653e-001
2.6399999999999999e+001 	1.3825549109375102e-001 	7.7148480119012784e-003 	1.4597033910565227e-001
2.8000000000000000e+001 	1.3792474410358560e-001 	7.6040821286389179e-003 	1.4552882623222452e-001
2.9600000000000001e+001 	1.3755357419332553e-001 	7.4832800992409524e-003 	1.4503685429256641e-001
3.1199999999999999e+001 	1.3714328437144344e-001 	7.3539727859662559e-003 	1.4449725715740955e-001
3.2800000000000004e+001 	1.3669538091795444e-001 	7.2177264944489738e-003 	1.4391310741240337e-001
3.4399999999999999e+001 	1.3621153919857593e-001 	7.0760745208409900e-003 	1.4328761371941692e-001
3.6000000000000000e+001 	1.3569356856396048e-001 	6.9304682728178295e-003 	1.4262403683677830e-001
3.7600000000000001e+001 	1.3514337736830953e-001 	6.7822451163770045e-003 	1.4192562248468646e-001
4.0800000000000004e+001 	1.3401661336661297e-001 	6.4838481867447416e-003 	1.4050046155335774e-001
4.4000000000000000e+001 	1.3266629565612703e-001 	6.1873805049966419e-003 	1.3885367616112368e-001
4.7199999999999996e+001 	1.3128644287744018e-001 	5.8982740250007508e-003 	1.3718471690244097e-001
5.0399999999999999e+001 	1.2983192452155357e-001 	5.6205106297318140e-003 	1.3545243515128536e-001
5.3600000000000001e+001 	1.2831636417848574e-001 	5.3567056481665203e-003 	1.3367306982665228e-001
5.6800000000000004e+001 	1.2675217096222766e-001 	5.1083458148421862e-003 	1.3186051677706984e-001
6.0000000000000000e+001 	1.2515043174206417e-001 	4.8760533748183630e-003 	1.3002648511688258e-001
6.3200000000000003e+001 	1.2352090723049643e-001 	4.6598252317327704e-003 	1.2818073246222925e-001
6.6400000000000006e+001 	1.2187209240624396e-001 	4.4592303101614250e-003 	1.2633132271640538e-001
6.9599999999999994e+001 	1.2021131377944960e-001 	4.2735630816211180e-003 	1.2448487686107072e-001
7.2799999999999997e+001 	1.1854484424355075e-001 	4.1019577320124644e-003 	1.2264680197556323e-001
7.9200000000000003e+001 	1.1525185570749330e-001 	3.7958959119396740e-003 	1.1904775161943293e-001
8.5599999999999994e+001 	1.1192633069260442e-001 	3.5344528329473851e-003 	1.1546078352555182e-001
9.2000000000000000e+001 	1.0868481584650369e-001 	3.3109990562217740e-003 	1.1199581490272548e-001
9.8400000000000006e+001 	1.0551263737150361e-001 	3.1194890784089317e-003 	1.0863212644991255e-001
1.0480000000000001e+002 	1.0242140184310741e-001 	2.9546771926083145e-003 	1.0537607903571580e-001
1.1119999999999999e+002 	9.9418700739928520e-002 	2.8121317171248502e-003 	1.0223083245705340e-001
1.1759999999999999e+002 	9.6509090234607076e-002 	2.6881618730528987e-003 	9.9197252107659992e-002
1.2400000000000000e+002 	9.3694880993625870e-002 	2.5797166922396685e-003 	9.6274597685865521e-002
1.3039999999999998e+002 	9.0976741668961109e-002 	2.4842823375711039e-003 	9.3461024006532251e-002
1.3680000000000001e+002 	8.8354149947198937e-002 	2.3997884565133088e-003 	9.0753938403712264e-002
1.4319999999999999e+002 	8.5825727205990784e-002 	2.3245274247090620e-003 	8.8150254630699781e-002
1.5600000000000000e+002 	8.1092225655220090e-002 	2.1949738392447768e-003 	8.3287199494464906e-002
1.6880000000000001e+002 	7.6599555425316240e-002 	2.0885614041647143e-003 	7.8688116829480959e-002
1.8160000000000002e+002 	7.2483849905265130e-002 	1.9994821304336404e-003 	7.4483332035698790e-002
1.9439999999999998e+002 	6.8669154033013241e-002 	1.9233535291285954e-003 	7.0592507562141860e-002
2.0719999999999999e+002 	6.5132219354352178e-002 	1.8569728657319865e-003 	6.6989192220084148e-002
2.2000000000000000e+002 	6.1850617973351806e-002 	1.7980148364565515e-003 	6.3648632809808356e-002
2.3280000000000001e+002 	5.8803199214490502e-002 	1.7447865506849225e-003 	6.0547985765175415e-002
2.4560000000000002e+002 	5.5970309549494758e-002 	1.6960483970974280e-003 	5.7666357946592195e-002
2.5840000000000003e+002 	5.3333861850904753e-002 	1.6508857913850158e-003 	5.4984747642289777e-002
2.7119999999999999e+002 	5.0877313896035642e-002 	1.6086178837883820e-003 	5.2485931779824024e-002
2.8400000000000000e+002 	4.8585595741154106e-002 	1.5687329036594339e-003 	5.0154328644813548e-002
2.9680000000000001e+002 	4.6445011110516597e-002 	1.5308424381633209e-003 	4.7975853548679906e-002
3.0959999999999997e+002 	4.4443128215190322e-002 	1.4946489644546742e-003 	4.5937777179645006e-002
3.3519999999999999e+002 	4.0853070909402343e-002 	1.4263081092982183e-003 	4.2279379018700561e-002
3.6080000000000001e+002 	3.7587271489549566e-002 	1.3626459406848575e-003 	3.8949917430234425e-002
3.8640000000000003e+002 	3.4746586483206263e-002 	1.3028408708996649e-003 	3.6049427354105948e-002
4.1200000000000000e+002 	3.2223786630278840e-002 	1.2463412778848321e-003 	3.3470127908163678e-002
4.3759999999999997e+002 	2.9973920481111378e-002 	1.1927823840946063e-003 	3.1166702865205981e-002
4.6319999999999999e+002 	2.7959269213974465e-002 	1.1419043968017956e-003 	2.9101173610776260e-002
4.8880000000000001e+002 	2.6148196935753053e-002 	1.0935081235476849e-003 	2.7241705059300732e-002
5.1439999999999998e+002 	2.4514099725045674e-002 	1.0474340623602301e-003 	2.5561533787405905e-002
5.4000000000000000e+002 	2.3034517377017644e-002 	1.0035502541622106e-003 	2.4038067631179855e-002
5.6560000000000002e+002 	2.1690404424682008e-002 	9.6174353605013487e-004 	2.2652147960732144e-002
5.9119999999999993e+002 	2.0465538087081323e-002 	9.2191321545974337e-004 	2.1387451302541063e-002
6.1680000000000007e+002 	1.9346038448570663e-002 	8.8396688083976953e-004 	2.0230005329410425e-002
6.6800000000000000e+002 	1.7400875817396279e-002 	8.1334266142217820e-004 	1.8214218478818447e-002
7.1919999999999993e+002 	1.5683557097532875e-002 	7.4921427832292298e-004 	1.6432771375855797e-002
7.7039999999999998e+002 	1.4245775867942597e-002 	6.9097568315235275e-004 	1.4936751551094947e-002
8.2160000000000002e+002 	1.3006486784245883e-002 	6.3813632793338138e-004 	1.3644623112179267e-002
8.7280000000000007e+002 	1.1929896440181028e-002 	5.9023830055005520e-004 	1.2520134740731081e-002
9.2400000000000000e+002 	1.0987802691727947e-002 	5.4682964052587711e-004 	1.1534632332253823e-002
9.7519999999999993e+002 	1.0157889486133290e-002 	5.0748072724821416e-004 	1.0665370213381500e-002
1.0264000000000001e+003 	9.4223574212590634e-003 	4.7179829505602708e-004 	9.8941557163150923e-003
1.0775999999999999e+003 	8.7668783517863835e-003 	4.3942811398467061e-004 	9.2063064657710528e-003
1.1288000000000000e+003 	8.1798105272399176e-003 	4.1005198014901174e-004 	8.5898625073889297e-003
1.1800000000000000e+003 	7.6516101549755963e-003 	3.8338354549986002e-004 	8.0349937004754578e-003
1.2824000000000001e+003 	6.7518608918598240e-003 	3.3698724684218392e-004 	7.0888481387020039e-003
1.3848000000000000e+003 	5.9743727350052116e-003 	2.9854056532476229e-004 	6.2729133003299759e-003
1.4872000000000000e+003 	5.3391147352927614e-003 	2.6666185506840797e-004 	5.6057765903611712e-003
1.5895999999999999e+003 	4.8023209213488476e-003 	2.4025285751110812e-004 	5.0425737788599564e-003
1.6920000000000000e+003 	4.3442513429288064e-003 	2.1835659178198830e-004 	4.5626079347107938e-003
1.7944000000000001e+003 	3.9499141980462501e-003 	2.0014516762145756e-004 	4.1500593656677073e-003
1.8968000000000000e+003 	3.6078161955337396e-003 	1.8492969229003153e-004 	3.7927458878237725e-003
1.9992000000000000e+003 	3.3090268518432184e-003 	1.7215003267566218e-004 	3.4811768845188812e-003
2.1015999999999999e+003 	3.0465066534690779e-003 	1.6135363698593707e-004 	3.2078602904550145e-003
2.2040000000000000e+003 	2.8146298675617975e-003 	1.5217447360057096e-004 	2.9668043411623696e-003
2.3064000000000001e+003 	2.6088440739642374e-003 	1.4431584346466132e-004 	2.7531599174289000e-003
2.5112000000000003e+003 	2.2647636189793477e-003 	1.3152519752698396e-004 	2.3962888165063325e-003
2.7160000000000000e+003 	1.9747703583886801e-003 	1.2160573521507198e-004 	2.0963760936037515e-003
2.9207999999999997e+003 	1.7443359469405250e-003 	1.1372641449763670e-004 	1.8580623614381613e-003
3.1255999999999999e+003 	1.5546060689538015e-003 	1.0731910838972743e-004 	1.6619251773435282e-003
3.3304000000000001e+003 	1.3966460683100103e-003 	1.0194113307546038e-004 	1.4985872013854706e-003
3.5352000000000003e+003 	1.2637556791038986e-003 	9.7275293850965458e-005 	1.3610309729548647e-003
3.7400000000000000e+003 	1.1508735502665708e-003 	9.3113898822467166e-005 	1.2439874490890381e-003
3.9447999999999997e+003 	1.0541338683890077e-003 	8.9325260983550935e-005 	1.1434591293725590e-003
4.1496000000000004e+003 	9.7054859961549973e-004 	8.5824877619583706e-005 	1.0563734772350830e-003
4.3543999999999996e+003 	8.9778161729106392e-004 	8.2556961014978845e-005 	9.8033857830604268e-004
4.5591999999999998e+003 	8.3398719918556540e-004 	7.9483599558408750e-005 	9.1347079874397428e-004
4.7640000000000000e+003 	7.7769315324563752e-004 	7.6578302021018232e-005 	8.5427145526665541e-004
4.9688000000000002e+003 	7.2771505311272470e-004 	7.3821989665841069e-005 	8.0153704277856623e-004
5.3783999999999996e+003 	6.4395106946160945e-004 	6.8733982158340301e-005 	7.1268505161994997e-004
5.7880000000000000e+003 	5.7262955676054691e-004 	6.4035330258687198e-005 	6.3666488701923422e-004
6.1976000000000004e+003 	5.1531269782639799e-004 	5.9745742773694979e-005 	5.7505844060009312e-004
6.6071999999999998e+003 	4.6734150444275652e-004 	5.5842185487782650e-005 	5.2318368993053922e-004
7.0168000000000002e+003 	4.2661815627019711e-004 	5.2271768066236427e-005 	4.7888992433643365e-004
7.4264000000000005e+003 	3.9161096098093922e-004 	4.8991286782927090e-005 	4.4060224776386623e-004
7.8360000000000000e+003 	3.6119038737260134e-004 	4.5969439028626347e-005 	4.0715982640122760e-004
8.2456000000000004e+003 	3.3451019986145014e-004 	4.3180670026851455e-005 	3.7769086988830161e-004
8.6552000000000007e+003 	3.1092491786460769e-004 	4.0602233524995181e-005 	3.5152715138960281e-004
9.0647999999999993e+003 	2.8993326012976270e-004 	3.8213565090064743e-005 	3.2814682521982734e-004
9.4743999999999996e+003 	2.7113930313606588e-004 	3.5996222033198982e-005 	3.0713552516926489e-004
1.0293600000000000e+004 	2.3945078981250575e-004 	3.2017474152706859e-005 	2.7146826396521256e-004
1.1112799999999999e+004 	2.1188593256378803e-004 	2.8504061383311191e-005 	2.4038999394709919e-004
1.1932000000000000e+004 	1.8960131586292020e-004 	2.5439563050497565e-005 	2.1504087891341771e-004
1.2751200000000001e+004 	1.7082042441621652e-004 	2.2752158535410435e-005 	1.9357258295162698e-004
1.3570400000000000e+004 	1.5481912162008008e-004 	2.0375283567848416e-005 	1.7519440518792845e-004
1.4389600000000000e+004 	1.4105411146491485e-004 	1.8263063187523293e-005 	1.5931717465243815e-004
1.5208799999999999e+004 	1.2911263174671228e-004 	1.6380993872966967e-005 	1.4549362561967931e-004
1.6027999999999998e+004 	1.1867614755764323e-004 	1.4700575067769964e-005 	1.3337672262541319e-004
1.6847200000000001e+004 	1.0949498668116184e-004 	1.3197633077839127e-005 	1.2269261975900097e-004
1.7666399999999998e+004 	1.0137065992643904e-004 	1.1851538685356716e-005 	1.1322219861179581e-004
1.8485600000000002e+004 	9.4143387865104776e-005 	1.0644570198601090e-005 	1.0478795806370587e-004
2.0124000000000000e+004 	8.2102395621864717e-005 	8.5809461320920406e-006 	9.0683341753956771e-005
2.1762399999999998e+004 	7.1708703184934785e-005 	6.8939594329496364e-006 	7.8602662617884421e-005
2.3400799999999999e+004 	6.3453497982479584e-005 	5.5416107681473817e-006 	6.8995108750626965e-005
2.5039200000000001e+004 	5.6592083172110254e-005 	4.4513886936855366e-006 	6.1043471865795818e-005
2.6677600000000002e+004 	5.0822740727683010e-005 	3.5691570236242799e-006 	5.4391897751307276e-005
2.8316000000000000e+004 	4.5920608784449197e-005 	2.8552215736932105e-006 	4.8775830358142400e-005
-1100 0
-1.1000000000000000e+003 0.0000000000000000e+000 0.0000000000000000e+000
1
1 1 1 1
1
         t, ms                         dVp, mV                         dVs, mV                         dV, mV
5.0000000000000000e-001 	1.1037266996812219e-001 	6.5297511877901076e-003 	1.1690242115591232e-001
5.9999999999999998e-001 	1.1051154623532575e-001 	6.5297520402848499e-003 	1.1704129827561063e-001
6.9999999999999996e-001 	1.1060283511041183e-001 	6.5297607266640977e-003 	1.1713259583707589e-001
8.0000000000000004e-001 	1.1067472187519621e-001 	6.5297737816468974e-003 	1.1720449565684309e-001
9.0000000000000002e-001 	1.1073553579454017e-001 	6.5297878290710683e-003 	1.1726532362361126e-001
1.0000000000000000e+000 	1.1078847569296482e-001 	6.5298003944429684e-003 	1.1731827608740773e-001
1.1000000000000001e+000 	1.1083524128383757e-001 	6.5298100281711447e-003 	1.1736505131200868e-001
1.2000000000000000e+000 	1.1087696580889782e-001 	6.5298161711522806e-003 	1.1740678198005013e-001
1.3000000000000000e+000 	1.1091449040961028e-001 	6.5298189360988518e-003 	1.1744430934570915e-001
1.3999999999999999e+000 	1.1094846873927657e-001 	6.5298188770592132e-003 	1.1747828761633577e-001
1.6000000000000001e+000 	1.1207774191597449e-001 	6.5298145399698259e-003 	1.1860755645594433e-001
1.8000000000000000e+000 	1.1105877904265893e-001 	6.5298084956419040e-003 	1.1758858753830087e-001
2.0000000000000000e+000 	1.1110212601824289e-001 	6.5298052329675806e-003 	1.1763193125121048e-001
2.2000000000000002e+000 	1.1113981666739869e-001 	6.5298073909788486e-003 	1.1766962405837759e-001
2.3999999999999999e+000 	1.1117298937621534e-001 	6.5298157347707247e-003 	1.1770280511098609e-001
2.6000000000000001e+000 	1.1120249063099528e-001 	6.5298294654953758e-003 	1.1773232009649068e-001
2.7999999999999998e+000 	1.1122895942173282e-001 	6.5298467080500281e-003 	1.1775880612978294e-001
3.0000000000000000e+000 	1.1125288723604453e-001 	6.5298649954013792e-003 	1.1778275223144589e-001
3.2000000000000002e+000 	1.1127465921231533e-001 	6.5298816636136479e-003 	1.1780454087592897e-001
3.3999999999999999e+000 	1.1129458226505196e-001 	6.5298941293430888e-003 	1.1782447639439510e-001
3.6000000000000001e+000 	1.1131290457554753e-001 	6.5299000639849137e-003 	1.1784280463953242e-001
4.0000000000000000e+000 	1.1173716804408301e-001 	6.5298830543678073e-003 	1.1826705109845076e-001
4.4000000000000004e+000 	1.1137413514133712e-001 	6.5298237671195161e-003 	1.1790395890845662e-001
4.7999999999999998e+000 	1.1139903566468438e-001 	6.5297145110317679e-003 	1.1792875017571618e-001
5.2000000000000002e+000 	1.1142114291460192e-001 	6.5295574212130107e-003 	1.1795070033581494e-001
5.5999999999999996e+000 	1.1144105059388856e-001 	6.5293555876370733e-003 	1.1797040618152561e-001
6.0000000000000000e+000 	1.1145925538195615e-001 	6.5291142621671169e-003 	1.1798836964412329e-001
6.4000000000000004e+000 	1.1147617468719058e-001 	6.5288402831298583e-003 	1.1800501497032050e-001
6.7999999999999998e+000 	1.1149215305376554e-001 	6.5285409400978990e-003 	1.1802069399386349e-001
7.2000000000000002e+000 	1.1150746288977283e-001 	6.5282229074850049e-003 	1.1803568579725784e-001
7.5999999999999996e+000 	1.1152230445439268e-001 	6.5278913841956840e-003 	1.1805019583858836e-001
8.0000000000000000e+000 	1.1153680799591273e-001 	6.5275493997706295e-003 	1.1806435739568336e-001
8.8000000000000007e+000 	1.1177871814783384e-001 	6.5268220798023824e-003 	1.1830554022763620e-001
9.5999999999999996e+000 	1.1159169724073849e-001 	6.5259873169131906e-003 	1.1811768455765166e-001
1.0400000000000000e+001 	1.1161638152127913e-001 	6.5249353782007684e-003 	1.1814131689947993e-001
1.1199999999999999e+001 	1.1163810940861905e-001 	6.5234919305811653e-003 	1.1816160133920023e-001
1.2000000000000000e+001 	1.1165585416212014e-001 	6.5214223712900801e-003 	1.1817727653341020e-001
1.2800000000000001e+001 	1.1166858932839163e-001 	6.5184379332153255e-003 	1.1818702726160696e-001
1.3600000000000000e+001 	1.1167536662117489e-001 	6.5142090057860383e-003 	1.1818957562696089e-001
1.4400000000000000e+001 	1.1167535497904185e-001 	6.5083816153525308e-003 	1.1818373659439442e-001
1.5199999999999999e+001 	1.1166785166905249e-001 	6.5005948152628704e-003 	1.1816844648431540e-001
1.6000000000000000e+001 	1.1165227634815333e-001 	6.4904972749300393e-003 	1.1814277362308342e-001
1.6800000000000001e+001 	1.1162815665836254e-001 	6.4777617753190653e-003 	1.1810591843368164e-001
1.7600000000000001e+001 	1.1159511113969932e-001 	6.4620968097510749e-003 	1.1805720794945036e-001
1.8399999999999999e+001 	1.1155283285069986e-001 	6.4432549632717703e-003 	1.1799608781397164e-001
2.0000000000000000e+001 	1.1155576924605183e-001 	6.3951759331702619e-003 	1.1795094517922211e-001
2.1600000000000001e+001 	1.1128683229315804e-001 	6.3328743110819203e-003 	1.1761970660423995e-001
2.3199999999999999e+001 	1.1109425535524900e-001 	6.2562247487975061e-003 	1.1735048010404653e-001
2.4800000000000001e+001 	1.1086131208152804e-001 	6.1656636070169931e-003 	1.1702697568854503e-001
2.6399999999999999e+001 	1.1058800344870215e-001 	6.0621116135346990e-003 	1.1665011506223688e-001
2.8000000000000000e+001 	1.1027469537397011e-001 	5.9468508231389425e-003 	1.1622154619710899e-001
2.9600000000000001e+001 	1.0992209079300623e-001 	5.8214009394402392e-003 	1.1574349173244647e-001
3.1199999999999999e+001 	1.0953119800343787e-001 	5.6874065215551965e-003 	1.1521860452499304e-001
3.2800000000000004e+001 	1.0910329466061862e-001 	5.5465441770939424e-003 	1.1464983883771256e-001
3.4399999999999999e+001 	1.0863988794102790e-001 	5.4004516787822783e-003 	1.1404033961981017e-001
3.6000000000000000e+001 	1.0814267242484775e-001 	5.2506772439570399e-003 	1.1339334966880482e-001
3.7600000000000001e+001 	1.0761348765763444e-001 	5.0986460285627373e-003 	1.1271213368619719e-001
4.0800000000000004e+001 	1.0651538055543758e-001 	4.7940886991598014e-003 	1.1130946925459738e-001
4.4000000000000000e+001 	1.0522293939996315e-001 	4.4936709511440446e-003 	1.0971661035110722e-001
4.7199999999999996e+001 	1.0388841774442666e-001 	4.2031232919656205e-003 	1.0809154103639229e-001
5.0399999999999999e+001 	1.0248128716039871e-001 	3.9265994970840972e-003 	1.0640788665748281e-001
5.3600000000000001e+001 	1.0101579913965131e-001 	3.6667633887398480e-003 	1.0468256252839116e-001
5.6800000000000004e+001 	9.9505001150505590e-002 	3.4250439961204795e-003 	1.0293004514662608e-001
6.0000000000000000e+001 	9.7960578831308473e-002 	3.2019219546341330e-003 	1.0116250078594256e-001
6.3200000000000003e+001 	9.6392819325363643e-002 	2.9971915075787518e-003 	9.9390010832942383e-002
6.6400000000000006e+001 	9.4810653303755391e-002 	2.8101788848878839e-003 	9.7620832188643328e-002
6.9599999999999994e+001 	9.3221744750661445e-002 	2.6399138887639663e-003 	9.5861658639425404e-002
7.2799999999999997e+001 	9.1632606104810679e-002 	2.4852587470140550e-003 	9.4117864851824787e-002
7.9200000000000003e+001 	8.8505429570245403e-002 	2.2163714193860554e-003 	9.0721800989631451e-002
8.5599999999999994e+001 	8.5379469734402622e-002 	1.9952724529214852e-003 	8.7374742187324064e-002
9.2000000000000000e+001 	8.2353343138295107e-002 	1.8138072749814976e-003 	8.4167150413276604e-002
9.8400000000000006e+001 	7.9416763921893799e-002 	1.6646771280726957e-003 	8.1081441049966479e-002
1.0480000000000001e+002 	7.6579583434207135e-002 	1.5416827821402781e-003 	7.8121266216347449e-002
1.1119999999999999e+002 	7.3847401115505265e-002 	1.4397149425365893e-003 	7.5287116058041878e-002
1.1759999999999999e+002 	7.1222689186106081e-002 	1.3546374093868490e-003 	7.2577326595492958e-002
1.2400000000000000e+002 	6.8705688517759031e-002 	1.2831378469239949e-003 	6.9988826364682968e-002
1.3039999999999998e+002 	6.6295083214960471e-002 	1.2225799539891831e-003 	6.7517663168949679e-002
1.3680000000000001e+002 	6.3988494862795078e-002 	1.1708710423766406e-003 	6.5159365905171726e-002
1.4319999999999999e+002 	6.1782839806482158e-002 	1.1263499489546024e-003 	6.2909189755436759e-002
1.5600000000000000e+002 	5.7700330591785504e-002 	1.0527007063274175e-003 	5.8753031298112934e-002
1.6880000000000001e+002 	5.3883634154818789e-002 	9.9544620136364915e-004 	5.4879080356182434e-002
1.8160000000000002e+002 	5.0439581027143861e-002 	9.4976041656650342e-004 	5.1389341443710365e-002
1.9439999999999998e+002 	4.7293026844973080e-002 	9.1222098868775389e-004 	4.8205247833660821e-002
2.0719999999999999e+002 	4.4415771394685437e-002 	8.8048517919252483e-004 	4.5296256573877931e-002
2.2000000000000000e+002 	4.1781646065935901e-002 	8.5295706421288577e-004 	4.2634603130148795e-002
2.3280000000000001e+002 	3.9366750158909232e-002 	8.2854196883469825e-004 	4.0195292127743934e-002
2.4560000000000002e+002 	3.7149470724845826e-002 	8.0648048595779846e-004 	3.7955951210803633e-002
2.5840000000000003e+002 	3.5110384121202230e-002 	7.8623811997766547e-004 	3.5896622241179919e-002
2.7119999999999999e+002 	3.3232098856613795e-002 	7.6743224411655116e-004 	3.3999531100730333e-002
2.8400000000000000e+002 	3.1499074966713829e-002 	7.4978396330376766e-004 	3.2248858930017603e-002
2.9680000000000001e+002 	2.9897439965791917e-002 	7.3308638898474858e-004 	3.0630526354776672e-002
3.0959999999999997e+002 	2.8414812165685841e-002 	7.1718356945924791e-004 	2.9131995735145091e-002
3.3519999999999999e+002 	2.5794564911092548e-002 	6.8723772388027988e-004 	2.6481802634972820e-002
3.6080000000000001e+002 	2.3446904653752817e-002 	6.5937623554830854e-004 	2.4106280889301137e-002
3.8640000000000003e+002 	2.1443115768439026e-002 	6.3316619642354800e-004 	2.2076281964862582e-002
4.1200000000000000e+002 	1.9691838784616715e-002 	6.0833872314235789e-004 	2.0300177507759073e-002
4.3759999999999997e+002 	1.8153012806261457e-002 	5.8472589869574274e-004 	1.8737738704957208e-002
4.6319999999999999e+002 	1.6793801730456928e-002 	5.6220701935458446e-004 	1.7356008749811518e-002
4.8880000000000001e+002 	1.5587283771228816e-002 	5.4068750423701454e-004 	1.6127971275465829e-002
5.1439999999999998e+002 	1.4511304611553862e-002 	5.2009310293670789e-004 	1.5031397714490569e-002
5.4000000000000000e+002 	1.3547539398757412e-002 	5.0036621170773861e-004 	1.4047905610465152e-002
5.6560000000000002e+002 	1.2680744974623390e-002 	4.8146147119361248e-004 	1.3162206445817008e-002
5.9119999999999993e+002 	1.1898168790940909e-002 	4.6334164313875453e-004 	1.2361510434079669e-002
6.1680000000000007e+002 	1.1189081993685193e-002 	4.4597457631664851e-004 	1.1635056570001846e-002
6.6800000000000000e+002 	9.9713515860090172e-003 	4.1342073944641166e-004 	1.0384772325455430e-002
7.1919999999999993e+002 	8.9086488633245073e-003 	3.8350453046354457e-004 	9.2921533937880500e-003
7.7039999999999998e+002 	8.0318505317003713e-003 	3.5600570532107558e-004 	8.3878562370214450e-003
8.2160000000000002e+002 	7.2848332855576870e-003 	3.3079920006237531e-004 	7.6156324856200630e-003
8.7280000000000007e+002 	6.6425447908974996e-003 	3.0775357514658034e-004 	6.9502983660440828e-003
9.2400000000000000e+002 	6.0856213017164498e-003 	2.8670814298527363e-004 	6.3723294447017237e-003
9.7519999999999993e+002 	5.5990107751087408e-003 	2.6749552814834008e-004 	5.8665063032570805e-003
1.0264000000000001e+003 	5.1708995041057871e-003 	2.4995838573134806e-004 	5.4208578898371357e-003
1.0775999999999999e+003 	4.7919136830783431e-003 	2.3395328771457839e-004 	5.0258669707929230e-003
1.1288000000000000e+003 	4.4545340384427902e-003 	2.1934932471473560e-004 	4.6738833631575251e-003
1.1800000000000000e+003 	4.1526664350999016e-003 	2.0602618781670695e-004 	4.3586926229166089e-003
1.2824000000000001e+003 	3.6420669124709181e-003 	1.8276675134513214e-004 	3.8248336638160496e-003
1.3848000000000000e+003 	3.2042519222335482e-003 	1.6329970819089576e-004 	3.3675516304244456e-003
1.4872000000000000e+003 	2.8496875401358931e-003 	1.4701343297325066e-004 	2.9967009731091438e-003
1.5895999999999999e+003 	2.5522188171153430e-003 	1.3344247969981947e-004 	2.6856612968151638e-003
1.6920000000000000e+003 	2.2999698043404890e-003 	1.2213730336086551e-004 	2.4221071077013545e-003
1.7944000000000001e+003 	2.0840212706844490e-003 	1.1268548270743324e-004 	2.1967067533918828e-003
1.8968000000000000e+003 	1.8976054314446596e-003 	1.0474056226096671e-004 	2.0023459937056269e-003
1.9992000000000000e+003 	1.7355120917941311e-003 	9.8022149395745941e-005 	1.8335342411898770e-003
2.1015999999999999e+003 	1.5936679977776871e-003 	9.2304274862606351e-005 	1.6859722726402927e-003
2.2040000000000000e+003 	1.4688417362915989e-003 	8.7403952560748504e-005 	1.5562456888523473e-003
2.3064000000000001e+003 	1.3584355259741773e-003 	8.3172507101166230e-005 	1.4416080330753433e-003
2.5112000000000003e+003 	1.1745959449069769e-003 	7.6235577567859442e-005 	1.2508315224748362e-003
2.7160000000000000e+003 	1.0204332485426702e-003 	7.0707642765435413e-005 	1.0911408913081054e-003
2.9207999999999997e+003 	8.9859139318146256e-004 	6.6220425728358274e-005 	9.6481181890982102e-004
3.1255999999999999e+003 	7.9872275036204504e-004 	6.2513325334255835e-005 	8.6123607569630071e-004
3.3304000000000001e+003 	7.1590659899113381e-004 	5.9356138617483850e-005 	7.7526273760861750e-004
3.5352000000000003e+003 	6.4647800019179225e-004 	5.6581903696163229e-005 	7.0305990388795571e-004
3.7400000000000000e+003 	5.8768596091462186e-004 	5.4084440539434562e-005 	6.4177040145405636e-004
3.9447999999999997e+003 	5.3744122293919764e-004 	5.1797709401998718e-005 	5.8923893234119639e-004
4.1496000000000004e+003 	4.9413702980329727e-004 	4.9679183581141964e-005 	5.4381621338443916e-004
4.3543999999999996e+003 	4.5652273577676097e-004 	4.7700236946354296e-005 	5.0422297272311541e-004
4.5591999999999998e+003 	4.2361410190967140e-004 	4.5840869379608060e-005 	4.6945497128927927e-004
4.7640000000000000e+003 	3.9462881569795021e-004 	4.4086631097128330e-005 	4.3871544679507859e-004
4.9688000000000002e+003 	3.6893945735716889e-004 	4.2426710177764140e-005 	4.1136616753493312e-004
5.3783999999999996e+003 	3.2597710881175949e-004 	3.9386694570646670e-005 	3.6536380338240618e-004
5.7880000000000000e+003 	2.8947731952916951e-004 	3.6579691056778353e-005 	3.2605701058594790e-004
6.1976000000000004e+003 	2.6022336994346190e-004 	3.4037324817039747e-005 	2.9426069476050170e-004
6.6071999999999998e+003 	2.3578927601893693e-004 	3.1741958416076110e-005 	2.6753123443501301e-004
7.0168000000000002e+003 	2.1508245349695365e-004 	2.9654773837434680e-005 	2.4473722733438837e-004
7.4264000000000005e+003 	1.9730781815070566e-004 	2.7746747923843669e-005 	2.2505456607454930e-004
7.8360000000000000e+003 	1.8188085205739067e-004 	2.5997443859349030e-005 	2.0787829591673970e-004
8.2456000000000004e+003 	1.6836485030768137e-004 	2.4390132912264645e-005 	1.9275498321994600e-004
8.6552000000000007e+003 	1.5642751599571116e-004 	2.2909997310648545e-005 	1.7933751330635969e-004
9.0647999999999993e+003 	1.4581132907085957e-004 	2.1543805656959254e-005 	1.6735513472781880e-004
9.4743999999999996e+003 	1.3631326483894219e-004 	2.0279843616205430e-005 	1.5659310845514762e-004
1.0293600000000000e+004 	1.2031379264157122e-004 	1.8026918214056919e-005 	1.3834071085562817e-004
1.1112799999999999e+004 	1.0640579000843529e-004 	1.6037399592611793e-005 	1.2244318960104710e-004
1.1932000000000000e+004 	9.5174673822841390e-005 	1.4313936920169379e-005 	1.0948861074301076e-004
1.2751200000000001e+004 	8.5716695981325188e-005 	1.2809857558081108e-005 	9.8526553539406259e-005
1.3570400000000000e+004 	7.7663749362251780e-005 	1.1483846142544592e-005 	8.9147595504796373e-005
1.4389600000000000e+004 	7.0740077901137611e-005 	1.0308699121769996e-005 	8.1048777022907551e-005
1.5208799999999999e+004 	6.4736465426726237e-005 	9.2640618745746351e-006 	7.4000527301300873e-005
1.6027999999999998e+004 	5.9491647308692992e-005 	8.3331435137484685e-006 	6.7824790822441447e-005
1.6847200000000001e+004 	5.4879349512354823e-005 	7.5017986060105855e-006 	6.2381148118365417e-005
1.7666399999999998e+004 	5.0799270835613477e-005 	6.7580540301044299e-006 	5.7557324865717902e-005
1.8485600000000002e+004 	4.7170731080243717e-005 	6.0917029131252460e-006 	5.3262433993368965e-005
2.0124000000000000e+004 	4.1127779517572007e-005 	4.9554338520918586e-006 	4.6083213369663855e-005
2.1762399999999998e+004 	3.5912919054212058e-005 	4.0217598267200906e-006 	3.9934678880932136e-005
2.3400799999999999e+004 	3.1772972738470583e-005 	3.2744496608347104e-006 	3.5047422399305283e-005
2.5039200000000001e+004 	2.8333098853264422e-005 	2.6709159662844343e-006 	3.1004014819548857e-005
2.6677600000000002e+004 	2.5441489336234597e-005 	2.1809023401232244e-006 	2.7622391676357818e-005
2.8316000000000000e+004 	2.2985076773185019e-005 	1.7827027995877331e-006 	2.4767779572772745e-005
-500 0
-5.0000000000000000e+002 0.0000000000000000e+000 0.0000000000000000e+000
1
1 1 1 1
1
         t, ms                         dVp, mV                         dVs, mV                         dV, mV
5.0000000000000000e-001 	2.9778777829691738e-002 	1.8185215636338443e-003 	3.1597299393325583e-002
5.9999999999999998e-001 	2.9822024013029778e-002 	1.8185211962292347e-003 	3.1640545209259005e-002
6.9999999999999996e-001 	2.9850451038495436e-002 	1.8185210289343994e-003 	3.1668972067429836e-002
8.0000000000000004e-001 	2.9872836331744510e-002 	1.8185210249285013e-003 	3.1691357356673021e-002
9.0000000000000002e-001 	2.9891773685135854e-002 	1.8185211084712051e-003 	3.1710294793607041e-002
1.0000000000000000e+000 	2.9908259183700957e-002 	1.8185212018493159e-003 	3.1726780385550289e-002
1.1000000000000001e+000 	2.9922822084768270e-002 	1.8185212459743960e-003 	3.1741343330742668e-002
1.2000000000000000e+000 	2.9935815254022516e-002 	1.8185212067147866e-003 	3.1754336460737304e-002
1.3000000000000000e+000 	2.9947500604871849e-002 	1.8185210732035116e-003 	3.1766021678075358e-002
1.3999999999999999e+000 	2.9958081673300170e-002 	1.8185208528885193e-003 	3.1776602526188684e-002
1.6000000000000001e+000 	3.0309774361554867e-002 	1.8185202769314141e-003 	3.2128294638486272e-002
1.8000000000000000e+000 	2.9992433282943431e-002 	1.8185196749342424e-003 	3.1810952957877670e-002
2.0000000000000000e+000 	3.0005932052172248e-002 	1.8185192448731946e-003 	3.1824451297045440e-002
2.2000000000000002e+000 	3.0017669441414020e-002 	1.8185191440379747e-003 	3.1836188585451987e-002
2.3999999999999999e+000 	3.0027999937134148e-002 	1.8185194663150048e-003 	3.1846519403449160e-002
2.6000000000000001e+000 	3.0037187131392775e-002 	1.8185202399708688e-003 	3.1855707371363659e-002
2.7999999999999998e+000 	3.0045430003925296e-002 	1.8185214367436168e-003 	3.1863951440668913e-002
3.0000000000000000e+000 	3.0052881603928137e-002 	1.8185229853590725e-003 	3.1871404589287208e-002
3.2000000000000002e+000 	3.0059661863167539e-002 	1.8185247848766285e-003 	3.1878186648044177e-002
3.3999999999999999e+000 	3.0065866354861782e-002 	1.8185267159519292e-003 	3.1884393070813727e-002
3.6000000000000001e+000 	3.0071572362513298e-002 	1.8185286498037545e-003 	3.1890101012317047e-002
4.0000000000000000e+000 	3.0203702218801039e-002 	1.8185318608960361e-003 	3.2022234079697072e-002
4.4000000000000004e+000 	3.0090641191524665e-002 	1.8185336180931292e-003 	3.1909174809617788e-002
4.7999999999999998e+000 	3.0098396018476716e-002 	1.8185333062445865e-003 	3.1916929324721274e-002
5.2000000000000002e+000 	3.0105281246537208e-002 	1.8185304819082768e-003 	3.1923811728445474e-002
5.5999999999999996e+000 	3.0111482264849183e-002 	1.8185249939202191e-003 	3.1930007258769405e-002
6.0000000000000000e+000 	3.0117154741529158e-002 	1.8185168787391698e-003 	3.1935671620268322e-002
6.4000000000000004e+000 	3.0122430372059035e-002 	1.8185062526857366e-003 	3.1940936624744766e-002
6.7999999999999998e+000 	3.0127419098018905e-002 	1.8184932083890552e-003 	3.1945912306407948e-002
7.2000000000000002e+000 	3.0132209531318462e-002 	1.8184777262204689e-003 	3.1950687257538940e-002
7.5999999999999996e+000 	3.0136869098712910e-002 	1.8184596125695386e-003 	3.1955328711282455e-002
8.0000000000000000e+000 	3.0141444793756897e-002 	1.8184384708474139e-003 	3.1959883264604319e-002
8.8000000000000007e+000 	3.0217026328945695e-002 	1.8183833584664336e-003 	3.2035409687412135e-002
9.5999999999999996e+000 	3.0159201039702939e-002 	1.8183061670521178e-003 	3.1977507206755060e-002
1.0400000000000000e+001 	3.0167619312110545e-002 	1.8181992948011969e-003 	3.1985818606911742e-002
1.1199999999999999e+001 	3.0175517733753494e-002 	1.8180547153427012e-003 	3.1993572449096182e-002
1.2000000000000000e+001 	3.0182687982826761e-002 	1.8178646522089973e-003 	3.2000552635035762e-002
1.2800000000000001e+001 	3.0188925811835920e-002 	1.8176220708912168e-003 	3.2006547882727138e-002
1.3600000000000000e+001 	3.0194052699093418e-002 	1.8173209443563781e-003 	3.2011373643449796e-002
1.4400000000000000e+001 	3.0197926391334163e-002 	1.8169564070951490e-003 	3.2014882798429317e-002
1.5199999999999999e+001 	3.0200443506732722e-002 	1.8165248492680243e-003 	3.2016968356000750e-002
1.6000000000000000e+001 	3.0201537309399853e-002 	1.8160239707619361e-003 	3.2017561280161790e-002
1.6800000000000001e+001 	3.0201173056675870e-002 	1.8154528003359795e-003 	3.2016625857011857e-002
1.7600000000000001e+001 	3.0199342509409536e-002 	1.8148116768739557e-003 	3.2014154186283499e-002
1.8399999999999999e+001 	3.0196058535614797e-002 	1.8141021868869804e-003 	3.2010160722501763e-002
2.0000000000000000e+001 	3.0222014075310440e-002 	1.8124957688954808e-003 	3.2034509844205902e-002
2.1600000000000001e+001 	3.0169308809626958e-002 	1.8106641216102354e-003 	3.1979972931237208e-002
2.3199999999999999e+001 	3.0148447587031731e-002 	1.8086450706422215e-003 	3.1957092657673936e-002
2.4800000000000001e+001 	3.0123215919042129e-002 	1.8064779472053327e-003 	3.1929693866247458e-002
2.6399999999999999e+001 	3.0094099246982541e-002 	1.8041981859931925e-003 	3.1898297432975731e-002
2.8000000000000000e+001 	3.0061567695723875e-002 	1.8018331046503768e-003 	3.1863400800374246e-002
2.9600000000000001e+001 	3.0026060454900534e-002 	1.7993991995771971e-003 	3.1825459654477729e-002
3.1199999999999999e+001 	2.9987976687655786e-002 	1.7969009904339568e-003 	3.1784877678089747e-002
3.2800000000000004e+001 	2.9947671036101402e-002 	1.7943312068055273e-003 	3.1742002242906943e-002
3.4399999999999999e+001 	2.9905452271084702e-002 	1.7916720380783426e-003 	3.1697124309163043e-002
3.6000000000000000e+001 	2.9861584058567349e-002 	1.7888971037474451e-003 	3.1650481162314781e-002
3.7600000000000001e+001 	2.9816287129566514e-002 	1.7859737970222899e-003 	3.1602260926588792e-002
4.0800000000000004e+001 	2.9737261903636649e-002 	1.7794872111661969e-003 	3.1516749114802831e-002
4.4000000000000000e+001 	2.9624133857242021e-002 	1.7719603108007642e-003 	3.1396094168042801e-002
4.7199999999999996e+001 	2.9522502478377313e-002 	1.7631554445078673e-003 	3.1285657922885172e-002
5.0399999999999999e+001 	2.9417635088029151e-002 	1.7528873696848540e-003 	3.1170522457714005e-002
5.3600000000000001e+001 	2.9309601936798886e-002 	1.7410415751776312e-003 	3.1050643511976526e-002
5.6800000000000004e+001 	2.9198328807010825e-002 	1.7275786412755830e-003 	3.0925907448286417e-002
6.0000000000000000e+001 	2.9083659470264346e-002 	1.7125289401398272e-003 	3.0796188410404188e-002
6.3200000000000003e+001 	2.8965405399701123e-002 	1.6959815519029537e-003 	3.0661386951604072e-002
6.6400000000000006e+001 	2.8843381911860113e-002 	1.6780705636188133e-003 	3.0521452475478925e-002
6.9599999999999994e+001 	2.8717432210349832e-002 	1.6589610313985518e-003 	3.0376393241748390e-002
7.2799999999999997e+001 	2.8587441592650916e-002 	1.6388360701045967e-003 	3.0226277662755513e-002
7.9200000000000003e+001 	2.8321733218812289e-002 	1.5965329493972549e-003 	2.9918266168209535e-002
8.5599999999999994e+001 	2.8026781192921638e-002 	1.5524035474920423e-003 	2.9579184740413687e-002
9.2000000000000000e+001 	2.7723011709828722e-002 	1.5076259622736675e-003 	2.9230637672102384e-002
9.8400000000000006e+001 	2.7405020525746410e-002 	1.4631871846121946e-003 	2.8868207710358595e-002
1.0480000000000001e+002 	2.7074282422931924e-002 	1.4198448078589121e-003 	2.8494127230790846e-002
1.1119999999999999e+002 	2.6732453923225534e-002 	1.3781342577733695e-003 	2.8110588180998895e-002
1.1759999999999999e+002 	2.6381261389161904e-002 	1.3383979673102381e-003 	2.7719659356472144e-002
1.2400000000000000e+002 	2.6022415839952212e-002 	1.3008225523000972e-003 	2.7323238392252307e-002
1.3039999999999998e+002 	2.5657554144732527e-002 	1.2654759748149773e-003 	2.6923030119547518e-002
1.3680000000000001e+002 	2.5288202494704905e-002 	1.2323405627495208e-003 	2.6520543057454417e-002
1.4319999999999999e+002 	2.4915756970371742e-002 	1.2013402482476635e-003 	2.6117097218619413e-002
1.5600000000000000e+002 	2.4176260918036777e-002 	1.1450869662748002e-003 	2.5321347884311576e-002
1.6880000000000001e+002 	2.3420709003782719e-002 	1.0957450425419116e-003 	2.4516454046324639e-002
1.8160000000000002e+002 	2.2680645928142770e-002 	1.0522635073669394e-003 	2.3732909435509698e-002
1.9439999999999998e+002 	2.1952540075369936e-002 	1.0136410043359418e-003 	2.2966181079705876e-002
2.0719999999999999e+002 	2.1240122271335399e-002 	9.7899275066974049e-004 	2.2219115022005145e-002
2.2000000000000000e+002 	2.0546102383849962e-002 	9.4757408773493918e-004 	2.1493676471584896e-002
2.3280000000000001e+002 	1.9872362959575448e-002 	9.1877777431552139e-004 	2.0791140733890965e-002
2.4560000000000002e+002 	1.9220133208029202e-002 	8.9211867718418623e-004 	2.0112251885213386e-002
2.5840000000000003e+002 	1.8590133691764977e-002 	8.6721424576335806e-004 	1.9457347937528340e-002
2.7119999999999999e+002 	1.7982692543262211e-002 	8.4376517337165352e-004 	1.8826457716633868e-002
2.8400000000000000e+002 	1.7397837345586118e-002 	8.2153823213647705e-004 	1.8219375577722591e-002
2.9680000000000001e+002 	1.6835367320349050e-002 	8.0035191700440897e-004 	1.7635719237353461e-002
3.0959999999999997e+002 	1.6294909967921704e-002 	7.8006485318705520e-004 	1.7074974821108757e-002
3.3519999999999999e+002 	1.5289048219676435e-002 	7.4167266373614945e-004 	1.6030720883412581e-002
3.6080000000000001e+002 	1.4339818448370215e-002 	7.0586341802443661e-004 	1.5045681866394642e-002
3.8640000000000003e+002 	1.3477743376114940e-002 	6.7225040841220347e-004 	1.4149993784527136e-002
4.1200000000000000e+002 	1.2685174941549865e-002 	6.4055512838573087e-004 	1.3325730069935596e-002
4.3759999999999997e+002 	1.1956411021462797e-002 	6.1058277807504583e-004 	1.2566993799537841e-002
4.6319999999999999e+002 	1.1285935782368807e-002 	5.8219486950693701e-004 	1.1868130651875749e-002
4.8880000000000001e+002 	1.0668539918719995e-002 	5.5528701683717815e-004 	1.1223826935557167e-002
5.1439999999999998e+002 	1.0099383972097625e-002 	5.2977419706890048e-004 	1.0629158169166529e-002
5.4000000000000000e+002 	9.5740232144754210e-003 	5.0558232679249874e-004 	1.0079605541267921e-002
5.6560000000000002e+002 	9.0884077867333761e-003 	4.8264388452547082e-004 	9.5710516712588459e-003
5.9119999999999993e+002 	8.6388677757564328e-003 	4.6089568343689330e-004 	9.0997634591933260e-003
6.1680000000000007e+002 	8.2220898219661307e-003 	4.4027770855144195e-004 	8.6623675305175750e-003
6.6800000000000000e+002 	7.4842020319798195e-003 	4.0213179368191144e-004 	7.8863338256617305e-003
7.1919999999999993e+002 	6.8208753111806374e-003 	3.6783868781191961e-004 	7.1887139989925556e-003
7.7039999999999998e+002 	6.2531424054235226e-003 	3.3701546792115720e-004 	6.5901578733446771e-003
8.2160000000000002e+002 	5.7554184499249532e-003 	3.0930052927822605e-004 	6.0647189792031771e-003
8.7280000000000007e+002 	5.3166590631744262e-003 	2.8436880998235399e-004 	5.6010278731567784e-003
9.2400000000000000e+002 	4.9278028125332232e-003 	2.6192927023437935e-004 	5.1897320827676017e-003
9.7519999999999993e+002 	4.5814206008609583e-003 	2.4171973354653633e-004 	4.8231403344074948e-003
1.0264000000000001e+003 	4.2714031019194000e-003 	2.2350440991193102e-004 	4.4949075118313310e-003
1.0775999999999999e+003 	3.9927021308990823e-003 	2.0707263878115572e-004 	4.1997747696802369e-003
1.1288000000000000e+003 	3.7411229990983643e-003 	1.9223721786616770e-004 	3.9333602169645317e-003
1.1800000000000000e+003 	3.5131597630971723e-003 	1.7883213137902056e-004 	3.6919918944761931e-003
1.2824000000000001e+003 	3.1213848944669437e-003 	1.5558934450390075e-004 	3.2769742389708451e-003
1.3848000000000000e+003 	2.7795876078738329e-003 	1.3651180783647273e-004 	2.9160994157103061e-003
1.4872000000000000e+003 	2.4972921589069522e-003 	1.2083164596082497e-004 	2.6181238048677770e-003
1.5895999999999999e+003 	2.2567044024233767e-003 	1.0791709339152524e-004 	2.3646214958149025e-003
1.6920000000000000e+003 	2.0498742533722049e-003 	9.7259223850439011e-005 	2.1471334772226441e-003
1.7944000000000001e+003 	1.8706679495889332e-003 	8.8440700762174878e-005 	1.9591086503511078e-003
1.8968000000000000e+003 	1.7143160069985808e-003 	8.1117644398741821e-005 	1.7954336513973227e-003
1.9992000000000000e+003 	1.5770660013006605e-003 	7.5009258829291834e-005 	1.6520752601299523e-003
2.1015999999999999e+003 	1.4559277607694866e-003 	6.9888141431531219e-005 	1.5258159022010179e-003
2.2040000000000000e+003 	1.3484888593663560e-003 	6.5570576675264152e-005 	1.4140594360416200e-003
2.3064000000000001e+003 	1.2527807303554124e-003 	6.1907984381544026e-005 	1.3146887147369563e-003
2.5112000000000003e+003 	1.0920234345367199e-003 	5.5993577154530498e-005 	1.1480170116912503e-003
2.7160000000000000e+003 	9.5579131588553160e-004 	5.1546509490581246e-005 	1.0073378253761130e-003
2.9207999999999997e+003 	8.4690817924898279e-004 	4.8105834509379766e-005 	8.9501401375836247e-004
3.1255999999999999e+003 	7.5682724561212749e-004 	4.5363556640484871e-005 	8.0219080225261247e-004
3.3304000000000001e+003 	6.8151481445810212e-004 	4.3105603716943077e-005 	7.2462041817504530e-004
3.5352000000000003e+003 	6.1792181644973942e-004 	4.1180628883162507e-005 	6.5910244533290223e-004
3.7400000000000000e+003 	5.6372826375635833e-004 	3.9486486528997897e-005 	6.0321475028535601e-004
3.9447999999999997e+003 	5.1715075937015754e-004 	3.7957113089358193e-005 	5.5510787245951565e-004
4.1496000000000004e+003 	4.7680308748012637e-004 	3.6550205902273449e-005 	5.1335329338239978e-004
4.3543999999999996e+003 	4.4159614652996806e-004 	3.5238327808603047e-005 	4.7683447433857112e-004
4.5591999999999998e+003 	4.1066576019278470e-004 	3.4003331075712628e-005 	4.4466909126849734e-004
4.7640000000000000e+003 	3.8332001972495630e-004 	3.2832970598804399e-005 	4.1615299032376064e-004
4.9688000000000002e+003 	3.5900037182953526e-004 	3.1718802915478797e-005 	3.9071917474501412e-004
5.3783999999999996e+003 	3.1815103608113387e-004 	2.9639911241087343e-005 	3.4779094732222121e-004
5.7880000000000000e+003 	2.8329225006782353e-004 	2.7720367158941073e-005 	3.1101261722676454e-004
6.1976000000000004e+003 	2.5520301721065864e-004 	2.5949324965271745e-005 	2.8115234217593050e-004
6.6071999999999998e+003 	2.3164608298945861e-004 	2.4320712063337860e-005 	2.5596679505279649e-004
7.0168000000000002e+003 	2.1161428655814849e-004 	2.2819659601099908e-005 	2.3443394615924837e-004
7.4264000000000005e+003 	1.9436973041609063e-004 	2.1431505829976621e-005 	2.1580123624606734e-004
7.8360000000000000e+003 	1.7936652966172030e-004 	2.0145058015070251e-005 	1.9951158767679049e-004
8.2456000000000004e+003 	1.6619455371512959e-004 	1.8951226699488739e-005 	1.8514578041461832e-004
8.6552000000000007e+003 	1.5454019674262352e-004 	1.7841862848734103e-005 	1.7238205959135762e-004
9.0647999999999993e+003 	1.4415939352093916e-004 	1.6809449682615100e-005 	1.6096884320355431e-004
9.4743999999999996e+003 	1.3485902139783314e-004 	1.5847106169827927e-005 	1.5070612756766104e-004
1.0293600000000000e+004 	1.1916310062998938e-004 	1.4106082916647364e-005 	1.3326918354663675e-004
1.1112799999999999e+004 	1.0550067929956643e-004 	1.2568817380271234e-005 	1.1806949667983766e-004
1.1932000000000000e+004 	9.4443240622250400e-005 	1.1216821971632905e-005 	1.0566006259388330e-004
1.2751200000000001e+004 	8.5117331666054570e-005 	1.0024296226985161e-005 	9.5141627893039743e-005
1.3570400000000000e+004 	7.7166655536650407e-005 	8.9655485797552350e-006 	8.6132204116405643e-005
1.4389600000000000e+004 	7.0323490314938997e-005 	8.0216606092321204e-006 	7.8345150924171092e-005
1.5208799999999999e+004 	6.4384164345247005e-005 	7.1783007444490805e-006 	7.1562465089696062e-005
1.6027999999999998e+004 	5.9191318830693641e-005 	6.4236117530574961e-006 	6.5614930583751156e-005
1.6847200000000001e+004 	5.4621491842700151e-005 	5.7474467439511486e-006 	6.0368938586651294e-005
1.7666399999999998e+004 	5.0576448541652468e-005 	5.1410542958887295e-006 	5.5717502837541220e-005
1.8485600000000002e+004 	4.6977054640970270e-005 	4.5968423202773982e-006 	5.1573896961247676e-005
2.0124000000000000e+004 	4.0978017035875531e-005 	3.6635091335882158e-006 	4.4641526169463755e-005
2.1762399999999998e+004 	3.5798385260860335e-005 	2.9050478603161662e-006 	3.8703433121176489e-005
2.3400799999999999e+004 	3.1682578259016916e-005 	2.2959424695395521e-006 	3.3978520728556485e-005
2.5039200000000001e+004 	2.8260630266537281e-005 	1.8059106813254737e-006 	3.0066540947862760e-005
2.6677600000000002e+004 	2.5382589199971658e-005 	1.4108958466780578e-006 	2.6793485046649719e-005
2.8316000000000000e+004 	2.2936632357119435e-005 	1.0928019834491033e-006 	2.4029434340568543e-005
