-1050 0
-1.0500000000000000e+003 0.0000000000000000e+000 0.0000000000000000e+000
1
1 1 1 1
1
         t, ms                         dVp, mV                         dVs, mV                         dV, mV
5.0000000000000000e-001 	1.3769920912665204e-001 	1.7372370658977142e-002 	1.5507157978562922e-001
5.9999999999999998e-001 	1.3787825850263763e-001 	1.7372787627797728e-002 	1.5525104613043528e-001
6.9999999999999996e-001 	1.3799595432703171e-001 	1.7372565654162783e-002 	1.5536851998119458e-001
8.0000000000000004e-001 	1.3808863565261714e-001 	1.7371973009138373e-002 	1.5546060866175543e-001
9.0000000000000002e-001 	1.3816704122719131e-001 	1.7371217611095519e-002 	1.5553825883828684e-001
1.0000000000000000e+000 	1.3823529517353556e-001 	1.7370444094068658e-002 	1.5560573926760424e-001
1.1000000000000001e+000 	1.3829558884786325e-001 	1.7369745239571330e-002 	1.5566533408743466e-001
1.2000000000000000e+000 	1.3834938327942861e-001 	1.7369174486861892e-002 	1.5571855776629048e-001
1.3000000000000000e+000 	1.3839776290725631e-001 	1.7368756579967184e-002 	1.5576651948722348e-001
1.3999999999999999e+000 	1.3844157045688998e-001 	1.7368496209595064e-002 	1.5581006666648506e-001
1.6000000000000001e+000 	1.3989755019814762e-001 	1.7368380935073150e-002 	1.5726593113322074e-001
1.8000000000000000e+000 	1.3858379153177822e-001 	1.7368697490768720e-002 	1.5595248902254694e-001
2.0000000000000000e+000 	1.3863967815282646e-001 	1.7369287948708890e-002 	1.5600896610153531e-001
2.2000000000000002e+000 	1.3868827223122807e-001 	1.7370001190562749e-002 	1.5605827342179079e-001
2.3999999999999999e+000 	1.3873104144821843e-001 	1.7370707734834186e-002 	1.5610174918305250e-001
2.6000000000000001e+000 	1.3876907715086342e-001 	1.7371306891699041e-002 	1.5614038404256245e-001
2.7999999999999998e+000 	1.3880320316914649e-001 	1.7371727301207115e-002 	1.5617493047035358e-001
3.0000000000000000e+000 	1.3883405316381142e-001 	1.7371923998950243e-002 	1.5620597716276172e-001
3.2000000000000002e+000 	1.3886212368304188e-001 	1.7371873901514106e-002 	1.5623399758455600e-001
3.3999999999999999e+000 	1.3888781042260617e-001 	1.7371570851482745e-002 	1.5625938127408887e-001
3.6000000000000001e+000 	1.3891143335601427e-001 	1.7371020804555888e-002 	1.5628245416057013e-001
4.0000000000000000e+000 	1.3945843954765405e-001 	1.7369267878601144e-002 	1.5682770742625521e-001
4.4000000000000004e+000 	1.3899037803170256e-001 	1.7366721819423725e-002 	1.5635709985112631e-001
4.7999999999999998e+000 	1.3902248247572066e-001 	1.7363590426603112e-002 	1.5638607290232373e-001
5.2000000000000002e+000 	1.3905098587265824e-001 	1.7359966057182194e-002 	1.5641095192984039e-001
5.5999999999999996e+000 	1.3907665421688042e-001 	1.7355974217298641e-002 	1.5643262843417918e-001
6.0000000000000000e+000 	1.3910012894304932e-001 	1.7351737044897633e-002 	1.5645186598794697e-001
6.4000000000000004e+000 	1.3912195005228717e-001 	1.7347364159905416e-002 	1.5646931421219254e-001
6.7999999999999998e+000 	1.3914256461398214e-001 	1.7342954165659844e-002 	1.5648551877964198e-001
7.2000000000000002e+000 	1.3916232791831265e-001 	1.7338596183419461e-002 	1.5650092410173211e-001
7.5999999999999996e+000 	1.3918150362326095e-001 	1.7334368522843729e-002 	1.5651587214610474e-001
8.0000000000000000e+000 	1.3920026660611989e-001 	1.7330335233130649e-002 	1.5653060183925055e-001
8.8000000000000007e+000 	1.3951242522535418e-001 	1.7323011819979955e-002 	1.5683543704533415e-001
9.5999999999999996e+000 	1.3927175123626509e-001 	1.7316605829716773e-002 	1.5658835706598184e-001
1.0400000000000000e+001 	1.3930436861619724e-001 	1.7310805351620887e-002 	1.5661517396781810e-001
1.1199999999999999e+001 	1.3933361134115813e-001 	1.7305031671787853e-002 	1.5663864301294603e-001
1.2000000000000000e+001 	1.3935827953751168e-001 	1.7298452718651127e-002 	1.5665673225616278e-001
1.2800000000000001e+001 	1.3937717955790857e-001 	1.7290093978465364e-002 	1.5666727353637383e-001
1.3600000000000000e+001 	1.3938922167354714e-001 	1.7278920054286051e-002 	1.5666814172783330e-001
1.4400000000000000e+001 	1.3939346860464485e-001 	1.7263907573720413e-002 	1.5665737617836534e-001
1.5199999999999999e+001 	1.3938914866910301e-001 	1.7244105375850406e-002 	1.5663325404495337e-001
1.6000000000000000e+001 	1.3937564733370975e-001 	1.7218677654419944e-002 	1.5659432498812970e-001
1.6800000000000001e+001 	1.3935248797731578e-001 	1.7186930048499940e-002 	1.5653941802581572e-001
1.7600000000000001e+001 	1.3931930914760554e-001 	1.7148321356343546e-002 	1.5646763050394918e-001
1.8399999999999999e+001 	1.3927584259768322e-001 	1.7102464282369938e-002 	1.5637830688005319e-001
2.0000000000000000e+001 	1.3930770253776145e-001 	1.6988205797577968e-002 	1.5629590833533952e-001
2.1600000000000001e+001 	1.3899591727027902e-001 	1.6844174252413833e-002 	1.5584009152269288e-001
2.3199999999999999e+001 	1.3879172014178237e-001 	1.6671609196960500e-002 	1.5546332933874293e-001
2.4800000000000001e+001 	1.3854474858380186e-001 	1.6472774261868110e-002 	1.5501752284567014e-001
2.6399999999999999e+001 	1.3825549109376428e-001 	1.6250618401284667e-002 	1.5450610949504892e-001
2.8000000000000000e+001 	1.3792474410356670e-001 	1.6008524692176250e-002 	1.5393326879574293e-001
2.9600000000000001e+001 	1.3755357419332823e-001 	1.5750009606704776e-002 	1.5330358380003312e-001
3.1199999999999999e+001 	1.3714328437144230e-001 	1.5478531000345460e-002 	1.5262181537178773e-001
3.2800000000000004e+001 	1.3669538091794031e-001 	1.5197365433278605e-002 	1.5189274635121894e-001
3.4399999999999999e+001 	1.3621153919858126e-001 	1.4909525947323712e-002 	1.5112106514590495e-001
3.6000000000000000e+001 	1.3569356856395012e-001 	1.4617712837157033e-002 	1.5031128140110717e-001
3.7600000000000001e+001 	1.3514337736831911e-001 	1.4324292604734834e-002 	1.4946766997305391e-001
4.0800000000000004e+001 	1.3401661336660894e-001 	1.3742339077126981e-002 	1.4775895244373596e-001
4.4000000000000000e+001 	1.3266629565612842e-001 	1.3173724516707504e-002 	1.4584002017283590e-001
4.7199999999999996e+001 	1.3128644287744293e-001 	1.2626331361506525e-002 	1.4391277423894958e-001
5.0399999999999999e+001 	1.2983192452154987e-001 	1.2105393763645370e-002 	1.4193731828519524e-001
5.3600000000000001e+001 	1.2831636417848369e-001 	1.1613828022434634e-002 	1.3993019220091832e-001
5.6800000000000004e+001 	1.2675217096223046e-001 	1.1152769567872993e-002 	1.3790494053010341e-001
6.0000000000000000e+001 	1.2515043174206200e-001 	1.0722094727053532e-002 	1.3587252646911555e-001
6.3200000000000003e+001 	1.2352090723049473e-001 	1.0320850186406591e-002 	1.3384175741690124e-001
6.6400000000000006e+001 	1.2187209240624491e-001 	9.9475723673558471e-003 	1.3181966477360077e-001
6.9599999999999994e+001 	1.2021131377944612e-001 	9.6005173377599323e-003 	1.2981183111720601e-001
7.2799999999999997e+001 	1.1854484424355004e-001 	9.2778213770025233e-003 	1.2782266562055253e-001
7.9200000000000003e+001 	1.1525185570749105e-001 	8.6958082028603442e-003 	1.2394766391035145e-001
8.5599999999999994e+001 	1.1192633069260366e-001 	8.1894669979759010e-003 	1.2011579769057956e-001
9.2000000000000000e+001 	1.0868481584650370e-001 	7.7471266451474780e-003 	1.1643194249165123e-001
9.8400000000000006e+001 	1.0551263737150199e-001 	7.3585342992394482e-003 	1.1287117167074148e-001
1.0480000000000001e+002 	1.0242140184310787e-001 	7.0150272293055312e-003 	1.0943642907241340e-001
1.1119999999999999e+002 	9.9418700739927104e-002 	6.7094032881684761e-003 	1.0612810402809558e-001
1.1759999999999999e+002 	9.6509090234606673e-002 	6.4357223359841230e-003 	1.0294481257059085e-001
1.2400000000000000e+002 	9.3694880993623192e-002 	6.1891058656916818e-003 	9.9883986859314849e-002
1.3039999999999998e+002 	9.0976741668960220e-002 	5.9655496449447674e-003 	9.6942291313904971e-002
1.3680000000000001e+002 	8.8354149947198549e-002 	5.7617584801276447e-003 	9.4115908427326173e-002
1.4319999999999999e+002 	8.5825727205990909e-002 	5.5750083408597521e-003 	9.1400735546850673e-002
1.5600000000000000e+002 	8.1092225655219494e-002 	5.2419361389273540e-003 	8.6334161794146852e-002
1.6880000000000001e+002 	7.6599555425315491e-002 	4.9546051900916394e-003 	8.1554160615407156e-002
1.8160000000000002e+002 	7.2483849905262368e-002 	4.7033170002769714e-003 	7.7187166905539298e-002
1.9439999999999998e+002 	6.8669154033013893e-002 	4.4808039955598102e-003 	7.3149958028573714e-002
2.0719999999999999e+002 	6.5132219354349971e-002 	4.2815226149616210e-003 	6.9413741969311563e-002
2.2000000000000000e+002 	6.1850617973351410e-002 	4.1012108970102162e-003 	6.5951828870361648e-002
2.3280000000000001e+002 	5.8803199214488504e-002 	3.9366094654902780e-003 	6.2739808679978762e-002
2.4560000000000002e+002 	5.5970309549494668e-002 	3.7852167688492864e-003 	5.9755526318343945e-002
2.5840000000000003e+002 	5.3333861850903767e-002 	3.6450865198720027e-003 	5.6978948370775752e-002
2.7119999999999999e+002 	5.0877313896034608e-002 	3.5146791790839470e-003 	5.4391993075118571e-002
2.8400000000000000e+002 	4.8585595741154619e-002 	3.3927578932607589e-003 	5.1978353634415379e-002
2.9680000000000001e+002 	4.6445011110515008e-002 	3.2783152230464753e-003 	4.9723326333561489e-002
3.0959999999999997e+002 	4.4443128215189608e-002 	3.1705204866668865e-003 	4.7613648701856498e-002
3.3519999999999999e+002 	4.0853070909401767e-002 	2.9718229372610880e-003 	4.3824893846662875e-002
3.6080000000000001e+002 	3.7587271489549164e-002 	2.7925178018538745e-003 	4.0379789291403047e-002
3.8640000000000003e+002 	3.4746586483205257e-002 	2.6296328333758638e-003 	3.7376219316581125e-002
4.1200000000000000e+002 	3.2223786630278486e-002 	2.4809446577297488e-003 	3.4704731288008224e-002
4.3759999999999997e+002 	2.9973920481110840e-002 	2.3445416282031509e-003 	3.2318462109313988e-002
4.6319999999999999e+002 	2.7959269213973584e-002 	2.2188462591511220e-003 	3.0178115473124715e-002
4.8880000000000001e+002 	2.6148196935753272e-002 	2.1025860040654182e-003 	2.8250782939818680e-002
5.1439999999999998e+002 	2.4514099725044980e-002 	1.9947222146444086e-003 	2.6508821939689391e-002
5.4000000000000000e+002 	2.3034517377017338e-002 	1.8943913629481353e-003 	2.4928908739965474e-002
5.6560000000000002e+002 	2.1690404424681568e-002 	1.8008636222683297e-003 	2.3491268046949891e-002
5.9119999999999993e+002 	2.0465538087080969e-002 	1.7135134526351087e-003 	2.2179051539716086e-002
6.1680000000000007e+002 	1.9346038448570267e-002 	1.6317983028493607e-003 	2.0977836751419624e-002
6.6800000000000000e+002 	1.7400875817395873e-002 	1.4832572161415497e-003 	1.8884133033537406e-002
7.1919999999999993e+002 	1.5683557097532566e-002 	1.3518749973967664e-003 	1.7035432094929335e-002
7.7039999999999998e+002 	1.4245775867942442e-002 	1.2354329241338578e-003 	1.5481208792076298e-002
8.2160000000000002e+002 	1.3006486784245501e-002 	1.1320563242480570e-003 	1.4138543108493556e-002
8.7280000000000007e+002 	1.1929896440180596e-002 	1.0400300727253778e-003 	1.2969926512905976e-002
9.2400000000000000e+002 	1.0987802691727860e-002 	9.5787024247406230e-004 	1.1945672934201925e-002
9.7519999999999993e+002 	1.0157889486133149e-002 	8.8432142165106224e-004 	1.1042210907784214e-002
1.0264000000000001e+003 	9.4223574212589957e-003 	8.1832403757150347e-004 	1.0240681458830501e-002
1.0775999999999999e+003 	8.7668783517861736e-003 	7.5897858099468866e-004 	9.5258569327808622e-003
1.1288000000000000e+003 	8.1798105272397909e-003 	7.0551490962921491e-004 	8.8853254368690057e-003
1.1800000000000000e+003 	7.6516101549752849e-003 	6.5726831424752863e-004 	8.3088784692228138e-003
1.2824000000000001e+003 	6.7518608918597945e-003 	5.7392065962969105e-004 	7.3257815514894834e-003
1.3848000000000000e+003 	5.9743727350050667e-003 	5.0504552541624401e-004 	6.4794182604213085e-003
1.4872000000000000e+003 	5.3391147352926955e-003 	4.4811960896011651e-004 	5.7872343442528116e-003
1.5895999999999999e+003 	4.8023209213487027e-003 	4.0100189334176965e-004 	5.2033228146904729e-003
1.6920000000000000e+003 	4.3442513429287326e-003 	3.6182829924232424e-004 	4.7060796421710578e-003
1.7944000000000001e+003 	3.9499141980461243e-003 	3.2906635966136789e-004 	4.2789805577074912e-003
1.8968000000000000e+003 	3.6078161955337426e-003 	3.0149353349000083e-004 	3.9093097290237447e-003
1.9992000000000000e+003 	3.3090268518431187e-003 	2.7814073221300964e-004 	3.5871675840561277e-003
2.1015999999999999e+003 	3.0465066534690619e-003 	2.5823617707228447e-004 	3.3047428305413482e-003
2.2040000000000000e+003 	2.8146298675616817e-003 	2.4116100600958301e-004 	3.0557908735712653e-003
2.3064000000000001e+003 	2.6088440739642127e-003 	2.2641624236537423e-004 	2.8352603163295867e-003
2.5112000000000003e+003 	2.2647636189793126e-003 	2.0224221129220790e-004 	2.4670058302715204e-003
2.7160000000000000e+003 	1.9747703583886289e-003 	1.8321422019078866e-004 	2.1579845785794183e-003
2.9207999999999997e+003 	1.7443359469404753e-003 	1.6809693730856733e-004 	1.9124328842490431e-003
3.1255999999999999e+003 	1.5546060689537742e-003 	1.5587332915480229e-004 	1.7104793981085760e-003
3.3304000000000001e+003 	1.3966460683099767e-003 	1.4572913187003032e-004 	1.5423752001800077e-003
3.5352000000000003e+003 	1.2637556791038817e-003 	1.3708876959469114e-004 	1.4008444486985738e-003
3.7400000000000000e+003 	1.1508735502665322e-003 	1.2956601854020752e-004 	1.2804395688067389e-003
3.9447999999999997e+003 	1.0541338683889710e-003 	1.2290059801582832e-004 	1.1770344664047991e-003
4.1496000000000004e+003 	9.7054859961546384e-004 	1.1691219991317767e-004 	1.0874607995286418e-003
4.3543999999999996e+003 	8.9778161729103822e-004 	1.1147221570509404e-004 	1.0092538329961320e-003
4.5591999999999998e+003 	8.3398719918555554e-004 	1.0648659477893815e-004 	9.4047379396449370e-004
4.7640000000000000e+003 	7.7769315324560705e-004 	1.0188501708903953e-004 	8.7957817033464645e-004
4.9688000000000002e+003 	7.2771505311270855e-004 	9.7613767829289803e-005 	8.2532882094199826e-004
5.3783999999999996e+003 	6.4395106946159167e-004 	8.9952705310228891e-005 	7.3390377477182054e-004
5.7880000000000000e+003 	5.7262955676053889e-004 	8.3064905705403013e-005 	6.5569446246594191e-004
6.1976000000000004e+003 	5.1531269782638227e-004 	7.6962325906480432e-005 	5.9227502373286243e-004
6.6071999999999998e+003 	4.6734150444274281e-004 	7.1533154868070985e-005 	5.3887465931081369e-004
7.0168000000000002e+003 	4.2661815627018443e-004 	6.6653078412422782e-005 	4.9327123468260710e-004
7.4264000000000005e+003 	3.9161096098092615e-004 	6.2233520014082114e-005 	4.5384448099500811e-004
7.8360000000000000e+003 	3.6119038737259250e-004 	5.8211600298723425e-005 	4.1940198767131590e-004
8.2456000000000004e+003 	3.3451019986144071e-004 	5.4537843127900168e-005 	3.8904804298934095e-004
8.6552000000000007e+003 	3.1092491786459912e-004 	5.1170824098317168e-005 	3.6209574196291623e-004
9.0647999999999993e+003 	2.8993326012975273e-004 	4.8075204636809657e-005 	3.3800846476656231e-004
9.4743999999999996e+003 	2.7113930313605802e-004 	4.5220706953552248e-005 	3.1636001008961042e-004
1.0293600000000000e+004 	2.3945078981250107e-004 	4.0152462004051021e-005 	2.7960325181655200e-004
1.1112799999999999e+004 	2.1188593256377971e-004 	3.5694506201542991e-005 	2.4758043876532264e-004
1.1932000000000000e+004 	1.8960131586291513e-004 	3.1849070697428434e-005 	2.2145038656034354e-004
1.2751200000000001e+004 	1.7082042441621042e-004 	2.8501215175775449e-005 	1.9932163959198579e-004
1.3570400000000000e+004 	1.5481912162007542e-004 	2.5556597990203616e-005 	1.8037571961027901e-004
1.4389600000000000e+004 	1.4105411146491067e-004 	2.2952209457675555e-005 	1.6400632092258624e-004
1.5208799999999999e+004 	1.2911263174670857e-004 	2.0640645742821064e-005 	1.4975327748952970e-004
1.6027999999999998e+004 	1.1867614755763995e-004 	1.8583163159629160e-005 	1.3725931071726909e-004
1.6847200000000001e+004 	1.0949498668115757e-004 	1.6747417788470083e-005 	1.2624240446962770e-004
1.7666399999999998e+004 	1.0137065992643893e-004 	1.5106211266877108e-005 	1.1647687119331606e-004
1.8485600000000002e+004 	9.4143387865101171e-005 	1.3636476298409595e-005 	1.0777986416351082e-004
2.0124000000000000e+004 	8.2102395621862169e-005 	1.1131934574985767e-005 	9.3234330196847928e-005
2.1762399999999998e+004 	7.1708703184932346e-005 	9.0726421243441640e-006 	8.0781345309276518e-005
2.3400799999999999e+004 	6.3453497982477429e-005 	7.4239889424925745e-006 	7.0877486924970009e-005
2.5039200000000001e+004 	5.6592083172109102e-005 	6.0909624079162511e-006 	6.2683045580025373e-005
2.6677600000000002e+004 	5.0822740727681912e-005 	5.0072921347642896e-006 	5.5830032862446189e-005
2.8316000000000000e+004 	4.5920608784447876e-005 	4.1250942923503698e-006 	5.0045703076798244e-005
-1350 0
-1.3500000000000000e+003 0.0000000000000000e+000 0.0000000000000000e+000
1
1 1 1 1
1
         t, ms                         dVp, mV                         dVs, mV                         dV, mV
5.0000000000000000e-001 	1.1037266996818888e-001 	1.4164536327242926e-002 	1.2453720629543183e-001
5.9999999999999998e-001 	1.1051154623524236e-001 	1.4164971796952973e-002 	1.2467651803219527e-001
6.9999999999999996e-001 	1.1060283511033425e-001 	1.4164738384299450e-002 	1.2476757349463372e-001
8.0000000000000004e-001 	1.1067472187517750e-001 	1.4164117246987082e-002 	1.2483883912216459e-001
9.0000000000000002e-001 	1.1073553579455639e-001 	1.4163326124618148e-002 	1.2489886191917453e-001
1.0000000000000000e+000 	1.1078847569303694e-001 	1.4162516415793731e-002 	1.2495099210883066e-001
1.1000000000000001e+000 	1.1083524128373451e-001 	1.4161785180051494e-002 	1.2499702646378594e-001
1.2000000000000000e+000 	1.1087696580882864e-001 	1.4161188248756260e-002 	1.2503815405758492e-001
1.3000000000000000e+000 	1.1091449040949655e-001 	1.4160751390186094e-002 	1.2507524179968268e-001
1.3999999999999999e+000 	1.1094846873940685e-001 	1.4160479378952012e-002 	1.2510894811835888e-001
1.6000000000000001e+000 	1.1207774191600227e-001 	1.4160359083097852e-002 	1.2623810099910010e-001
1.8000000000000000e+000 	1.1105877904254478e-001 	1.4160689636051819e-002 	1.2521946867859657e-001
2.0000000000000000e+000 	1.1110212601825821e-001 	1.4161305598404141e-002 	1.2526343161666237e-001
2.2000000000000002e+000 	1.1113981666751545e-001 	1.4162048990639796e-002 	1.2530186565815526e-001
2.3999999999999999e+000 	1.1117298937621374e-001 	1.4162784726531019e-002 	1.2533577410274477e-001
2.6000000000000001e+000 	1.1120249063095233e-001 	1.4163408009626991e-002 	1.2536589864057929e-001
2.7999999999999998e+000 	1.1122895942174171e-001 	1.4163844804311381e-002 	1.2539280422605309e-001
3.0000000000000000e+000 	1.1125288723594409e-001 	1.4164048684796655e-002 	1.2541693592074074e-001
3.2000000000000002e+000 	1.1127465921242731e-001 	1.4163996053361907e-002 	1.2543865526578923e-001
3.3999999999999999e+000 	1.1129458226502234e-001 	1.4163680921399482e-002 	1.2545826318642186e-001
3.6000000000000001e+000 	1.1131290457559861e-001 	1.4163109861557556e-002 	1.2547601443715617e-001
4.0000000000000000e+000 	1.1173716804411925e-001 	1.4161293199360946e-002 	1.2589846124348017e-001
4.4000000000000004e+000 	1.1137413514131388e-001 	1.4158657781787910e-002 	1.2553279292310174e-001
4.7999999999999998e+000 	1.1139903566469055e-001 	1.4155422177156471e-002 	1.2555445784184702e-001
5.2000000000000002e+000 	1.1142114291461080e-001 	1.4151681750957769e-002 	1.2557282466556857e-001
5.5999999999999996e+000 	1.1144105059383080e-001 	1.4147567098571364e-002 	1.2558861769240209e-001
6.0000000000000000e+000 	1.1145925538200807e-001 	1.4143205088849987e-002 	1.2560246047085810e-001
6.4000000000000004e+000 	1.1147617468715916e-001 	1.4138709009548819e-002 	1.2561488369670798e-001
6.7999999999999998e+000 	1.1149215305380553e-001 	1.4134180064363722e-002 	1.2562633311816920e-001
7.2000000000000002e+000 	1.1150746288971958e-001 	1.4129708975722962e-002 	1.2563717186544254e-001
7.5999999999999996e+000 	1.1152230445443138e-001 	1.4125374637409085e-002 	1.2564767909184049e-001
8.0000000000000000e+000 	1.1153680799590383e-001 	1.4121240603998586e-002 	1.2565804859990243e-001
8.8000000000000007e+000 	1.1177871814781774e-001 	1.4113721250342310e-002 	1.2589243939816011e-001
9.5999999999999996e+000 	1.1159169724075145e-001 	1.4107105212998450e-002 	1.2569880245374990e-001
1.0400000000000000e+001 	1.1161638152126059e-001 	1.4101044231387966e-002 	1.2571742575264855e-001
1.1199999999999999e+001 	1.1163810940863081e-001 	1.4094918727154338e-002 	1.2573302813578510e-001
1.2000000000000000e+001 	1.1165585416211866e-001 	1.4087853196076465e-002 	1.2574370735819509e-001
1.2800000000000001e+001 	1.1166858932838988e-001 	1.4078833251053493e-002 	1.2574742257944332e-001
1.3600000000000000e+001 	1.1167536662118856e-001 	1.4066789947984241e-002 	1.2574215656917281e-001
1.4400000000000000e+001 	1.1167535497902019e-001 	1.4050674207323520e-002 	1.2572602918634371e-001
1.5199999999999999e+001 	1.1166785166906033e-001 	1.4029517616031441e-002 	1.2569736928509179e-001
1.6000000000000000e+001 	1.1165227634815482e-001 	1.4002475427123160e-002 	1.2565475177527796e-001
1.6800000000000001e+001 	1.1162815665837221e-001 	1.3968851971802788e-002 	1.2559700863017501e-001
1.7600000000000001e+001 	1.1159511113968289e-001 	1.3928111401108919e-002 	1.2552322254079179e-001
1.8399999999999999e+001 	1.1155283285070962e-001 	1.3879877356770360e-002 	1.2543271020747995e-001
2.0000000000000000e+001 	1.1155576924605094e-001 	1.3760224428872821e-002 	1.2531599367492380e-001
2.1600000000000001e+001 	1.1128683229315152e-001 	1.3610061160723344e-002 	1.2489689345387488e-001
2.3199999999999999e+001 	1.1109425535525493e-001 	1.3430812492639888e-002 	1.2452506784789487e-001
2.4800000000000001e+001 	1.1086131208152425e-001 	1.3224946004573473e-002 	1.2408625808609776e-001
2.6399999999999999e+001 	1.1058800344869738e-001 	1.2995618715351286e-002 	1.2358362216404865e-001
2.8000000000000000e+001 	1.1027469537396818e-001 	1.2746420680860940e-002 	1.2302111605482904e-001
2.9600000000000001e+001 	1.0992209079300536e-001 	1.2481065298296208e-002 	1.2240315609130158e-001
3.1199999999999999e+001 	1.0953119800344217e-001 	1.2203193257145056e-002 	1.2173439126058723e-001
3.2800000000000004e+001 	1.0910329466061591e-001 	1.1916247785328685e-002 	1.2101954244594457e-001
3.4399999999999999e+001 	1.0863988794102616e-001 	1.1623390761949008e-002 	1.2026327870297515e-001
3.6000000000000000e+001 	1.0814267242484027e-001 	1.1327452257365539e-002 	1.1947012468220576e-001
3.7600000000000001e+001 	1.0761348765763695e-001 	1.1030908864715932e-002 	1.1864439652235292e-001
4.0800000000000004e+001 	1.0651538055543928e-001 	1.0446127605760325e-002 	1.1696150816119959e-001
4.4000000000000000e+001 	1.0522293939996281e-001 	9.8794735955716265e-003 	1.1510241299553441e-001
4.7199999999999996e+001 	1.0388841774442319e-001 	9.3390265564696467e-003 	1.1322744430089281e-001
5.0399999999999999e+001 	1.0248128716039635e-001 	8.8300245575817348e-003 	1.1131131171797813e-001
5.3600000000000001e+001 	1.0101579913965654e-001 	8.3552161768642459e-003 	1.0937101531652085e-001
5.6800000000000004e+001 	9.9505001150500844e-002 	7.9154342249146102e-003 	1.0742043537541546e-001
6.0000000000000000e+001 	9.7960578831307182e-002 	7.5101567605148876e-003 	1.0547073559182206e-001
6.3200000000000003e+001 	9.6392819325364448e-002 	7.1379726250796194e-003 	1.0353079195044408e-001
6.6400000000000006e+001 	9.4810653303756057e-002 	6.7969310753704295e-003 	1.0160758437912647e-001
6.9599999999999994e+001 	9.3221744750659072e-002 	6.4847958955202871e-003 	9.9706540646179342e-002
7.2799999999999997e+001 	9.1632606104808847e-002 	6.1992243576351217e-003 	9.7831830462443967e-002
7.9200000000000003e+001 	8.8505429570242669e-002 	5.6958025543060609e-003 	9.4201232124548701e-002
8.5599999999999994e+001 	8.5379469734403773e-002 	5.2719582076734628e-003 	9.0651427942077215e-002
9.2000000000000000e+001 	8.2353343138294927e-002 	4.9136645748799552e-003 	8.7267007713174929e-002
9.8400000000000006e+001 	7.9416763921892619e-002 	4.6088008622690579e-003 	8.4025564784161649e-002
1.0480000000000001e+002 	7.6579583434206872e-002 	4.3473325953357718e-003 	8.0926916029542648e-002
1.1119999999999999e+002 	7.3847401115503253e-002 	4.1211195204247991e-003 	7.7968520635928060e-002
1.1759999999999999e+002 	7.1222689186105845e-002 	3.9236346142620532e-003 	7.5146323800367912e-002
1.2400000000000000e+002 	6.8705688517755520e-002 	3.7496821156382493e-003 	7.2455370633393773e-002
1.3039999999999998e+002 	6.6295083214961720e-002 	3.5951378800914628e-003 	6.9890221095053204e-002
1.3680000000000001e+002 	6.3988494862794912e-002 	3.4567245660183641e-003 	6.7445219428813277e-002
1.4319999999999999e+002 	6.1782839806481721e-002 	3.3318272985271963e-003 	6.5114667105008947e-002
1.5600000000000000e+002 	5.7700330591785642e-002 	3.1128574649779317e-003 	6.0813188056763542e-002
1.6880000000000001e+002 	5.3883634154818102e-002 	2.9279159339562926e-003 	5.6811550088774393e-002
1.8160000000000002e+002 	5.0439581027142320e-002 	2.7688473157030180e-003 	5.3208428342845331e-002
1.9439999999999998e+002 	4.7293026844973815e-002 	2.6298704106815446e-003 	4.9922897255655359e-002
2.0719999999999999e+002 	4.4415771394685270e-002 	2.5067584572181054e-003 	4.6922529851903386e-002
2.2000000000000000e+002 	4.1781646065935027e-002 	2.3963668315853327e-003 	4.4178012897520352e-002
2.3280000000000001e+002 	3.9366750158909128e-002 	2.2963637128803889e-003 	4.1663113871789524e-002
2.4560000000000002e+002 	3.7149470724845562e-002 	2.2050078484039991e-003 	3.9354478573249550e-002
2.5840000000000003e+002 	3.5110384121201495e-002 	2.1209719554100455e-003 	3.7231356076611537e-002
2.7119999999999999e+002 	3.3232098856612387e-002 	2.0432196343533647e-003 	3.5275318490965754e-002
2.8400000000000000e+002 	3.1499074966714030e-002 	1.9709240005375207e-003 	3.3469998967251544e-002
2.9680000000000001e+002 	2.9897439965791264e-002 	1.9034134834430697e-003 	3.1800853449234334e-002
3.0959999999999997e+002 	2.8414812165685581e-002 	1.8401346151220551e-003 	3.0254946780807635e-002
3.3519999999999999e+002 	2.5794564911092537e-002 	1.7243436827575113e-003 	2.7518908593850040e-002
3.6080000000000001e+002 	2.3446904653752220e-002 	1.6205657698608372e-003 	2.5067470423613066e-002
3.8640000000000003e+002 	2.1443115768438235e-002 	1.5268575002844609e-003 	2.2969973268722688e-002
4.1200000000000000e+002 	1.9691838784616351e-002 	1.4418320573691343e-003 	2.1133670841985485e-002
4.3759999999999997e+002 	1.8153012806261141e-002 	1.3642340777038678e-003 	1.9517246883964997e-002
4.6319999999999999e+002 	1.6793801730456522e-002 	1.2930115857742494e-003 	1.8086813316230778e-002
4.8880000000000001e+002 	1.5587283771228807e-002 	1.2273263882779592e-003 	1.6814610159506773e-002
5.1439999999999998e+002 	1.4511304611553382e-002 	1.1665079511892467e-003 	1.5677812562742630e-002
5.4000000000000000e+002 	1.3547539398757172e-002 	1.1100101710175120e-003 	1.4657549569774683e-002
5.6560000000000002e+002 	1.2680744974623310e-002 	1.0573803567742487e-003 	1.3738125331397556e-002
5.9119999999999993e+002 	1.1898168790940512e-002 	1.0082373501562882e-003 	1.2906406141096796e-002
6.1680000000000007e+002 	1.1189081993684886e-002 	9.6225592164621342e-004 	1.2151337915331097e-002
6.6800000000000000e+002 	9.9713515860090259e-003 	8.7873858178313664e-004 	1.0850090167792169e-002
7.1919999999999993e+002 	8.9086488633242436e-003 	8.0456726040625598e-004 	9.7132161237305000e-003
7.7039999999999998e+002 	8.0318505317003748e-003 	7.3860059700961032e-004 	8.7704511287099857e-003
8.2160000000000002e+002 	7.2848332855573912e-003 	6.7988615679446293e-004 	7.9647194423518534e-003
8.7280000000000007e+002 	6.6425447908974320e-003 	6.2747600171215816e-004 	7.2700207926095885e-003
9.2400000000000000e+002 	6.0856213017164117e-003 	5.8053642505047690e-004 	6.6661577267668869e-003
9.7519999999999993e+002 	5.5990107751086636e-003 	5.3836958724414396e-004 	6.1373803623528027e-003
1.0264000000000001e+003 	5.1708995041055972e-003 	5.0039429269781014e-004 	5.6712937968034071e-003
1.0775999999999999e+003 	4.7919136830781930e-003 	4.6612093007031535e-004 	5.2580346131485033e-003
1.1288000000000000e+003 	4.4545340384426115e-003 	4.3513109468451447e-004 	4.8896651331271244e-003
1.1800000000000000e+003 	4.1526664350999536e-003 	4.0706308433240715e-004 	4.5597295194323611e-003
1.2824000000000001e+003 	3.6420669124708209e-003 	3.5845559604807270e-004 	4.0005225085188939e-003
1.3848000000000000e+003 	3.2042519222334801e-003 	3.1784336086824826e-004 	3.5220952831017281e-003
1.4872000000000000e+003 	2.8496875401358398e-003 	2.8399532958449359e-004 	3.1336828697203327e-003
1.5895999999999999e+003 	2.5522188171152420e-003 	2.5578749825898940e-004 	2.8080063153742315e-003
1.6920000000000000e+003 	2.2999698043404604e-003 	2.3216087913808465e-004 	2.5321306834785451e-003
1.7944000000000001e+003 	2.0840212706844234e-003 	2.1223477097932227e-004 	2.2962560416637454e-003
1.8968000000000000e+003 	1.8976054314446148e-003 	1.9531256507261978e-004 	2.0929179965172343e-003
1.9992000000000000e+003 	1.7355120917940869e-003 	1.8084539112801375e-004 	1.9163574829221004e-003
2.1015999999999999e+003 	1.5936679977776671e-003 	1.6839612279943711e-004 	1.7620641205771032e-003
2.2040000000000000e+003 	1.4688417362915614e-003 	1.5761314143819145e-004 	1.6264548777297531e-003
2.3064000000000001e+003 	1.3584355259741237e-003 	1.4821185837108483e-004 	1.5066473843452083e-003
2.5112000000000003e+003 	1.1745959449069642e-003 	1.3266657819873816e-004 	1.3072625231057022e-003
2.7160000000000000e+003 	1.0204332485426620e-003 	1.2012801962745290e-004 	1.1405612681701146e-003
2.9207999999999997e+003 	8.9859139318142255e-004 	1.1001314451705779e-004 	1.0086045376984803e-003
3.1255999999999999e+003 	7.9872275036203843e-004 	1.0173902592172745e-004 	9.0046177628376597e-004
3.3304000000000001e+003 	7.1590659899111440e-004 	9.4803293019414403e-005 	8.1070989201052865e-004
3.5352000000000003e+003 	6.4647800019178954e-004 	8.8853221209197632e-005 	7.3533122140098726e-004
3.7400000000000000e+003 	5.8768596091459779e-004 	8.3653423466373465e-005 	6.7133938438097124e-004
3.9447999999999997e+003 	5.3744122293919764e-004 	7.9042904117024038e-005 	6.1648412705622171e-004
4.1496000000000004e+003 	4.9413702980327483e-004 	7.4907133929232972e-005 	5.6904416373250769e-004
4.3543999999999996e+003 	4.5652273577674634e-004 	7.1162039855867868e-005 	5.2768477563261418e-004
4.5591999999999998e+003 	4.2361410190966560e-004 	6.7744416594505915e-005 	4.9135851850417168e-004
4.7640000000000000e+003 	3.9462881569793200e-004 	6.4605756684477035e-005 	4.5923457238240898e-004
4.9688000000000002e+003 	3.6893945735715599e-004 	6.1708095217537752e-005 	4.3064755257469372e-004
5.3783999999999996e+003 	3.2597710881175336e-004 	5.6566500599723031e-005 	3.8254360941147620e-004
5.7880000000000000e+003 	2.8947731952916268e-004 	5.1966642852305788e-005 	3.4144396238146849e-004
6.1976000000000004e+003 	2.6022336994345740e-004 	4.7943339944667534e-005 	3.0816670988812486e-004
6.6071999999999998e+003 	2.3578927601893034e-004 	4.4402402764217735e-005 	2.8019167878314796e-004
7.0168000000000002e+003 	2.1508245349694506e-004 	4.1246882633672724e-005 	2.5632933613061777e-004
7.4264000000000005e+003 	1.9730781815069864e-004 	3.8411213300219178e-005 	2.3571903145091786e-004
7.8360000000000000e+003 	1.8188085205738847e-004 	3.5848981378880382e-005 	2.1772983343626881e-004
8.2456000000000004e+003 	1.6836485030767578e-004 	3.3523585396632052e-005 	2.0188843570430784e-004
8.6552000000000007e+003 	1.5642751599570756e-004 	3.1404692417084606e-005 	1.8783220841279223e-004
9.0647999999999993e+003 	1.4581132907085390e-004 	2.9466819095415320e-005 	1.7527814816626920e-004
9.4743999999999996e+003 	1.3631326483893807e-004 	2.7688446598488185e-005 	1.6400171143742624e-004
1.0293600000000000e+004 	1.2031379264156919e-004 	2.4558691943873504e-005 	1.4487248458544270e-004
1.1112799999999999e+004 	1.0640579000843077e-004 	2.1809395783248921e-005 	1.2821518579167961e-004
1.1932000000000000e+004 	9.5174673822838869e-005 	1.9460513664942046e-005 	1.1463518748778089e-004
1.2751200000000001e+004 	8.5716695981322193e-005 	1.7428450208232663e-005 	1.0314514618955486e-004
1.3570400000000000e+004 	7.7663749362249002e-005 	1.5649569383116070e-005 	9.3313318745365083e-005
1.4389600000000000e+004 	7.0740077901136066e-005 	1.4082674870356163e-005 	8.4822752771492190e-005
1.5208799999999999e+004 	6.4736465426723459e-005 	1.2696760174133171e-005 	7.7433225600856642e-005
1.6027999999999998e+004 	5.9491647308692470e-005 	1.1466627485687532e-005 	7.0958274794379994e-005
1.6847200000000001e+004 	5.4879349512352736e-005 	1.0371466309862024e-005 	6.5250815822214729e-005
1.7666399999999998e+004 	5.0799270835612712e-005 	9.3939645717824303e-006 	6.0193235407395127e-005
1.8485600000000002e+004 	4.7170731080242322e-005 	8.5195839151136497e-006 	5.5690314995355954e-005
2.0124000000000000e+004 	4.1127779517570428e-005 	7.0348438642986332e-006 	4.8162623381869058e-005
2.1762399999999998e+004 	3.5912919054210913e-005 	5.8059345550027942e-006 	4.1718853609213705e-005
2.3400799999999999e+004 	3.1772972738469675e-005 	4.8237270691851825e-006 	3.6596699807654852e-005
2.5039200000000001e+004 	2.8333098853263643e-005 	4.0273019154005083e-006 	3.2360400768664147e-005
2.6677600000000002e+004 	2.5441489336233930e-005 	3.3768973981195103e-006 	2.8818386734353455e-005
2.8316000000000000e+004 	2.2985076773184480e-005 	2.8443171327119565e-006 	2.5829393905896443e-005
-750 0
-7.5000000000000000e+002 0.0000000000000000e+000 0.0000000000000000e+000
1
1 1 1 1
1
         t, ms                         dVp, mV                         dVs, mV                         dV, mV
5.0000000000000000e-001 	2.9778777829741608e-002 	3.4744284345515500e-003 	3.3253206264293150e-002
5.9999999999999998e-001 	2.9822024013099462e-002 	3.4744290811626654e-003 	3.3296453094262116e-002
6.9999999999999996e-001 	2.9850451038476489e-002 	3.4744302065066908e-003 	3.3324881244983180e-002
8.0000000000000004e-001 	2.9872836331898481e-002 	3.4744314506220796e-003 	3.3347267782520562e-002
9.0000000000000002e-001 	2.9891773685178792e-002 	3.4744325791661642e-003 	3.3366206264344965e-002
1.0000000000000000e+000 	2.9908259183563005e-002 	3.4744334637821571e-003 	3.3382692647345169e-002
1.1000000000000001e+000 	2.9922822084675130e-002 	3.4744340549108413e-003 	3.3397256139585982e-002
1.2000000000000000e+000 	2.9935815254334808e-002 	3.4744343575103835e-003 	3.3410249611845209e-002
1.3000000000000000e+000 	2.9947500604848347e-002 	3.4744344111852492e-003 	3.3421935016033598e-002
1.3999999999999999e+000 	2.9958081673287222e-002 	3.4744342744642011e-003 	3.3432515947751415e-002
1.6000000000000001e+000 	3.0309774361488892e-002 	3.4744337622423173e-003 	3.3784208123731216e-002
1.8000000000000000e+000 	2.9992433283049048e-002 	3.4744331992218637e-003 	3.3466866482270902e-002
2.0000000000000000e+000 	3.0005932052139240e-002 	3.4744328780120411e-003 	3.3480364930151288e-002
2.2000000000000002e+000 	3.0017669441383989e-002 	3.4744329570203600e-003 	3.3492102398404347e-002
2.3999999999999999e+000 	3.0027999937138346e-002 	3.4744334708415705e-003 	3.3502433407979919e-002
2.6000000000000001e+000 	3.0037187131382623e-002 	3.4744343594209407e-003 	3.3511621490803563e-002
2.7999999999999998e+000 	3.0045430003935860e-002 	3.4744355032503994e-003 	3.3519865507186261e-002
3.0000000000000000e+000 	3.0052881603940051e-002 	3.4744367539643111e-003 	3.3527318357904352e-002
3.2000000000000002e+000 	3.0059661863119227e-002 	3.4744379564304296e-003 	3.3534099819549662e-002
3.3999999999999999e+000 	3.0065866354826574e-002 	3.4744389622677601e-003 	3.3540305317094336e-002
3.6000000000000001e+000 	3.0071572362510048e-002 	3.4744396371474591e-003 	3.3546011999657503e-002
4.0000000000000000e+000 	3.0203702218820207e-002 	3.4744394452212832e-003 	3.3678141664041490e-002
4.4000000000000004e+000 	3.0090641191460592e-002 	3.4744369173520251e-003 	3.3565078108812617e-002
4.7999999999999998e+000 	3.0098396018530392e-002 	3.4744317134279873e-003 	3.3572827731958368e-002
5.2000000000000002e+000 	3.0105281246514265e-002 	3.4744239344389493e-003 	3.3579705180953212e-002
5.5999999999999996e+000 	3.0111482264924071e-002 	3.4744138521446161e-003 	3.3585896117068692e-002
6.0000000000000000e+000 	3.0117154741492045e-002 	3.4744018969044646e-003 	3.3591556638396518e-002
6.4000000000000004e+000 	3.0122430372074335e-002 	3.4743885391230866e-003 	3.3596818911197424e-002
6.7999999999999998e+000 	3.0127419098037220e-002 	3.4743741587449739e-003 	3.3601793256782191e-002
7.2000000000000002e+000 	3.0132209531307446e-002 	3.4743589431104199e-003 	3.3606568474417856e-002
7.5999999999999996e+000 	3.0136869098691763e-002 	3.4743428225702459e-003 	3.3611211921262006e-002
8.0000000000000000e+000 	3.0141444793757188e-002 	3.4743254423446022e-003 	3.3615770236101787e-002
8.8000000000000007e+000 	3.0217026328954594e-002 	3.4742826238194583e-003 	3.3691308952774057e-002
9.5999999999999996e+000 	3.0159201039687104e-002 	3.4742227105747097e-003 	3.3633423750261800e-002
1.0400000000000000e+001 	3.0167619312134901e-002 	3.4741354838562105e-003 	3.3641754795991102e-002
1.1199999999999999e+001 	3.0175517733733559e-002 	3.4740093135921541e-003 	3.3649527047325725e-002
1.2000000000000000e+001 	3.0182687982847494e-002 	3.4738323129062656e-003 	3.3656520295753757e-002
1.2800000000000001e+001 	3.0188925811829328e-002 	3.4735932585700522e-003 	3.3662519070399376e-002
1.3600000000000000e+001 	3.0194052699062029e-002 	3.4732823576819004e-003 	3.3667335056743936e-002
1.4400000000000000e+001 	3.0197926391363296e-002 	3.4728917909888123e-003 	3.3670818182352111e-002
1.5199999999999999e+001 	3.0200443506732396e-002 	3.4724160272928163e-003 	3.3672859534025198e-002
1.6000000000000000e+001 	3.0201537309383204e-002 	3.4718519171463118e-003 	3.3673389226529508e-002
1.6800000000000001e+001 	3.0201173056660473e-002 	3.4711985911056406e-003 	3.3672371647766118e-002
1.7600000000000001e+001 	3.0199342509409297e-002 	3.4704572020669887e-003 	3.3669799711476288e-002
1.8399999999999999e+001 	3.0196058535600315e-002 	3.4696305575813596e-003 	3.3665689093181676e-002
2.0000000000000000e+001 	3.0222014075316616e-002 	3.4677447267339868e-003 	3.3689758802050586e-002
2.1600000000000001e+001 	3.0169308809636846e-002 	3.4655741998663950e-003 	3.3634883009503243e-002
2.3199999999999999e+001 	3.0148447587028841e-002 	3.4631509491703377e-003 	3.3611598536199161e-002
2.4800000000000001e+001 	3.0123215919046764e-002 	3.4604975413651093e-003 	3.3583713460411870e-002
2.6399999999999999e+001 	3.0094099247000811e-002 	3.4576216895211573e-003 	3.3551720936521957e-002
2.8000000000000000e+001 	3.0061567695707225e-002 	3.4545135649742876e-003 	3.3516081260681514e-002
2.9600000000000001e+001 	3.0026060454904541e-002 	3.4511457943468249e-003 	3.3477206249251358e-002
3.1199999999999999e+001 	2.9987976687651130e-002 	3.4474754531895295e-003 	3.3435452140840649e-002
3.2800000000000004e+001 	2.9947671036090459e-002 	3.4434473786432445e-003 	3.3391118414733696e-002
3.4399999999999999e+001 	2.9905452271092151e-002 	3.4389981271092159e-003 	3.3344450398201358e-002
3.6000000000000000e+001 	2.9861584058564559e-002 	3.4340600443365766e-003 	3.3295644102901145e-002
3.7600000000000001e+001 	2.9816287129573772e-002 	3.4285650747550222e-003 	3.3244852204328802e-002
4.0800000000000004e+001 	2.9737261903631518e-002 	3.4155827609877150e-003 	3.3152844664619235e-002
4.4000000000000000e+001 	2.9624133857244165e-002 	3.3996987170366640e-003 	3.3023832574280827e-002
4.7199999999999996e+001 	2.9522502478383929e-002 	3.3806457456929352e-003 	3.2903148224076861e-002
5.0399999999999999e+001 	2.9417635088028221e-002 	3.3582843767786183e-003 	3.2775919464806846e-002
5.3600000000000001e+001 	2.9309601936791812e-002 	3.3326094761349308e-003 	3.2642211412926739e-002
5.6800000000000004e+001 	2.9198328807018836e-002 	3.3037377368086785e-003 	3.2502066543827521e-002
6.0000000000000000e+001 	2.9083659470263593e-002 	3.2718853753118189e-003 	3.2355544845575408e-002
6.3200000000000003e+001 	2.8965405399698739e-002 	3.2373420947694265e-003 	3.2202747494468179e-002
6.6400000000000006e+001 	2.8843381911861019e-002 	3.2004453504404632e-003 	3.2043827262301476e-002
6.9599999999999994e+001 	2.8717432210348882e-002 	3.1615573527895573e-003 	3.1878989563138435e-002
7.2799999999999997e+001 	2.8587441592652578e-002 	3.1210460157079399e-003 	3.1708487608360529e-002
7.9200000000000003e+001 	2.8321733218813060e-002 	3.0369775453012583e-003 	3.1358710764114332e-002
8.5599999999999994e+001 	2.8026781192919938e-002 	2.9504096898544229e-003 	3.0977190882774380e-002
9.2000000000000000e+001 	2.7723011709829139e-002 	2.8633094611003477e-003 	3.0586321170929485e-002
9.8400000000000006e+001 	2.7405020525746331e-002 	2.7772583696675907e-003 	3.0182278895413920e-002
1.0480000000000001e+002 	2.7074282422932902e-002 	2.6934242917221983e-003 	2.9767706714655097e-002
1.1119999999999999e+002 	2.6732453923226374e-002 	2.6126006142856918e-003 	2.9345054537512079e-002
1.1759999999999999e+002 	2.6381261389162029e-002 	2.5352711780952959e-003 	2.8916532567257333e-002
1.2400000000000000e+002 	2.6022415839953208e-002 	2.4616797944466756e-003 	2.8484095634399888e-002
1.3039999999999998e+002 	2.5657554144730487e-002 	2.3918938407792327e-003 	2.8049447985509714e-002
1.3680000000000001e+002 	2.5288202494704908e-002 	2.3258575689592566e-003 	2.7614060063664170e-002
1.4319999999999999e+002 	2.4915756970372467e-002 	2.2634341923538203e-003 	2.7179191162726293e-002
1.5600000000000000e+002 	2.4176260918036263e-002 	2.1483706864895832e-003 	2.6324631604525854e-002
1.6880000000000001e+002 	2.3420709003782753e-002 	2.0451892089567974e-003 	2.5465898212739552e-002
1.8160000000000002e+002 	2.2680645928141643e-002 	1.9522821046739228e-003 	2.4632928032815561e-002
1.9439999999999998e+002 	2.1952540075369974e-002 	1.8681346858894553e-003 	2.3820674761259417e-002
2.0719999999999999e+002 	2.1240122271333498e-002 	1.7914106733684166e-003 	2.3031532944701918e-002
2.2000000000000000e+002 	2.0546102383850517e-002 	1.7209774260931218e-003 	2.2267079809943652e-002
2.3280000000000001e+002 	1.9872362959573689e-002 	1.6558975483131665e-003 	2.1528260507886851e-002
2.4560000000000002e+002 	1.9220133208029497e-002 	1.5954052268434798e-003 	2.0815538434872976e-002
2.5840000000000003e+002 	1.8590133691764800e-002 	1.5388783296091686e-003 	2.0129012021373967e-002
2.7119999999999999e+002 	1.7982692543262648e-002 	1.4858117124998979e-003 	1.9468504255762551e-002
2.8400000000000000e+002 	1.7397837345586510e-002 	1.4357939223073751e-003 	1.8833631267893888e-002
2.9680000000000001e+002 	1.6835367320348155e-002 	1.3884878611967262e-003 	1.8223855181544880e-002
3.0959999999999997e+002 	1.6294909967921337e-002 	1.3436152247171180e-003 	1.7638525192638463e-002
3.3519999999999999e+002 	1.5289048219675931e-002 	1.2600537026877516e-003 	1.6549101922363686e-002
3.6080000000000001e+002 	1.4339818448370433e-002 	1.1839147582897662e-003 	1.5523733206660204e-002
3.8640000000000003e+002 	1.3477743376114779e-002 	1.1141702313916598e-003 	1.4591913607506436e-002
4.1200000000000000e+002 	1.2685174941549901e-002 	1.0499884845027382e-003 	1.3735163426052641e-002
4.3759999999999997e+002 	1.1956411021462594e-002 	9.9070783075330010e-004 	1.2947118852215899e-002
4.6319999999999999e+002 	1.1285935782368363e-002 	9.3579590969135166e-004 	1.2221731692059720e-002
4.8880000000000001e+002 	1.0668539918720247e-002 	8.8481330252430728e-004 	1.1553353221244551e-002
5.1439999999999998e+002 	1.0099383972097425e-002 	8.3738814365654391e-004 	1.0936772115753970e-002
5.4000000000000000e+002 	9.5740232144753724e-003 	7.9319998444037944e-004 	1.0367223198915754e-002
5.6560000000000002e+002 	9.0884077867330309e-003 	7.5196914120252505e-004 	9.8403769279355544e-003
5.9119999999999993e+002 	8.6388677757565438e-003 	7.1344905287510046e-004 	9.3523168286316453e-003
6.1680000000000007e+002 	8.2220898219660561e-003 	6.7742052210050658e-004 	8.8995103440665628e-003
6.6800000000000000e+002 	7.4842020319794197e-003 	6.1186479604214989e-004 	8.0960668280215704e-003
7.1919999999999993e+002 	6.8208753111806079e-003 	5.5416280268335595e-004 	7.3750381138639647e-003
7.7039999999999998e+002 	6.2531424054233621e-003 	5.0324170884413300e-004 	6.7563841142674972e-003
8.2160000000000002e+002 	5.7554184499248743e-003 	4.5817888221866412e-004 	6.2135973321435388e-003
8.7280000000000007e+002 	5.3166590631740628e-003 	4.1820058349742434e-004 	5.7348596466714856e-003
9.2400000000000000e+002 	4.9278028125331799e-003 	3.8265081867790499e-004 	5.3104536312110857e-003
9.7519999999999993e+002 	4.5814206008609150e-003 	3.5096779388878841e-004 	4.9323883947497036e-003
1.0264000000000001e+003 	4.2714031019195240e-003 	3.2266989614993864e-004 	4.5940729980694641e-003
1.0775999999999999e+003 	3.9927021308990328e-003 	2.9734458344394957e-004 	4.2900467143429820e-003
1.1288000000000000e+003 	3.7411229990984198e-003 	2.7463786119178308e-004 	4.0157608602902038e-003
1.1800000000000000e+003 	3.5131597630968150e-003 	2.5424474750898899e-004 	3.7674045106058053e-003
1.2824000000000001e+003 	3.1213848944670114e-003 	2.1913028260713027e-004 	3.3405151770741414e-003
1.3848000000000000e+003 	2.7795876078737566e-003 	1.9053548841849513e-004 	2.9701230962922514e-003
1.4872000000000000e+003 	2.4972921589069392e-003 	1.6717138247161203e-004 	2.6644635413785511e-003
1.5895999999999999e+003 	2.2567044024233364e-003 	1.4801602887739014e-004 	2.4047204313007260e-003
1.6920000000000000e+003 	2.0498742533721637e-003 	1.3225649136695274e-004 	2.1821307447391159e-003
1.7944000000000001e+003 	1.8706679495888313e-003 	1.1923474871487554e-004 	1.9899026983037069e-003
1.8968000000000000e+003 	1.7143160069986289e-003 	1.0842026363685800e-004 	1.8227362706354864e-003
1.9992000000000000e+003 	1.5770660013006070e-003 	9.9389296230573430e-005 	1.6764552975311803e-003
2.1015999999999999e+003 	1.4559277607694911e-003 	9.1804379478154064e-005 	1.5477321402476451e-003
2.2040000000000000e+003 	1.3484888593662786e-003 	8.5395965816171591e-005 	1.4338848251824502e-003
2.3064000000000001e+003 	1.2527807303554402e-003 	7.9947763743142811e-005 	1.3327284940985830e-003
2.5112000000000003e+003 	1.0920234345366969e-003 	7.1141167765405519e-005 	1.1631646023021022e-003
2.7160000000000000e+003 	9.5579131588548899e-004 	6.4496713961875515e-005 	1.0202880298473649e-003
2.9207999999999997e+003 	8.4690817924897379e-004 	5.9364452498633638e-005 	9.0627263174760764e-004
3.1255999999999999e+003 	7.5682724561210645e-004 	5.5305545432751664e-005 	8.1213279104485779e-004
3.3304000000000001e+003 	6.8151481445808966e-004 	5.2003100102975208e-005 	7.3351791456106495e-004
3.5352000000000003e+003 	6.1792181644972587e-004 	4.9230953891838051e-005 	6.6715277034156382e-004
3.7400000000000000e+003 	5.6372826375634261e-004 	4.6836051112388190e-005 	6.1056431486873099e-004
3.9447999999999997e+003 	5.1715075937012057e-004 	4.4717463783791250e-005 	5.6186822315391156e-004
4.1496000000000004e+003 	4.7680308748011368e-004 	4.2808120348884925e-005 	5.1961120782899881e-004
4.3543999999999996e+003 	4.4159614652995678e-004 	4.1062444828788686e-005 	4.8265859135874557e-004
4.5591999999999998e+003 	4.1066576019278123e-004 	3.9448745655973997e-005 	4.5011450584875513e-004
4.7640000000000000e+003 	3.8332001972494410e-004 	3.7944515760095142e-005 	4.2126453548503909e-004
4.9688000000000002e+003 	3.5900037182953174e-004 	3.6533430072523246e-005 	3.9553380190205490e-004
5.3783999999999996e+003 	3.1815103608112243e-004 	3.3949596007031268e-005 	3.5210063208815378e-004
5.7880000000000000e+003 	2.8329225006782244e-004 	3.1605016316248523e-005 	3.1489726638407096e-004
6.1976000000000004e+003 	2.5520301721064764e-004 	2.9478317720680268e-005 	2.8468133493132785e-004
6.6071999999999998e+003 	2.3164608298945145e-004 	2.7549801795391481e-005 	2.5919588478484293e-004
7.0168000000000002e+003 	2.1161428655814415e-004 	2.5790408981389813e-005 	2.3740469553953388e-004
7.4264000000000005e+003 	1.9436973041608461e-004 	2.4176083439854046e-005 	2.1854581385593873e-004
7.8360000000000000e+003 	1.7936652966171361e-004 	2.2689612344565911e-005 	2.0205614200627953e-004
8.2456000000000004e+003 	1.6619455371512579e-004 	2.1317532134971835e-005 	1.8751208585009770e-004
8.6552000000000007e+003 	1.5454019674261866e-004 	2.0048277002367568e-005 	1.7458847374498624e-004
9.0647999999999993e+003 	1.4415939352093490e-004 	1.8871608044048758e-005 	1.6303100156498366e-004
9.4743999999999996e+003 	1.3485902139782945e-004 	1.7778453867364514e-005 	1.5263747526519404e-004
1.0293600000000000e+004 	1.1916310062998671e-004 	1.5811082981088053e-005 	1.3497418361107475e-004
1.1112799999999999e+004 	1.0550067929956254e-004 	1.4077194990744811e-005 	1.1957787429030738e-004
1.1932000000000000e+004 	9.4443240622247852e-005 	1.2560000660948362e-005 	1.0700324128319621e-004
1.2751200000000001e+004 	8.5117331666051426e-005 	1.1226850029468697e-005 	9.6344181695520145e-005
1.3570400000000000e+004 	7.7166655536648442e-005 	1.0046256190001513e-005 	8.7212911726649911e-005
1.4389600000000000e+004 	7.0323490314936341e-005 	8.9959354498467558e-006 	7.9319425764783080e-005
1.5208799999999999e+004 	6.4384164345246165e-005 	8.0591346752133034e-006 	7.2443299020459487e-005
1.6027999999999998e+004 	5.9191318830690835e-005 	7.2220253290037476e-006 	6.6413344159694588e-005
1.6847200000000001e+004 	5.4621491842697996e-005 	6.4728492502167903e-006 	6.1094341092914758e-005
1.7666399999999998e+004 	5.0576448541653145e-005 	5.8015402958619217e-006 	5.6377988837515063e-005
1.8485600000000002e+004 	4.6977054640968082e-005 	5.1994239825547156e-006 	5.2176478623522783e-005
2.0124000000000000e+004 	4.0978017035874671e-005 	4.1683529490141709e-006 	4.5146369984888820e-005
2.1762399999999998e+004 	3.5798385260859014e-005 	3.3283100682155208e-006 	3.9126695329074522e-005
2.3400799999999999e+004 	3.1682578259015689e-005 	2.6542112352559997e-006 	3.4336789494271693e-005
2.5039200000000001e+004 	2.8260630266536932e-005 	2.1113089831016326e-006 	3.0371939249638553e-005
2.6677600000000002e+004 	2.5382589199971204e-005 	1.6727777169398292e-006 	2.7055366916911026e-005
2.8316000000000000e+004 	2.2936632357118659e-005 	1.3187230605551312e-006 	2.4255355417673778e-005
