-2300 0
-2.3000000000000000e+003 0.0000000000000000e+000 0.0000000000000000e+000
1
1 1 1 1
1
         t, ms                         dVp, mV                         dVs, mV                         dV, mV
5.0000000000000000e-001 	1.3769920912653319e-001 	-3.4946881647945380e-003 	1.3420452096173871e-001
5.9999999999999998e-001 	1.3787825850265062e-001 	-3.4939211455375968e-003 	1.3438433735711303e-001
6.9999999999999996e-001 	1.3799595432713008e-001 	-3.4939787611251928e-003 	1.3450197556600488e-001
8.0000000000000004e-001 	1.3808863565248539e-001 	-3.4945635454151076e-003 	1.3459407210707033e-001
9.0000000000000002e-001 	1.3816704122713561e-001 	-3.4954243615911143e-003 	1.3467161686554444e-001
1.0000000000000000e+000 	1.3823529517360200e-001 	-3.4963729605811929e-003 	1.3473892221302072e-001
1.1000000000000001e+000 	1.3829558884805770e-001 	-3.4972785833037399e-003 	1.3479831026475392e-001
1.2000000000000000e+000 	1.3834938327918486e-001 	-3.4980577101251988e-003 	1.3485132556905971e-001
1.3000000000000000e+000 	1.3839776290739678e-001 	-3.4986637778943487e-003 	1.3489909912950246e-001
1.3999999999999999e+000 	1.3844157045676980e-001 	-3.4990778545491508e-003 	1.3494249260222069e-001
1.6000000000000001e+000 	1.3989755019818598e-001 	-3.4993718422859157e-003 	1.3639817835590004e-001
1.8000000000000000e+000 	1.3858379153178463e-001 	-3.4990717667402055e-003 	1.3508471976504449e-001
2.0000000000000000e+000 	1.3863967815284303e-001 	-3.4983676292269987e-003 	1.3514131052361594e-001
2.2000000000000002e+000 	1.3868827223113972e-001 	-3.4974560346662268e-003 	1.3519081619647338e-001
2.3999999999999999e+000 	1.3873104144821699e-001 	-3.4965165119612319e-003 	1.3523452493625579e-001
2.6000000000000001e+000 	1.3876907715091427e-001 	-3.4956950744056653e-003 	1.3527338207650866e-001
2.7999999999999998e+000 	1.3880320316912909e-001 	-3.4950989999285548e-003 	1.3530810416920047e-001
3.0000000000000000e+000 	1.3883405316390057e-001 	-3.4947984001155782e-003 	1.3533925476378500e-001
3.2000000000000002e+000 	1.3886212368297768e-001 	-3.4948315965039269e-003 	1.3536729208647372e-001
3.3999999999999999e+000 	1.3888781042267198e-001 	-3.4952120328276886e-003 	1.3539259838984422e-001
3.6000000000000001e+000 	1.3891143335596151e-001 	-3.4959351772605183e-003 	1.3541549817870099e-001
4.0000000000000000e+000 	1.3945843954760281e-001 	-3.4982931948086050e-003 	1.3596014635279413e-001
4.4000000000000004e+000 	1.3899037803179046e-001 	-3.5018188443687675e-003 	1.3548855918742170e-001
4.7999999999999998e+000 	1.3902248247566037e-001 	-3.5061018016400432e-003 	1.3551638067402030e-001
5.2000000000000002e+000 	1.3905098587267156e-001 	-3.5111010885142974e-003 	1.3553988478415732e-001
5.5999999999999996e+000 	1.3907665421686233e-001 	-3.5166347085110782e-003 	1.3556001950835131e-001
6.0000000000000000e+000 	1.3910012894303439e-001 	-3.5225116005291467e-003 	1.3557761734250520e-001
6.4000000000000004e+000 	1.3912195005230202e-001 	-3.5285720755477844e-003 	1.3559337797675430e-001
6.7999999999999998e+000 	1.3914256461392535e-001 	-3.5346867242294663e-003 	1.3560787788969589e-001
7.2000000000000002e+000 	1.3916232791837507e-001 	-3.5407475021790990e-003 	1.3562158041619599e-001
7.5999999999999996e+000 	1.3918150362324427e-001 	-3.5466620482587558e-003 	1.3563484157498548e-001
8.0000000000000000e+000 	1.3920026660612869e-001 	-3.5523517127691606e-003 	1.3564791489335956e-001
8.8000000000000007e+000 	1.3951242522536120e-001 	-3.5627562140578086e-003 	1.3594966901130334e-001
9.5999999999999996e+000 	1.3927175123626861e-001 	-3.5717015244021151e-003 	1.3570004971186650e-001
1.0400000000000000e+001 	1.3930436861618981e-001 	-3.5790677935874098e-003 	1.3572530082260237e-001
1.1199999999999999e+001 	1.3933361134116712e-001 	-3.5847995166886013e-003 	1.3574881182447857e-001
1.2000000000000000e+001 	1.3935827953749239e-001 	-3.5889978450313856e-003 	1.3576928169246094e-001
1.2800000000000001e+001 	1.3937717955791654e-001 	-3.5917914656401506e-003 	1.3578538809227636e-001
1.3600000000000000e+001 	1.3938922167356510e-001 	-3.5933128187550967e-003 	1.3579590885481008e-001
1.4400000000000000e+001 	1.3939346860463739e-001 	-3.5936809915820900e-003 	1.3579978761305533e-001
1.5199999999999999e+001 	1.3938914866909594e-001 	-3.5929854246362107e-003 	1.3579616324445967e-001
1.6000000000000000e+001 	1.3937564733372387e-001 	-3.5912766165648877e-003 	1.3578437071715893e-001
1.6800000000000001e+001 	1.3935248797732119e-001 	-3.5885650874725207e-003 	1.3576392288984868e-001
1.7600000000000001e+001 	1.3931930914762228e-001 	-3.5848262717606961e-003 	1.3573448287586168e-001
1.8399999999999999e+001 	1.3927584259768783e-001 	-3.5800085595868178e-003 	1.3569583403810095e-001
2.0000000000000000e+001 	1.3930770253775618e-001 	-3.5666987840865041e-003 	1.3574100375366965e-001
2.1600000000000001e+001 	1.3899591727027594e-001 	-3.5482628398354815e-003 	1.3544765443044043e-001
2.3199999999999999e+001 	1.3879172014177948e-001 	-3.5241778549678880e-003 	1.3526754228681154e-001
2.4800000000000001e+001 	1.3854474858380092e-001 	-3.4940120707183326e-003 	1.3505073651308261e-001
2.6399999999999999e+001 	1.3825549109375054e-001 	-3.4576215426549402e-003 	1.3479786955109563e-001
2.8000000000000000e+001 	1.3792474410358521e-001 	-3.4149896132385461e-003 	1.3450975449034663e-001
2.9600000000000001e+001 	1.3755357419332501e-001 	-3.3663573091999980e-003 	1.3418721688412502e-001
3.1199999999999999e+001 	1.3714328437144288e-001 	-3.3121739321574487e-003 	1.3383111043928542e-001
3.2800000000000004e+001 	1.3669538091795391e-001 	-3.2530079129623091e-003 	1.3344237300499168e-001
3.4399999999999999e+001 	1.3621153919857557e-001 	-3.1894900500940150e-003 	1.3302204914848145e-001
3.6000000000000000e+001 	1.3569356856396012e-001 	-3.1222808765305771e-003 	1.3257128768742951e-001
3.7600000000000001e+001 	1.3514337736830906e-001 	-3.0520464458000788e-003 	1.3209133092250902e-001
4.0800000000000004e+001 	1.3401661336661252e-001 	-2.9058308769242865e-003 	1.3111078248968819e-001
4.4000000000000000e+001 	1.3266629565612659e-001 	-2.7549328305042720e-003 	1.2991136282562230e-001
4.7199999999999996e+001 	1.3128644287743968e-001 	-2.6028930120109298e-003 	1.2868354986542882e-001
5.0399999999999999e+001 	1.2983192452155312e-001 	-2.4525846519642654e-003 	1.2737933986958880e-001
5.3600000000000001e+001 	1.2831636417848527e-001 	-2.3061889246502403e-003 	1.2601017525383507e-001
5.6800000000000004e+001 	1.2675217096222724e-001 	-2.1652327732917817e-003 	1.2458693818893542e-001
6.0000000000000000e+001 	1.2515043174206372e-001 	-2.0306586088399974e-003 	1.2311977313322374e-001
6.3200000000000003e+001 	1.2352090723049601e-001 	-1.9029210869498264e-003 	1.2161798614354609e-001
6.6400000000000006e+001 	1.2187209240624348e-001 	-1.7821158524903762e-003 	1.2008997655375309e-001
6.9599999999999994e+001 	1.2021131377944906e-001 	-1.6680957132669959e-003 	1.1854321806618207e-001
7.2799999999999997e+001 	1.1854484424355027e-001 	-1.5605594710647070e-003 	1.1698428477248550e-001
7.9200000000000003e+001 	1.1525185570749276e-001 	-1.3627768049279633e-003 	1.1388907890256483e-001
8.5599999999999994e+001 	1.1192633069260396e-001 	-1.1858235537453240e-003 	1.1074050713885859e-001
9.2000000000000000e+001 	1.0868481584650320e-001 	-1.0267040960700885e-003 	1.0765811175043311e-001
9.8400000000000006e+001 	1.0551263737150306e-001 	-8.8264791955453361e-004 	1.0462998945194854e-001
1.0480000000000001e+002 	1.0242140184310693e-001 	-7.5133243731527368e-004 	1.0167006940579164e-001
1.1119999999999999e+002 	9.9418700739928020e-002 	-6.3094514262864874e-004 	9.8787755597299340e-002
1.1759999999999999e+002 	9.6509090234606507e-002 	-5.2010946195659477e-004 	9.5988980772649946e-002
1.2400000000000000e+002 	9.3694880993625385e-002 	-4.1777042695129466e-004 	9.3277110566674037e-002
1.3039999999999998e+002 	9.0976741668960637e-002 	-3.2310090171041439e-004 	9.0653640767250243e-002
1.3680000000000001e+002 	8.8354149947198382e-002 	-2.3543684506846226e-004 	8.8118713102129889e-002
1.4319999999999999e+002 	8.5825727205990257e-002 	-1.5423205830316042e-004 	8.5671495147687057e-002
1.5600000000000000e+002 	8.1092225655219591e-002 	-8.6876091417115116e-006 	8.1083538046077888e-002
1.6880000000000001e+002 	7.6599555425315755e-002 	1.1563678000558313e-004 	7.6715192205321303e-002
1.8160000000000002e+002 	7.2483849905264616e-002 	2.2109860417722849e-004 	7.2704948509441855e-002
1.9439999999999998e+002 	6.8669154033012769e-002 	3.1028936024984704e-004 	6.8979443393262632e-002
2.0719999999999999e+002 	6.5132219354351678e-002 	3.8528365742169585e-004 	6.5517503011773406e-002
2.2000000000000000e+002 	6.1850617973351361e-002 	4.4773678155996682e-004 	6.2298354754911328e-002
2.3280000000000001e+002 	5.8803199214490058e-002 	4.9912845194886347e-004 	5.9302327666438906e-002
2.4560000000000002e+002 	5.5970309549494321e-002 	5.4083199561486472e-004 	5.6511141545109195e-002
2.5840000000000003e+002 	5.3333861850904350e-002 	5.7409971916118374e-004 	5.3907961570065582e-002
2.7119999999999999e+002 	5.0877313896035246e-002 	6.0005029488315997e-004 	5.1477364190918411e-002
2.8400000000000000e+002 	4.8585595741153696e-002 	6.1967187939983900e-004 	4.9205267620553578e-002
2.9680000000000001e+002 	4.6445011110516216e-002 	6.3383296949498795e-004 	4.7078844080011208e-002
3.0959999999999997e+002 	4.4443128215189968e-002 	6.4329498776424115e-004 	4.5086423202954223e-002
3.3519999999999999e+002 	4.0853070909402031e-002 	6.5217884111425052e-004 	4.1505249750516275e-002
3.6080000000000001e+002 	3.7587271489549282e-002 	6.4822660104530989e-004 	3.8235498090594587e-002
3.8640000000000003e+002 	3.4746586483205978e-002 	6.3510426166157104e-004 	3.5381690744867557e-002
4.1200000000000000e+002 	3.2223786630278597e-002 	6.1607176802749375e-004 	3.2839858398306089e-002
4.3759999999999997e+002 	2.9973920481111131e-002 	5.9305626193797230e-004 	3.0566976743049108e-002
4.6319999999999999e+002 	2.7959269213974243e-002 	5.6737429714642676e-004 	2.8526643511120678e-002
4.8880000000000001e+002 	2.6148196935752845e-002 	5.4006522635085749e-004 	2.6688262162103699e-002
5.1439999999999998e+002 	2.4514099725045480e-002 	5.1194251610642142e-004 	2.5026042241151902e-002
5.4000000000000000e+002 	2.3034517377017463e-002 	4.8361816032740993e-004 	2.3518135537344883e-002
5.6560000000000002e+002 	2.1690404424681842e-002 	4.5553955359805328e-004 	2.2145943978279899e-002
5.9119999999999993e+002 	2.0465538087081164e-002 	4.2802674454240443e-004 	2.0893564831623565e-002
6.1680000000000007e+002 	1.9346038448570513e-002 	4.0130342010330657e-004 	1.9747341868673818e-002
6.6800000000000000e+002 	1.7400875817396147e-002 	3.5208312989118537e-004 	1.7752958947287324e-002
7.1919999999999993e+002 	1.5683557097532757e-002 	3.0549313178513955e-004 	1.5989050229317889e-002
7.7039999999999998e+002 	1.4245775867942487e-002 	2.6303563877298156e-004 	1.4508811506715473e-002
8.2160000000000002e+002 	1.3006486784245784e-002 	2.2529890803819303e-004 	1.3231785692283983e-002
8.7280000000000007e+002 	1.1929896440180939e-002 	1.9190194116656121e-004 	1.2121798381347495e-002
9.2400000000000000e+002 	1.0987802691727867e-002 	1.6237447831441351e-004 	1.1150177170042285e-002
9.7519999999999993e+002 	1.0157889486133212e-002 	1.3631916192115021e-004 	1.0294208648054359e-002
1.0264000000000001e+003 	9.4223574212589940e-003 	1.1338669136458344e-004 	9.5357441126235776e-003
1.0775999999999999e+003 	8.7668783517863228e-003 	9.3256839964407317e-005 	8.8601351917507263e-003
1.1288000000000000e+003 	8.1798105272398551e-003 	7.5634097769108159e-005 	8.2554446250089654e-003
1.1800000000000000e+003 	7.6516101549755399e-003 	6.0247885329818057e-005 	7.7118580403053600e-003
1.2824000000000001e+003 	6.7518608918597711e-003 	3.6210847228127248e-005 	6.7880717390879008e-003
1.3848000000000000e+003 	5.9743727350051682e-003 	1.6657198794907866e-005 	5.9910299338000782e-003
1.4872000000000000e+003 	5.3391147352927215e-003 	2.1134582403237842e-006 	5.3412281935330489e-003
1.5895999999999999e+003 	4.8023209213488138e-003 	-8.0780920014015664e-006 	4.7942428293474126e-003
1.6920000000000000e+003 	4.3442513429287734e-003 	-1.5013851110745299e-005 	4.3292374918180278e-003
1.7944000000000001e+003 	3.9499141980462223e-003 	-1.9545212727698507e-005 	3.9303689853185230e-003
1.8968000000000000e+003 	3.6078161955337140e-003 	-2.2277750189833502e-005 	3.5855384453438808e-003
1.9992000000000000e+003 	3.3090268518431928e-003 	-2.3660412971367779e-005 	3.2853664388718265e-003
2.1015999999999999e+003 	3.0465066534690532e-003 	-2.4039059946277317e-005 	3.0224675935227770e-003
2.2040000000000000e+003 	2.8146298675617767e-003 	-2.3683716506403955e-005 	2.7909461510553721e-003
2.3064000000000001e+003 	2.6088440739642170e-003 	-2.2804956875842258e-005 	2.5860391170883746e-003
2.5112000000000003e+003 	2.2647636189793300e-003 	-1.9394279579022738e-005 	2.2453693394003079e-003
2.7160000000000000e+003 	1.9747703583886649e-003 	-1.6700017822281729e-005 	1.9580703405663829e-003
2.9207999999999997e+003 	1.7443359469405107e-003 	-1.3664189577386157e-005 	1.7306717573631247e-003
3.1255999999999999e+003 	1.5546060689537885e-003 	-1.0504637841601854e-005 	1.5441014311121863e-003
3.3304000000000001e+003 	1.3966460683099986e-003 	-7.5760716720689501e-006 	1.3890699966379299e-003
3.5352000000000003e+003 	1.2637556791038884e-003 	-5.0198828078103420e-006 	1.2587357962960779e-003
3.7400000000000000e+003 	1.1508735502665610e-003 	-2.8554224988661326e-006 	1.1480181277676949e-003
3.9447999999999997e+003 	1.0541338683889988e-003 	-1.0569068915709372e-006 	1.0530769614974283e-003
4.1496000000000004e+003 	9.7054859961549116e-004 	4.1581239201795557e-007 	9.7096441200750954e-004
4.3543999999999996e+003 	8.9778161729105622e-004 	1.6061415325521076e-006 	8.9938775882360863e-004
4.5591999999999998e+003 	8.3398719918555836e-004 	2.5561396906023172e-006 	8.3654333887616045e-004
4.7640000000000000e+003 	7.7769315324563079e-004 	3.3043711409494007e-006 	7.8099752438657980e-004
4.9688000000000002e+003 	7.2771505311271841e-004 	3.8850049655931935e-006 	7.3160005807831169e-004
5.3783999999999996e+003 	6.4395106946160392e-004 	4.9853505429428282e-006 	6.4893642000454679e-004
5.7880000000000000e+003 	5.7262955676054160e-004 	5.1654649493548032e-006 	5.7779502170989656e-004
6.1976000000000004e+003 	5.1531269782639322e-004 	5.2498044337666847e-006 	5.2056250226015992e-004
6.6071999999999998e+003 	4.6734150444275224e-004 	5.2657470547108013e-006 	4.7260725149746293e-004
7.0168000000000002e+003 	4.2661815627019327e-004 	5.1961546050288083e-006 	4.3181431087522203e-004
7.4264000000000005e+003 	3.9161096098093548e-004 	5.0678340042730175e-006 	3.9667879498520860e-004
7.8360000000000000e+003 	3.6119038737259803e-004 	4.9104078512240371e-006 	3.6610079522382208e-004
8.2456000000000004e+003 	3.3451019986144716e-004 	4.7439331501025052e-006 	3.3925413301154973e-004
8.6552000000000007e+003 	3.1092491786460487e-004 	4.5803165798690652e-006 	3.1550523444447387e-004
9.0647999999999993e+003 	2.8993326012975999e-004 	4.4262468502316859e-006 	2.9435950697999174e-004
9.4743999999999996e+003 	2.7113930313606350e-004 	4.2852204953628177e-006 	2.7542452363142617e-004
1.0293600000000000e+004 	2.3945078981250353e-004 	4.1978572540065910e-006 	2.4364864706651003e-004
1.1112799999999999e+004 	2.1188593256378608e-004 	3.8685286524520696e-006 	2.1575446121623810e-004
1.1932000000000000e+004 	1.8960131586291849e-004 	3.7131825405897823e-006 	1.9331449840350828e-004
1.2751200000000001e+004 	1.7082042441621495e-004 	3.6320492857273375e-006 	1.7445247370194216e-004
1.3570400000000000e+004 	1.5481912162007861e-004 	3.5804164398550320e-006 	1.5839953805993362e-004
1.4389600000000000e+004 	1.4105411146491352e-004 	3.5498601707398700e-006 	1.4460397163565340e-004
1.5208799999999999e+004 	1.2911263174671112e-004 	3.5359941740355148e-006 	1.3264862592074662e-004
1.6027999999999998e+004 	1.1867614755764214e-004 	3.5340447419653189e-006 	1.2221019229960745e-004
1.6847200000000001e+004 	1.0949498668116080e-004 	3.5395865071170534e-006 	1.1303457318827785e-004
1.7666399999999998e+004 	1.0137065992643815e-004 	3.5489845067948838e-006 	1.0491964443323303e-004
1.8485600000000002e+004 	9.4143387865103923e-005 	3.5594219882650357e-006 	9.7702809853368971e-005
2.0124000000000000e+004 	8.2102395621863944e-005 	3.6362141958855627e-006 	8.5738609817749504e-005
2.1762399999999998e+004 	7.1708703184934135e-005 	3.5712313310841765e-006 	7.5279934516018316e-005
2.3400799999999999e+004 	6.3453497982478987e-005 	3.5541312352296966e-006 	6.7007629217708702e-005
2.5039200000000001e+004 	5.6592083172109746e-005 	3.5239228625803827e-006 	6.0116006034690127e-005
2.6677600000000002e+004 	5.0822740727682542e-005 	3.4726955157052491e-006 	5.4295436243387782e-005
2.8316000000000000e+004 	4.5920608784448777e-005 	3.4045991852547552e-006 	4.9325207969703524e-005
-2600 0
-2.6000000000000000e+003 0.0000000000000000e+000 0.0000000000000000e+000
1
1 1 1 1
1
         t, ms                         dVp, mV                         dVs, mV                         dV, mV
5.0000000000000000e-001 	1.1037266996812205e-001 	-6.0818632580069958e-003 	1.0429080671011505e-001
5.9999999999999998e-001 	1.1051154623532562e-001 	-6.0811848357430779e-003 	1.0443036139958255e-001
6.9999999999999996e-001 	1.1060283511041159e-001 	-6.0812341670797819e-003 	1.0452160094333188e-001
8.0000000000000004e-001 	1.1067472187519604e-001 	-6.0817487897542166e-003 	1.0459297308544180e-001
9.0000000000000002e-001 	1.1073553579454004e-001 	-6.0825070878243598e-003 	1.0465302870671567e-001
1.0000000000000000e+000 	1.1078847569296463e-001 	-6.0833429131773170e-003 	1.0470513277978735e-001
1.1000000000000001e+000 	1.1083524128383745e-001 	-6.0841408764454631e-003 	1.0475110040739197e-001
1.2000000000000000e+000 	1.1087696580889771e-001 	-6.0848273066349138e-003 	1.0479213850226278e-001
1.3000000000000000e+000 	1.1091449040961016e-001 	-6.0853611662941114e-003 	1.0482912924331603e-001
1.3999999999999999e+000 	1.1094846873927647e-001 	-6.0857258087688515e-003 	1.0486274293050760e-001
1.6000000000000001e+000 	1.1207774191597435e-001 	-6.0859845324357804e-003 	1.0599175738353855e-001
1.8000000000000000e+000 	1.1105877904265879e-001 	-6.0857203859200340e-003 	1.0497305865673878e-001
2.0000000000000000e+000 	1.1110212601824274e-001 	-6.0851005656864061e-003 	1.0501702545255634e-001
2.2000000000000002e+000 	1.1113981666739862e-001 	-6.0842982068877952e-003 	1.0505551846051085e-001
2.3999999999999999e+000 	1.1117298937621521e-001 	-6.0834710138826242e-003 	1.0508951836233257e-001
2.6000000000000001e+000 	1.1120249063099517e-001 	-6.0827470192576704e-003 	1.0511974361173750e-001
2.7999999999999998e+000 	1.1122895942173273e-001 	-6.0822201864470645e-003 	1.0514673923528568e-001
3.0000000000000000e+000 	1.1125288723604436e-001 	-6.0819519532400116e-003 	1.0517093528280436e-001
3.2000000000000002e+000 	1.1127465921231521e-001 	-6.0819760193836850e-003 	1.0519268319293147e-001
3.3999999999999999e+000 	1.1129458226505184e-001 	-6.0823044037300322e-003 	1.0521227786132180e-001
3.6000000000000001e+000 	1.1131290457554739e-001 	-6.0829334419153658e-003 	1.0522997113363207e-001
4.0000000000000000e+000 	1.1173716804408289e-001 	-6.0849938724593404e-003 	1.0565217417162351e-001
4.4000000000000004e+000 	1.1137413514133696e-001 	-6.0880728532060500e-003 	1.0528606228813092e-001
4.7999999999999998e+000 	1.1139903566468426e-001 	-6.0918323860078092e-003 	1.0530720327867646e-001
5.2000000000000002e+000 	1.1142114291460180e-001 	-6.0962195416281312e-003 	1.0532492337297369e-001
5.5999999999999996e+000 	1.1144105059388842e-001 	-6.1010739527408153e-003 	1.0533997664114760e-001
6.0000000000000000e+000 	1.1145925538195606e-001 	-6.1062308118895519e-003 	1.0535302457006647e-001
6.4000000000000004e+000 	1.1147617468719044e-001 	-6.1115523191181461e-003 	1.0536462236807229e-001
6.7999999999999998e+000 	1.1149215305376547e-001 	-6.1169267864837461e-003 	1.0537522626728173e-001
7.2000000000000002e+000 	1.1150746288977270e-001 	-6.1222615519137876e-003 	1.0538520133785889e-001
7.5999999999999996e+000 	1.1152230445439254e-001 	-6.1274783146176735e-003 	1.0539482613977484e-001
8.0000000000000000e+000 	1.1153680799591260e-001 	-6.1325113312046984e-003 	1.0540429666470788e-001
8.8000000000000007e+000 	1.1177871814783372e-001 	-6.1417808920971786e-003 	1.0563693725573654e-001
9.5999999999999996e+000 	1.1159169724073836e-001 	-6.1498622861782988e-003 	1.0544183495456011e-001
1.0400000000000000e+001 	1.1161638152127899e-001 	-6.1566627539519688e-003 	1.0545971876732702e-001
1.1199999999999999e+001 	1.1163810940861893e-001 	-6.1621395690517264e-003 	1.0547596983956721e-001
1.2000000000000000e+001 	1.1165585416211998e-001 	-6.1663698803364536e-003 	1.0548948428178351e-001
1.2800000000000001e+001 	1.1166858932839148e-001 	-6.1694444821663863e-003 	1.0549914484622508e-001
1.3600000000000000e+001 	1.1167536662117473e-001 	-6.1714469408733937e-003 	1.0550391968030133e-001
1.4400000000000000e+001 	1.1167535497904175e-001 	-6.1724400241467787e-003 	1.0550291495489497e-001
1.5199999999999999e+001 	1.1166785166905242e-001 	-6.1724541712436182e-003 	1.0549539749780880e-001
1.6000000000000000e+001 	1.1165227634815320e-001 	-6.1714823820344629e-003 	1.0548079396611880e-001
1.6800000000000001e+001 	1.1162815665836240e-001 	-6.1694820995512193e-003 	1.0545867455881118e-001
1.7600000000000001e+001 	1.1159511113969912e-001 	-6.1663818695002620e-003 	1.0542872927019886e-001
1.8399999999999999e+001 	1.1155283285069971e-001 	-6.1620902671959948e-003 	1.0539074258350370e-001
2.0000000000000000e+001 	1.1155576924605171e-001 	-6.1493586321193800e-003 	1.0540641061393234e-001
2.1600000000000001e+001 	1.1128683229315793e-001 	-6.1307456205084692e-003 	1.0515608667264943e-001
2.3199999999999999e+001 	1.1109425535524885e-001 	-6.1056577417523223e-003 	1.0498859761349653e-001
2.4800000000000001e+001 	1.1086131208152787e-001 	-6.0736610738547202e-003 	1.0478765100767315e-001
2.6399999999999999e+001 	1.1058800344870201e-001 	-6.0346327411087974e-003 	1.0455337070759320e-001
2.8000000000000000e+001 	1.1027469537397000e-001 	-5.9886228254667192e-003 	1.0428607254850319e-001
2.9600000000000001e+001 	1.0992209079300604e-001 	-5.9359363897230179e-003 	1.0398615440328307e-001
3.1199999999999999e+001 	1.0953119800343775e-001 	-5.8770763765574642e-003 	1.0365412162688023e-001
3.2800000000000004e+001 	1.0910329466061848e-001 	-5.8126581991250906e-003 	1.0329063646149338e-001
3.4399999999999999e+001 	1.0863988794102775e-001 	-5.7433527095460705e-003 	1.0289653523148166e-001
3.6000000000000000e+001 	1.0814267242484764e-001 	-5.6698512264868189e-003 	1.0247282119836081e-001
3.7600000000000001e+001 	1.0761348765763434e-001 	-5.5928401534105030e-003 	1.0202064750422379e-001
4.0800000000000004e+001 	1.0651538055543741e-001 	-5.4316484089462257e-003 	1.0108373214649122e-001
4.4000000000000000e+001 	1.0522293939996297e-001 	-5.2638330673413104e-003 	9.9959106332621686e-002
4.7199999999999996e+001 	1.0388841774442650e-001 	-5.0929260212153769e-003 	9.8795491723211115e-002
5.0399999999999999e+001 	1.0248128716039855e-001 	-4.9217913508157150e-003 	9.7559495809582772e-002
5.3600000000000001e+001 	1.0101579913965116e-001 	-4.7526161439802126e-003 	9.6263182995670923e-002
5.6800000000000004e+001 	9.9505001150505409e-002 	-4.5869689953837106e-003 	9.4918032155121734e-002
6.0000000000000000e+001 	9.7960578831308279e-002 	-4.4258851013993118e-003 	9.3534693729908955e-002
6.3200000000000003e+001 	9.6392819325363449e-002 	-4.2699667466930026e-003 	9.2122852578670450e-002
6.6400000000000006e+001 	9.4810653303755210e-002 	-4.1195007621472246e-003 	9.0691152541607992e-002
6.9599999999999994e+001 	9.3221744750661251e-002 	-3.9745598262073602e-003 	8.9247184924453868e-002
7.2799999999999997e+001 	9.1632606104810485e-002 	-3.8350779057384002e-003 	8.7797528199072106e-002
7.9200000000000003e+001 	8.8505429570245223e-002 	-3.5715627920784717e-003 	8.4933866778166764e-002
8.5599999999999994e+001 	8.5379469734402441e-002 	-3.3275293328515858e-003 	8.2051940401550810e-002
9.2000000000000000e+001 	8.2353343138294899e-002 	-3.1014135155333373e-003 	7.9251929622761577e-002
9.8400000000000006e+001 	7.9416763921893563e-002 	-2.8916336833183696e-003 	7.6525130238575198e-002
1.0480000000000001e+002 	7.6579583434206913e-002 	-2.6967586079552595e-003 	7.3882824826251650e-002
1.1119999999999999e+002 	7.3847401115505057e-002 	-2.5155752890773514e-003 	7.1331825826427733e-002
1.1759999999999999e+002 	7.1222689186105859e-002 	-2.3470572020507785e-003 	6.8875631984055080e-002
1.2400000000000000e+002 	6.8705688517758753e-002 	-2.1903052209515245e-003 	6.6515383296807243e-002
1.3039999999999998e+002 	6.6295083214960249e-002 	-2.0445058191775689e-003 	6.4250577395782701e-002
1.3680000000000001e+002 	6.3988494862794842e-002 	-1.9089092367572658e-003 	6.2079585626037562e-002
1.4319999999999999e+002 	6.1782839806481922e-002 	-1.7828179746785904e-003 	6.0000021831803314e-002
1.5600000000000000e+002 	5.7700330591785247e-002 	-1.5555828934875318e-003 	5.6144747698297741e-002
1.6880000000000001e+002 	5.3883634154818547e-002 	-1.3591554815407681e-003 	5.2524478673277766e-002
1.8160000000000002e+002 	5.0439581027143646e-002 	-1.1896505694788295e-003 	4.9249930457664792e-002
1.9439999999999998e+002 	4.7293026844972864e-002 	-1.0431104921389493e-003 	4.6249916352833896e-002
2.0719999999999999e+002 	4.4415771394685194e-002 	-9.1623305806393020e-004 	4.3499538336621256e-002
2.2000000000000000e+002 	4.1781646065935700e-002 	-8.0631060719484906e-004 	4.0975335458740846e-002
2.3280000000000001e+002 	3.9366750158909045e-002 	-7.1101353814624017e-004 	3.8655736620762805e-002
2.4560000000000002e+002 	3.7149470724845639e-002 	-6.2830580194359748e-004 	3.6521164922902041e-002
2.5840000000000003e+002 	3.5110384121202050e-002 	-5.5642442536180516e-004 	3.4553959695840235e-002
2.7119999999999999e+002 	3.3232098856613615e-002 	-4.9385805251779612e-004 	3.2738240804095806e-002
2.8400000000000000e+002 	3.1499074966713649e-002 	-4.3931667204619786e-004 	3.1059758294667447e-002
2.9680000000000001e+002 	2.9897439965791747e-002 	-3.9169989014010710e-004 	2.9505740075651633e-002
3.0959999999999997e+002 	2.8414812165685685e-002 	-3.5006819717941574e-004 	2.8064743968506271e-002
3.3519999999999999e+002 	2.5794564911092395e-002 	-2.8022299208280913e-004 	2.5514341919009587e-002
3.6080000000000001e+002 	2.3446904653752678e-002 	-2.2692430898274104e-004 	2.3219980344769936e-002
3.8640000000000003e+002 	2.1443115768438898e-002 	-1.8616700187096131e-004 	2.1256948766567939e-002
4.1200000000000000e+002 	1.9691838784616597e-002 	-1.5452364798790557e-004 	1.9537315136628697e-002
4.3759999999999997e+002 	1.8153012806261339e-002 	-1.2982908129978627e-004 	1.8023183724961572e-002
4.6319999999999999e+002 	1.6793801730456824e-002 	-1.1055683255343931e-004 	1.6683244897903383e-002
4.8880000000000001e+002 	1.5587283771228724e-002 	-9.5511956082743453e-005 	1.5491771815145980e-002
5.1439999999999998e+002 	1.4511304611553767e-002 	-8.3755843694129100e-005 	1.4427548767859637e-002
5.4000000000000000e+002 	1.3547539398757328e-002 	-7.4562372201963554e-005 	1.3472977026555364e-002
5.6560000000000002e+002 	1.2680744974623313e-002 	-6.7372742345293992e-005 	1.2613372232278014e-002
5.9119999999999993e+002 	1.1898168790940834e-002 	-6.1755867132306058e-005 	1.1836412923808529e-002
6.1680000000000007e+002 	1.1189081993685126e-002 	-5.7377363935985965e-005 	1.1131704629749139e-002
6.6800000000000000e+002 	9.9713515860089513e-003 	-5.0320208945880108e-005 	9.9210313770630738e-003
7.1919999999999993e+002 	8.9086488633244466e-003 	-4.6885748937416108e-005 	8.8617631143870328e-003
7.7039999999999998e+002 	8.0318505317003158e-003 	-4.5266321126836592e-005 	7.9865842105734802e-003
8.2160000000000002e+002 	7.2848332855576384e-003 	-4.4398025474323311e-005 	7.2404352600833151e-003
8.7280000000000007e+002 	6.6425447908974554e-003 	-4.3969528823772524e-005 	6.5985752620736837e-003
9.2400000000000000e+002 	6.0856213017164091e-003 	-4.3817062541310181e-005 	6.0418042391751003e-003
9.7519999999999993e+002 	5.5990107751087044e-003 	-4.3804578507139900e-005 	5.5552061966015632e-003
1.0264000000000001e+003 	5.1708995041057524e-003 	-4.3828163143786859e-005 	5.1270713409619657e-003
1.0775999999999999e+003 	4.7919136830783119e-003 	-4.3817164595589543e-005 	4.7480965184827240e-003
1.1288000000000000e+003 	4.4545340384427590e-003 	-4.3727541948556849e-005 	4.4108064964942031e-003
1.1800000000000000e+003 	4.1526664350998730e-003 	-4.3534182039720172e-005 	4.1091322530601541e-003
1.2824000000000001e+003 	3.6420669124708929e-003 	-4.2086024758128548e-005 	3.5999808877127644e-003
1.3848000000000000e+003 	3.2042519222335291e-003 	-4.1240211508248143e-005 	3.1630117107252793e-003
1.4872000000000000e+003 	2.8496875401358727e-003 	-3.9994966566649008e-005 	2.8096925735692242e-003
1.5895999999999999e+003 	2.5522188171153253e-003 	-3.8190963349904784e-005 	2.5140278537654215e-003
1.6920000000000000e+003 	2.2999698043404738e-003 	-3.6038504047913735e-005 	2.2639313002925593e-003
1.7944000000000001e+003 	2.0840212706844351e-003 	-3.3700410218510080e-005 	2.0503208604659251e-003
1.8968000000000000e+003 	1.8976054314446466e-003 	-3.1273437771380551e-005 	1.8663319936732651e-003
1.9992000000000000e+003 	1.7355120917941192e-003 	-2.8821906230301979e-005 	1.7066901855638170e-003
2.1015999999999999e+003 	1.5936679977776754e-003 	-2.6394086595461818e-005 	1.5672739111822138e-003
2.2040000000000000e+003 	1.4688417362915883e-003 	-2.4027254683329685e-005 	1.4448144816082583e-003
2.3064000000000001e+003 	1.3584355259741671e-003 	-2.1749378814036605e-005 	1.3366861471601301e-003
2.5112000000000003e+003 	1.1745959449069683e-003 	-1.7104733315125231e-005 	1.1574912115918429e-003
2.7160000000000000e+003 	1.0204332485426624e-003 	-1.3680172325869155e-005 	1.0067530762167928e-003
2.9207999999999997e+003 	8.9859139318145562e-004 	-1.0662057288542010e-005 	8.8792933589291383e-004
3.1255999999999999e+003 	7.9872275036203886e-004 	-7.9904661199886099e-006 	7.9073228424205041e-004
3.3304000000000001e+003 	7.1590659899112795e-004 	-5.7289429952639953e-006 	7.1017765599586395e-004
3.5352000000000003e+003 	6.4647800019178726e-004 	-3.8659578947100040e-006 	6.4261204229707750e-004
3.7400000000000000e+003 	5.8768596091461677e-004 	-2.3524203025147867e-006 	5.8533354061210202e-004
3.9447999999999997e+003 	5.3744122293919320e-004 	-1.1337364752977371e-006 	5.3630748646389561e-004
4.1496000000000004e+003 	4.9413702980329293e-004 	-1.6012300830270495e-007 	4.9397690679499015e-004
4.3543999999999996e+003 	4.5652273577675702e-004 	6.1148492158677385e-007 	4.5713422069834387e-004
4.5591999999999998e+003 	4.2361410190966777e-004 	1.2176319499813725e-006 	4.2483173385964902e-004
4.7640000000000000e+003 	3.9462881569794685e-004 	1.6889760509056012e-006 	3.9631779174885255e-004
4.9688000000000002e+003 	3.6893945735716574e-004 	2.0510076160116188e-006 	3.7099046497317712e-004
5.3783999999999996e+003 	3.2597710881175662e-004 	2.7002894493548890e-006 	3.2867739826111168e-004
5.7880000000000000e+003 	2.8947731952916697e-004 	2.8353499944270182e-006 	2.9231266952359404e-004
6.1976000000000004e+003 	2.6022336994345951e-004 	2.8961914893453860e-006 	2.6311956143280490e-004
6.6071999999999998e+003 	2.3578927601893468e-004 	2.9076198525953984e-006 	2.3869689587153016e-004
7.0168000000000002e+003 	2.1508245349695170e-004 	2.8675714634543038e-006 	2.1795002496040604e-004
7.4264000000000005e+003 	1.9730781815070384e-004 	2.7936010024223301e-006 	2.0010141915312624e-004
7.8360000000000000e+003 	1.8188085205738896e-004 	2.7029907041409767e-006 	1.8458384276152999e-004
8.2456000000000004e+003 	1.6836485030767990e-004 	2.6071605555446392e-006 	1.7097201086322455e-004
8.6552000000000007e+003 	1.5642751599570967e-004 	2.5128198735174066e-006 	1.5894033586922709e-004
9.0647999999999993e+003 	1.4581132907085827e-004 	2.4237079950758701e-006 	1.4823503706593404e-004
9.4743999999999996e+003 	1.3631326483894097e-004 	2.3417663943516606e-006 	1.3865503123329260e-004
1.0293600000000000e+004 	1.2031379264157015e-004 	2.2785326784781340e-006 	1.2259232532004828e-004
1.1112799999999999e+004 	1.0640579000843432e-004 	2.0951382074497676e-006 	1.0850092821588409e-004
1.1932000000000000e+004 	9.5174673822840495e-005 	2.0018559226949433e-006 	9.7176529745535462e-005
1.2751200000000001e+004 	8.5716695981324375e-005 	1.9481493046609993e-006 	8.7664845285985392e-005
1.3570400000000000e+004 	7.7663749362251076e-005 	1.9110942383432468e-006 	7.9574843600594322e-005
1.4389600000000000e+004 	7.0740077901136961e-005 	1.8861236804625147e-006 	7.2626201581599454e-005
1.5208799999999999e+004 	6.4736465426725628e-005 	1.8707809899759345e-006 	6.6607246416701586e-005
1.6027999999999998e+004 	5.9491647308692443e-005 	1.8624642602608151e-006 	6.1354111568953250e-005
1.6847200000000001e+004 	5.4879349512354315e-005 	1.8587836144380627e-006 	5.6738133126792377e-005
1.7666399999999998e+004 	5.0799270835613010e-005 	1.8577764112709740e-006 	5.2657047246883984e-005
1.8485600000000002e+004 	4.7170731080243270e-005 	1.8579159289427701e-006 	4.9028647009186054e-005
2.0124000000000000e+004 	4.1127779517571621e-005 	1.8879387104864303e-006 	4.3015718228058042e-005
2.1762399999999998e+004 	3.5912919054211720e-005 	1.8480149343672308e-006 	3.7760933988578953e-005
2.3400799999999999e+004 	3.1772972738470285e-005 	1.8334100455183677e-006 	3.3606382783988659e-005
2.5039200000000001e+004 	2.8333098853264161e-005 	1.8132561063974362e-006 	3.0146354959661604e-005
2.6677600000000002e+004 	2.5441489336234370e-005 	1.7833065989062714e-006 	2.7224795935140634e-005
2.8316000000000000e+004 	2.2985076773184806e-005 	1.7454765274806428e-006 	2.4730553300665449e-005
-2000 0
-2.0000000000000000e+003 0.0000000000000000e+000 0.0000000000000000e+000
1
1 1 1 1
1
         t, ms                         dVp, mV                         dVs, mV                         dV, mV
5.0000000000000000e-001 	2.9778777829691776e-002 	2.2578861940081847e-003 	3.2036664023699965e-002
5.9999999999999998e-001 	2.9822024013029819e-002 	2.2579968523013059e-003 	3.2080020865331127e-002
6.9999999999999996e-001 	2.9850451038495488e-002 	2.2579868590754002e-003 	3.2108437897570882e-002
8.0000000000000004e-001 	2.9872836331744569e-002 	2.2578999208753320e-003 	3.2130736252619904e-002
9.0000000000000002e-001 	2.9891773685135889e-002 	2.2577728462373843e-003 	3.2149546531373287e-002
1.0000000000000000e+000 	2.9908259183701005e-002 	2.2576331662765028e-003 	3.2165892349977521e-002
1.1000000000000001e+000 	2.9922822084768319e-002 	2.2574999792694095e-003 	3.2180322064037717e-002
1.2000000000000000e+000 	2.9935815254022575e-002 	2.2573854682398876e-003 	3.2193200722262463e-002
1.3000000000000000e+000 	2.9947500604871904e-002 	2.2572964123488467e-003 	3.2204797017220746e-002
1.3999999999999999e+000 	2.9958081673300219e-002 	2.2572355572627518e-003 	3.2215317230562965e-002
1.6000000000000001e+000 	3.0309774361554909e-002 	2.2571922504334547e-003 	3.2566966611988352e-002
1.8000000000000000e+000 	2.9992433282943473e-002 	2.2572364029314462e-003 	3.2249669685874935e-002
2.0000000000000000e+000 	3.0005932052172307e-002 	2.2573398243034225e-003 	3.2263271876475715e-002
2.2000000000000002e+000 	3.0017669441414069e-002 	2.2574736429785457e-003 	3.2275143084392631e-002
2.3999999999999999e+000 	3.0027999937134196e-002 	2.2576112246573293e-003 	3.2285611161791530e-002
2.6000000000000001e+000 	3.0037187131392834e-002 	2.2577307662694610e-003 	3.2294917897662298e-002
2.7999999999999998e+000 	3.0045430003925330e-002 	2.2578162172229212e-003 	3.2303246221148267e-002
3.0000000000000000e+000 	3.0052881603928192e-002 	2.2578571789261498e-003 	3.2310738782854349e-002
3.2000000000000002e+000 	3.0059661863167601e-002 	2.2578481540731906e-003 	3.2317510017240779e-002
3.3999999999999999e+000 	3.0065866354861841e-002 	2.2577874955202991e-003 	3.2323653850382147e-002
3.6000000000000001e+000 	3.0071572362513364e-002 	2.2576763108991304e-003 	3.2329248673412483e-002
4.0000000000000000e+000 	3.0203702218801091e-002 	2.2573226497604295e-003 	3.2461024868561505e-002
4.4000000000000004e+000 	3.0090641191524711e-002 	2.2567926035681344e-003 	3.2347433795092841e-002
4.7999999999999998e+000 	3.0098396018476754e-002 	2.2561684999398974e-003 	3.2354564518416666e-002
5.2000000000000002e+000 	3.0105281246537240e-002 	2.2554401393473037e-003 	3.2360721385884549e-002
5.5999999999999996e+000 	3.0111482264849242e-002 	2.2546337051248498e-003 	3.2366115969974081e-002
6.0000000000000000e+000 	3.0117154741529206e-002 	2.2537799020245805e-003 	3.2370934643553777e-002
6.4000000000000004e+000 	3.0122430372059080e-002 	2.2529042153136255e-003 	3.2375334587372719e-002
6.7999999999999998e+000 	3.0127419098018960e-002 	2.2520271757731753e-003 	3.2379446273792120e-002
7.2000000000000002e+000 	3.0132209531318514e-002 	2.2511663948593221e-003 	3.2383375926177842e-002
7.5999999999999996e+000 	3.0136869098712955e-002 	2.2503377072995378e-003 	3.2387206806012502e-002
8.0000000000000000e+000 	3.0141444793756945e-002 	2.2495553876570040e-003 	3.2391000181413949e-002
8.8000000000000007e+000 	3.0217026328945747e-002 	2.2481889406076737e-003 	3.2465215269553427e-002
9.5999999999999996e+000 	3.0159201039702991e-002 	2.2471210941458365e-003 	3.2406322133848829e-002
1.0400000000000000e+001 	3.0167619312110594e-002 	2.2463789908045519e-003 	3.2413998302915151e-002
1.1199999999999999e+001 	3.0175517733753543e-002 	2.2459767017196557e-003 	3.2421494435473201e-002
1.2000000000000000e+001 	3.0182687982826820e-002 	2.2458909091064190e-003 	3.2428578891933228e-002
1.2800000000000001e+001 	3.0188925811835972e-002 	2.2460875521040672e-003 	3.2435013363940043e-002
1.3600000000000000e+001 	3.0194052699093477e-002 	2.2465251629322056e-003 	3.2440577862025678e-002
1.4400000000000000e+001 	3.0197926391334215e-002 	2.2471581501791529e-003 	3.2445084541513375e-002
1.5199999999999999e+001 	3.0200443506732760e-002 	2.2479409897993604e-003 	3.2448384496532111e-002
1.6000000000000000e+001 	3.0201537309399909e-002 	2.2488315496389934e-003 	3.2450368859038910e-002
1.6800000000000001e+001 	3.0201173056675922e-002 	2.2497929789366952e-003 	3.2450966035612608e-002
1.7600000000000001e+001 	3.0199342509409591e-002 	2.2507944366463211e-003 	3.2450136946055926e-002
1.8399999999999999e+001 	3.0196058535614842e-002 	2.2518110632055808e-003 	3.2447869598820421e-002
2.0000000000000000e+001 	3.0222014075310485e-002 	2.2538151627536818e-003 	3.2475829238064170e-002
2.1600000000000001e+001 	3.0169308809627017e-002 	2.2556898817729285e-003 	3.2424998691399941e-002
2.3199999999999999e+001 	3.0148447587031772e-002 	2.2573947714271806e-003 	3.2405842358458947e-002
2.4800000000000001e+001 	3.0123215919042177e-002 	2.2589272504989857e-003 	3.2382143169541154e-002
2.6399999999999999e+001 	3.0094099246982593e-002 	2.2602771600184943e-003 	3.2354376407001083e-002
2.8000000000000000e+001 	3.0061567695723913e-002 	2.2614594949248788e-003 	3.2323027190648800e-002
2.9600000000000001e+001 	3.0026060454900590e-002 	2.2624704201671783e-003 	3.2288530875067764e-002
3.1199999999999999e+001 	2.9987976687655838e-002 	2.2632866566192457e-003 	3.2251263344275097e-002
3.2800000000000004e+001 	2.9947671036101454e-002 	2.2638756818642112e-003 	3.2211546717965660e-002
3.4399999999999999e+001 	2.9905452271084751e-002 	2.2641999095005284e-003 	3.2169652180585283e-002
3.6000000000000000e+001 	2.9861584058567384e-002 	2.2642171602498414e-003 	3.2125801218817224e-002
3.7600000000000001e+001 	2.9816287129566556e-002 	2.2638812083237646e-003 	3.2080168337890319e-002
4.0800000000000004e+001 	2.9737261903636698e-002 	2.2618921206690660e-003 	3.1999154024305761e-002
4.4000000000000000e+001 	2.9624133857242069e-002 	2.2578868991306260e-003 	3.1882020756372705e-002
4.7199999999999996e+001 	2.9522502478377361e-002 	2.2516062220606860e-003 	3.1774108700438050e-002
5.0399999999999999e+001 	2.9417635088029196e-002 	2.2428645435617887e-003 	3.1660499631590996e-002
5.3600000000000001e+001 	2.9309601936798931e-002 	2.2315581594483545e-003 	3.1541160096247307e-002
5.6800000000000004e+001 	2.9198328807010877e-002 	2.2176723783838277e-003 	3.1416001185394705e-002
6.0000000000000000e+001 	2.9083659470264398e-002 	2.2012830082674627e-003 	3.1284942478531870e-002
6.3200000000000003e+001 	2.8965405399701168e-002 	2.1825479340045711e-003 	3.1147953333705736e-002
6.6400000000000006e+001 	2.8843381911860155e-002 	2.1616858255833447e-003 	3.1005067737443510e-002
6.9599999999999994e+001 	2.8717432210349884e-002 	2.1389538103058644e-003 	3.0856386020655747e-002
7.2799999999999997e+001 	2.8587441592650951e-002 	2.1146289217903753e-003 	3.0702070514441328e-002
7.9200000000000003e+001 	2.8321733218812331e-002 	2.0626581498209176e-003 	3.0384391368633246e-002
8.5599999999999994e+001 	2.8026781192921665e-002 	2.0075693568777486e-003 	3.0034350549799423e-002
9.2000000000000000e+001 	2.7723011709828764e-002 	1.9510588086830536e-003 	2.9674070518511817e-002
9.8400000000000006e+001 	2.7405020525746438e-002 	1.8945502850736481e-003 	2.9299570810820099e-002
1.0480000000000001e+002 	2.7074282422931958e-002 	1.8391324058916532e-003 	2.8913414828823619e-002
1.1119999999999999e+002 	2.6732453923225551e-002 	1.7855657843523613e-003 	2.8518019707577922e-002
1.1759999999999999e+002 	2.6381261389161935e-002 	1.7343317268447367e-003 	2.8115593116006674e-002
1.2400000000000000e+002 	2.6022415839952236e-002 	1.6856940106436118e-003 	2.7708109850595849e-002
1.3039999999999998e+002 	2.5657554144732555e-002 	1.6397558902193307e-003 	2.7297310034951887e-002
1.3680000000000001e+002 	2.5288202494704929e-002 	1.5965067199677503e-003 	2.6884709214672675e-002
1.4319999999999999e+002 	2.4915756970371766e-002 	1.5558585573410765e-003 	2.6471615527712843e-002
1.5600000000000000e+002 	2.4176260918036797e-002 	1.4815767966993628e-003 	2.5657837714736165e-002
1.6880000000000001e+002 	2.3420709003782732e-002 	1.4156446965085639e-003 	2.4836353700291289e-002
1.8160000000000002e+002 	2.2680645928142784e-002 	1.3567794188640030e-003 	2.4037425347006789e-002
1.9439999999999998e+002 	2.1952540075369949e-002 	1.3038218015519040e-003 	2.3256361876921854e-002
2.0719999999999999e+002 	2.1240122271335416e-002 	1.2557013870670214e-003 	2.2495823658402428e-002
2.2000000000000000e+002 	2.0546102383849980e-002 	1.2114848672990595e-003 	2.1757587251149027e-002
2.3280000000000001e+002 	1.9872362959575469e-002 	1.1704156148650390e-003 	2.1042778574440507e-002
2.4560000000000002e+002 	1.9220133208029212e-002 	1.1319049071601276e-003 	2.0352038115189347e-002
2.5840000000000003e+002 	1.8590133691764987e-002 	1.0955008438434011e-003 	1.9685634535608388e-002
2.7119999999999999e+002 	1.7982692543262221e-002 	1.0608575409794998e-003 	1.9043550084241724e-002
2.8400000000000000e+002 	1.7397837345586118e-002 	1.0277106559503731e-003 	1.8425548001536490e-002
2.9680000000000001e+002 	1.6835367320349050e-002 	9.9585859055373988e-004 	1.7831225910902797e-002
3.0959999999999997e+002 	1.6294909967921708e-002 	9.6514791003623535e-004 	1.7260057877957945e-002
3.3519999999999999e+002 	1.5289048219676440e-002 	9.0677663356261370e-004 	1.6195824853239053e-002
3.6080000000000001e+002 	1.4339818448370218e-002 	8.5172232251389576e-004 	1.5191540770884108e-002
3.8640000000000003e+002 	1.3477743376114938e-002 	7.9973441772579338e-004 	1.4277477793840728e-002
4.1200000000000000e+002 	1.2685174941549865e-002 	7.5071589736300855e-004 	1.3435890838912872e-002
4.3759999999999997e+002 	1.1956411021462793e-002 	7.0447419460760354e-004 	1.2660885216070398e-002
4.6319999999999999e+002 	1.1285935782368809e-002 	6.6083212846962348e-004 	1.1946767910838436e-002
4.8880000000000001e+002 	1.0668539918719994e-002 	6.1965941685909200e-004 	1.1288199335579093e-002
5.1439999999999998e+002 	1.0099383972097626e-002 	5.8085059892632157e-004 	1.0680234571023945e-002
5.4000000000000000e+002 	9.5740232144754193e-003 	5.4430696321232787e-004 	1.0118330177687750e-002
5.6560000000000002e+002 	9.0884077867333761e-003 	5.0992939524372848e-004 	9.5983371819771072e-003
5.9119999999999993e+002 	8.6388677757564345e-003 	4.7761684327324565e-004 	9.1164846190296828e-003
6.1680000000000007e+002 	8.2220898219661324e-003 	4.4726686993204858e-004 	8.6693566918981807e-003
6.6800000000000000e+002 	7.4842020319798195e-003 	3.9233797132826086e-004 	7.8765400033080808e-003
7.1919999999999993e+002 	6.8208753111806382e-003 	3.4346173989628572e-004 	7.1643370510769220e-003
7.7039999999999998e+002 	6.2531424054235209e-003 	3.0037314570077007e-004 	6.5535155511242922e-003
8.2160000000000002e+002 	5.7554184499249532e-003 	2.6262604952762751e-004 	6.0180444994525793e-003
8.7280000000000007e+002 	5.3166590631744236e-003 	2.2954828931028408e-004 	5.5462073524847064e-003
9.2400000000000000e+002 	4.9278028125332215e-003 	2.0052224730914052e-004 	5.1283250598423641e-003
9.7519999999999993e+002 	4.5814206008609575e-003 	1.7502828539354664e-004 	4.7564488862545046e-003
1.0264000000000001e+003 	4.2714031019193991e-003 	1.5262468769816081e-004 	4.4240277896175602e-003
1.0775999999999999e+003 	3.9927021308990840e-003 	1.3293018142081369e-004 	4.1256323123198954e-003
1.1288000000000000e+003 	3.7411229990983634e-003 	1.1561326836478133e-004 	3.8567362674631466e-003
1.1800000000000000e+003 	3.5131597630971719e-003 	1.0038503798624216e-004 	3.6135448010834147e-003
1.2824000000000001e+003 	3.1213848944669424e-003 	7.5500950610166449e-005 	3.1968858450771094e-003
1.3848000000000000e+003 	2.7795876078738316e-003 	5.5579243889449229e-005 	2.8351668517632837e-003
1.4872000000000000e+003 	2.4972921589069517e-003 	4.0175075561059079e-005 	2.5374672344680117e-003
1.5895999999999999e+003 	2.2567044024233776e-003 	2.8492356494379438e-005 	2.2851967589177565e-003
1.6920000000000000e+003 	2.0498742533722053e-003 	1.9660010341644911e-005 	2.0695342637138498e-003
1.7944000000000001e+003 	1.8706679495889330e-003 	1.3001073017349497e-005 	1.8836690226062829e-003
1.8968000000000000e+003 	1.7143160069985803e-003 	8.0157769753398953e-006 	1.7223317839739202e-003
1.9992000000000000e+003 	1.5770660013006603e-003 	4.3265476708240872e-006 	1.5813925489714848e-003
2.1015999999999999e+003 	1.4559277607694866e-003 	1.6413162245974664e-006 	1.4575690769940838e-003
2.2040000000000000e+003 	1.3484888593663564e-003 	-2.6832076051330537e-007 	1.3482205386058422e-003
2.3064000000000001e+003 	1.2527807303554126e-003 	-1.5815183967976804e-006 	1.2511992119586144e-003
2.5112000000000003e+003 	1.0920234345367197e-003 	-2.6776701107494861e-006 	1.0893457644259702e-003
2.7160000000000000e+003 	9.5579131588553171e-004 	-3.3090082716208875e-006 	9.5248230761391074e-004
2.9207999999999997e+003 	8.4690817924898247e-004 	-3.2191271941268635e-006 	8.4368905205485577e-004
3.1255999999999999e+003 	7.5682724561212781e-004 	-2.6780485595283437e-006 	7.5414919705259935e-004
3.3304000000000001e+003 	6.8151481445810223e-004 	-1.9716415810032876e-006 	6.7954317287709915e-004
3.5352000000000003e+003 	6.1792181644973964e-004 	-1.2490536137018521e-006 	6.1667276283603779e-004
3.7400000000000000e+003 	5.6372826375635811e-004 	-5.7602825280993340e-007 	5.6315223550354834e-004
3.9447999999999997e+003 	5.1715075937015754e-004 	2.0551835610342198e-008 	5.1717131120576772e-004
4.1496000000000004e+003 	4.7680308748012637e-004 	5.3243420719334996e-007 	4.7733552168731955e-004
4.3543999999999996e+003 	4.4159614652996789e-004 	9.6096077126163100e-007 	4.4255710730122964e-004
4.5591999999999998e+003 	4.1066576019278453e-004 	1.3123774518161156e-006 	4.1197813764460087e-004
4.7640000000000000e+003 	3.8332001972495613e-004 	1.5951303676259708e-006 	3.8491515009258208e-004
4.9688000000000002e+003 	3.5900037182953537e-004 	1.8183000194356462e-006 	3.6081867184897099e-004
5.3783999999999996e+003 	3.1815103608113382e-004 	2.2760772803186583e-006 	3.2042711336145258e-004
5.7880000000000000e+003 	2.8329225006782342e-004 	2.3251476867351504e-006 	2.8561739775455856e-004
6.1976000000000004e+003 	2.5520301721065875e-004 	2.3511027164130818e-006 	2.5755411992707175e-004
6.6071999999999998e+003 	2.3164608298945866e-004 	2.3571279214931822e-006 	2.3400321091095183e-004
7.0168000000000002e+003 	2.1161428655814844e-004 	2.3285078387671553e-006 	2.1394279439691558e-004
7.4264000000000005e+003 	1.9436973041609074e-004 	2.2747192144573491e-006 	1.9664444963054804e-004
7.8360000000000000e+003 	1.7936652966172030e-004 	2.2082421507954987e-006 	1.8157477181251577e-004
8.2456000000000004e+003 	1.6619455371512956e-004 	2.1377987686980677e-006 	1.6833235248382762e-004
8.6552000000000007e+003 	1.5454019674262354e-004 	2.0686380709645416e-006 	1.5660883481358805e-004
9.0647999999999993e+003 	1.4415939352093918e-004 	2.0037411506642119e-006 	1.4616313467160342e-004
9.4743999999999996e+003 	1.3485902139783314e-004 	1.9446828900695030e-006 	1.3680370428790261e-004
1.0293600000000000e+004 	1.1916310062998938e-004 	1.9205775496200964e-006 	1.2108367817960943e-004
1.1112799999999999e+004 	1.0550067929956643e-004 	1.7745960592849183e-006 	1.0727527535885131e-004
1.1932000000000000e+004 	9.4443240622250400e-005 	1.7124680299507156e-006 	9.6155708652201119e-005
1.2751200000000001e+004 	8.5117331666054597e-005 	1.6849836218029499e-006 	8.6802315287857535e-005
1.3570400000000000e+004 	7.7166655536650407e-005 	1.6703535562530496e-006 	7.8837009092903464e-005
1.4389600000000000e+004 	7.0323490314938957e-005 	1.6647205531058866e-006 	7.1988210868044870e-005
1.5208799999999999e+004 	6.4384164345247005e-005 	1.6661550873636919e-006 	6.6050319432610699e-005
1.6027999999999998e+004 	5.9191318830693641e-005 	1.6724850338685797e-006 	6.0863803864562233e-005
1.6847200000000001e+004 	5.4621491842700151e-005 	1.6816742600558730e-006 	5.6303166102756027e-005
1.7666399999999998e+004 	5.0576448541652461e-005 	1.6920497328743640e-006 	5.2268498274526838e-005
1.8485600000000002e+004 	4.6977054640970284e-005 	1.7023207611732056e-006 	4.8679375402143459e-005
2.0124000000000000e+004 	4.0978017035875545e-005 	1.7490467682978212e-006 	4.2727063804173356e-005
2.1762399999999998e+004 	3.5798385260860328e-005 	1.7239445498638932e-006 	3.7522329810724220e-005
2.3400799999999999e+004 	3.1682578259016916e-005 	1.7214069796744586e-006 	3.3403985238691363e-005
2.5039200000000001e+004 	2.8260630266537271e-005 	1.7113164229635354e-006 	2.9971946689500810e-005
2.6677600000000002e+004 	2.5382589199971651e-005 	1.6900047910902251e-006 	2.7072593991061884e-005
2.8316000000000000e+004 	2.2936632357119442e-005 	1.6597059937235544e-006 	2.4596338350842999e-005
