-1800 0
-1.8000000000000027e+003 0.0000000000000000e+000 0.0000000000000000e+000
1
1 1 1 1
1
         t, ms                         dVp, mV                         dVs, mV                         dV, mV
5.0000000000000000e-001 	1.3769920912653474e-001 	2.4649076961986222e-002 	1.6234828608852106e-001
5.9999999999999998e-001 	1.3787825850265220e-001 	2.4649900222642334e-002 	1.6252815872529455e-001
6.9999999999999996e-001 	1.3799595432713166e-001 	2.4649619927511905e-002 	1.6264557425464354e-001
8.0000000000000004e-001 	1.3808863565248694e-001 	2.4648672601541119e-002 	1.6273730825402813e-001
9.0000000000000002e-001 	1.3816704122713716e-001 	2.4647408418949635e-002 	1.6281444964608671e-001
1.0000000000000000e+000 	1.3823529517360350e-001 	2.4646078616494510e-002 	1.6288137379009801e-001
1.1000000000000001e+000 	1.3829558884805926e-001 	2.4644849989218277e-002 	1.6294043883727757e-001
1.2000000000000000e+000 	1.3834938327918639e-001 	2.4643823202698169e-002 	1.6299320648188459e-001
1.3000000000000000e+000 	1.3839776290739839e-001 	2.4643049281622871e-002 	1.6304081218902122e-001
1.3999999999999999e+000 	1.3844157045677138e-001 	2.4642543497435936e-002 	1.6308411395420733e-001
1.6000000000000001e+000 	1.3989755019818761e-001 	2.4642243767762188e-002 	1.6453979396594970e-001
1.8000000000000000e+000 	1.3858379153178615e-001 	2.4642714332108073e-002 	1.6322650586389431e-001
2.0000000000000000e+000 	1.3863967815284464e-001 	2.4643685626546997e-002 	1.6328336377939151e-001
2.2000000000000002e+000 	1.3868827223114130e-001 	2.4644891370580665e-002 	1.6333316360172190e-001
2.3999999999999999e+000 	1.3873104144821854e-001 	2.4646098554527113e-002 	1.6337714000274567e-001
2.6000000000000001e+000 	1.3876907715091585e-001 	2.4647124241212435e-002 	1.6341620139212834e-001
2.7999999999999998e+000 	1.3880320316913064e-001 	2.4647838724477750e-002 	1.6345104189360835e-001
3.0000000000000000e+000 	1.3883405316390215e-001 	2.4648160887118402e-002 	1.6348221405102054e-001
3.2000000000000002e+000 	1.3886212368297926e-001 	2.4648049748732897e-002 	1.6351017343171206e-001
3.3999999999999999e+000 	1.3888781042267354e-001 	2.4647494933127550e-002 	1.6353530535580107e-001
3.6000000000000001e+000 	1.3891143335596309e-001 	2.4646507665677921e-002 	1.6355794102164095e-001
4.0000000000000000e+000 	1.3945843954760434e-001 	2.4643400182201292e-002 	1.6410183972980566e-001
4.4000000000000004e+000 	1.3899037803179201e-001 	2.4638894746277912e-002 	1.6362927277806999e-001
4.7999999999999998e+000 	1.3902248247566198e-001 	2.4633448152568710e-002 	1.6365593062823064e-001
5.2000000000000002e+000 	1.3905098587267309e-001 	2.4627188670291730e-002 	1.6367817454296479e-001
5.5999999999999996e+000 	1.3907665421686394e-001 	2.4620357005057020e-002 	1.6369701122192093e-001
6.0000000000000000e+000 	1.3910012894303594e-001 	2.4613189652634586e-002 	1.6371331859567051e-001
6.4000000000000004e+000 	1.3912195005230360e-001 	2.4605883265966088e-002 	1.6372783331826973e-001
6.7999999999999998e+000 	1.3914256461392693e-001 	2.4598595881830332e-002 	1.6374116049575718e-001
7.2000000000000002e+000 	1.3916232791837665e-001 	2.4591454974727322e-002 	1.6375378289310399e-001
7.5999999999999996e+000 	1.3918150362324588e-001 	2.4584562257136636e-002 	1.6376606588038248e-001
8.0000000000000000e+000 	1.3920026660613027e-001 	2.4577995063880313e-002 	1.6377826167001058e-001
8.8000000000000007e+000 	1.3951242522536278e-001 	2.4566025390478599e-002 	1.6407845061584128e-001
9.5999999999999996e+000 	1.3927175123627020e-001 	2.4555539433130186e-002 	1.6382729066940038e-001
1.0400000000000000e+001 	1.3930436861619133e-001 	2.4546227567533396e-002 	1.6385059618372469e-001
1.1199999999999999e+001 	1.3933361134116873e-001 	2.4537542240165158e-002 	1.6387115358133397e-001
1.2000000000000000e+001 	1.3935827953749397e-001 	2.4528654136093404e-002 	1.6388693367358734e-001
1.2800000000000001e+001 	1.3937717955791815e-001 	2.4518599662239904e-002 	1.6389577922015802e-001
1.3600000000000000e+001 	1.3938922167356668e-001 	2.4506348659827822e-002 	1.6389557033339450e-001
1.4400000000000000e+001 	1.3939346860463900e-001 	2.4490867209791451e-002 	1.6388433581443049e-001
1.5199999999999999e+001 	1.3938914866909749e-001 	2.4471175067488023e-002 	1.6386032373658557e-001
1.6000000000000000e+001 	1.3937564733372548e-001 	2.4446389839840318e-002 	1.6382203717356575e-001
1.6800000000000001e+001 	1.3935248797732278e-001 	2.4415755701825598e-002 	1.6376824367914836e-001
1.7600000000000001e+001 	1.3931930914762389e-001 	2.4378658452103193e-002 	1.6369796759972707e-001
1.8399999999999999e+001 	1.3927584259768941e-001 	2.4334629902081795e-002 	1.6361047249977120e-001
2.0000000000000000e+001 	1.3930770253775773e-001 	2.4224556016269744e-002 	1.6353225855402742e-001
2.1600000000000001e+001 	1.3899591727027752e-001 	2.4084872010597509e-002 	1.6308078928087505e-001
2.3199999999999999e+001 	1.3879172014178104e-001 	2.3916248365643003e-002 	1.6270796850742406e-001
2.4800000000000001e+001 	1.3854474858380253e-001 	2.3720470239644121e-002 	1.6226521882344669e-001
2.6399999999999999e+001 	1.3825549109375215e-001 	2.3500038383064342e-002 	1.6175552947681648e-001
2.8000000000000000e+001 	1.3792474410358679e-001 	2.3258027906421244e-002 	1.6118277201000811e-001
2.9600000000000001e+001 	1.3755357419332664e-001 	2.2997694081299844e-002 	1.6055126827462651e-001
3.1199999999999999e+001 	1.3714328437144449e-001 	2.2722280727412076e-002 	1.5986556509885660e-001
3.2800000000000004e+001 	1.3669538091795549e-001 	2.2434915508681725e-002 	1.5913029642663731e-001
3.4399999999999999e+001 	1.3621153919857715e-001 	2.2138526087441469e-002 	1.5835006528601858e-001
3.6000000000000000e+001 	1.3569356856396175e-001 	2.1835778282848238e-002 	1.5752934684680991e-001
3.7600000000000001e+001 	1.3514337736831064e-001 	2.1529042426030629e-002 	1.5667241979434132e-001
4.0800000000000004e+001 	1.3401661336661416e-001 	2.0913558116430756e-002 	1.5493017148304489e-001
4.4000000000000000e+001 	1.3266629565612822e-001 	2.0302569970580327e-002 	1.5296886562670853e-001
4.7199999999999996e+001 	1.3128644287744132e-001 	1.9704722559397165e-002 	1.5099116543683852e-001
5.0399999999999999e+001 	1.2983192452155473e-001 	1.9126127377402175e-002 	1.4895805189895692e-001
5.3600000000000001e+001 	1.2831636417848688e-001 	1.8570606320514441e-002 	1.4688697049900132e-001
5.6800000000000004e+001 	1.2675217096222882e-001 	1.8040191556098591e-002 	1.4479236251832744e-001
6.0000000000000000e+001 	1.2515043174206533e-001 	1.7535634507661869e-002 	1.4268606624972721e-001
6.3200000000000003e+001 	1.2352090723049761e-001 	1.7056825543507226e-002 	1.4057773277400479e-001
6.6400000000000006e+001 	1.2187209240624508e-001 	1.6603089552567552e-002 	1.3847518195881267e-001
6.9599999999999994e+001 	1.2021131377945064e-001 	1.6173397699115234e-002 	1.3638471147856590e-001
7.2799999999999997e+001 	1.1854484424355188e-001 	1.5766520525179243e-002 	1.3431136476873112e-001
7.9200000000000003e+001 	1.1525185570749436e-001 	1.5014174285065292e-002 	1.3026602999255960e-001
8.5599999999999994e+001 	1.1192633069260548e-001 	1.4336813513430344e-002 	1.2626314420603585e-001
9.2000000000000000e+001 	1.0868481584650470e-001 	1.3725077929672121e-002 	1.2240989377617678e-001
9.8400000000000006e+001 	1.0551263737150450e-001 	1.3170400255362870e-002 	1.1868303762686738e-001
1.0480000000000001e+002 	1.0242140184310831e-001 	1.2665215044172892e-002 	1.1508661688728127e-001
1.1119999999999999e+002 	9.9418700739929367e-002 	1.2202936193645327e-002 	1.1162163693357470e-001
1.1759999999999999e+002 	9.6509090234607811e-002 	1.1777895016071753e-002 	1.0828698525067959e-001
1.2400000000000000e+002 	9.3694880993626661e-002 	1.1385262581026886e-002 	1.0508014357465351e-001
1.3039999999999998e+002 	9.0976741668961872e-002 	1.1020950225381836e-002 	1.0199769189434373e-001
1.3680000000000001e+002 	8.8354149947199603e-002 	1.0681500709397541e-002 	9.9035650656597154e-002
1.4319999999999999e+002 	8.5825727205991423e-002 	1.0363986021098207e-002 	9.6189713227089593e-002
1.5600000000000000e+002 	8.1092225655220659e-002 	9.7829872396272277e-003 	9.0875212894847901e-002
1.6880000000000001e+002 	7.6599555425316768e-002 	9.2644480632378141e-003 	8.5864003488554622e-002
1.8160000000000002e+002 	7.2483849905265574e-002 	8.7971233986945223e-003 	8.1280973303960127e-002
1.9439999999999998e+002 	6.8669154033013657e-002 	8.3725558588004633e-003 	7.7041709891814122e-002
2.0719999999999999e+002 	6.5132219354352539e-002 	7.9840134196264047e-003 	7.3116232773978940e-002
2.2000000000000000e+002 	6.1850617973352139e-002 	7.6260926765196928e-003 	6.9476710649871862e-002
2.3280000000000001e+002 	5.8803199214490794e-002 	7.2945417624218356e-003 	6.6097740976912636e-002
2.4560000000000002e+002 	5.5970309549495036e-002 	6.9860195684307456e-003 	6.2956329117925786e-002
2.5840000000000003e+002 	5.3333861850905030e-002 	6.6978545994093161e-003 	6.0031716450314354e-002
2.7119999999999999e+002 	5.0877313896035892e-002 	6.4278639147857825e-003 	5.7305177810821673e-002
2.8400000000000000e+002 	4.8585595741154307e-002 	6.1742299281656457e-003 	5.4759825669319973e-002
2.9680000000000001e+002 	4.6445011110516791e-002 	5.9354160645946723e-003 	5.2380427175111460e-002
3.0959999999999997e+002 	4.4443128215190524e-002 	5.7101068598284276e-003 	5.0153235075018961e-002
3.3519999999999999e+002 	4.0853070909402517e-002 	5.2951799305784282e-003 	4.6148250839980934e-002
3.6080000000000001e+002 	3.7587271489549726e-002 	4.9215223727884548e-003 	4.2508793862338162e-002
3.8640000000000003e+002 	3.4746586483206388e-002 	4.5839107336871189e-003 	3.9330497216893516e-002
4.1200000000000000e+002 	3.2223786630278972e-002 	4.2782479121137177e-003 	3.6502034542392696e-002
4.3759999999999997e+002 	2.9973920481111482e-002 	4.0005364636069417e-003 	3.3974456944718415e-002
4.6319999999999999e+002 	2.7959269213974562e-002 	3.7472880108491598e-003 	3.1706557224823732e-002
4.8880000000000001e+002 	2.6148196935753140e-002 	3.5156157986608503e-003 	2.9663812734413986e-002
5.1439999999999998e+002 	2.4514099725045750e-002 	3.3031099621467935e-003 	2.7817209687192552e-002
5.4000000000000000e+002 	2.3034517377017720e-002 	3.1077206148489101e-003 	2.6142237991866629e-002
5.6560000000000002e+002 	2.1690404424682085e-002 	2.9276807828806581e-003 	2.4618085207562739e-002
5.9119999999999993e+002 	2.0465538087081386e-002 	2.7614542628120130e-003 	2.3226992349893390e-002
6.1680000000000007e+002 	1.9346038448570722e-002 	2.6076972779436008e-003 	2.1953735726514326e-002
6.6800000000000000e+002 	1.7400875817396331e-002 	2.3328948670786097e-003 	1.9733770684474933e-002
7.1919999999999993e+002 	1.5683557097532923e-002 	2.0941024010629611e-003 	1.7777659498595885e-002
7.7039999999999998e+002 	1.4245775867942640e-002 	1.8865167039595009e-003 	1.6132292571902140e-002
8.2160000000000002e+002 	1.3006486784245923e-002 	1.7057806429320937e-003 	1.4712267427178016e-002
8.7280000000000007e+002 	1.1929896440181059e-002 	1.5476860495038994e-003 	1.3477582489684959e-002
9.2400000000000000e+002 	1.0987802691727984e-002 	1.4087216128672463e-003 	1.2396524304595227e-002
9.7519999999999993e+002 	1.0157889486133316e-002 	1.2860573742181840e-003 	1.1443946860351495e-002
1.0264000000000001e+003 	9.4223574212590911e-003 	1.1773905225227295e-003 	1.0599747943781821e-002
1.0775999999999999e+003 	8.7668783517864113e-003 	1.0808187260155197e-003 	9.8476970778019236e-003
1.1288000000000000e+003 	8.1798105272399384e-003 	9.9475140676712117e-004 	9.1745619340070569e-003
1.1800000000000000e+003 	7.6516101549756179e-003 	9.1784676461045280e-004 	8.5694569195860718e-003
1.2824000000000001e+003 	6.7518608918598370e-003 	7.8711000379549326e-004 	7.5389708956553328e-003
1.3848000000000000e+003 	5.9743727350052272e-003 	6.7990693246614497e-004 	6.6542796674713715e-003
1.4872000000000000e+003 	5.3391147352927753e-003 	5.9255196979938758e-004 	5.9316667050921647e-003
1.5895999999999999e+003 	4.8023209213488606e-003 	5.2130828871843865e-004 	5.3236292100672994e-003
1.6920000000000000e+003 	4.3442513429288168e-003 	4.6275871146269037e-004 	4.8070100543915056e-003
1.7944000000000001e+003 	3.9499141980462605e-003 	4.1423917370883242e-004 	4.3641533717550928e-003
1.8968000000000000e+003 	3.6078161955337500e-003 	3.7372980526913539e-004 	3.9815460008028845e-003
1.9992000000000000e+003 	3.3090268518432249e-003 	3.3967630136928176e-004 	3.6487031532125070e-003
2.1015999999999999e+003 	3.0465066534690831e-003 	3.1086126727064090e-004 	3.3573679207397236e-003
2.2040000000000000e+003 	2.8146298675618036e-003 	2.8631995293299341e-004 	3.1009498204947967e-003
2.3064000000000001e+003 	2.6088440739642418e-003 	2.6528227336889429e-004 	2.8741263473331365e-003
2.5112000000000003e+003 	2.2647636189793516e-003 	2.3153100939346719e-004 	2.4962946283728195e-003
2.7160000000000000e+003 	1.9747703583886831e-003 	2.0479846914240110e-004 	2.1795688275310842e-003
2.9207999999999997e+003 	1.7443359469405271e-003 	1.8405157393099980e-004 	1.9283875208715268e-003
3.1255999999999999e+003 	1.5546060689538030e-003 	1.6772051609885238e-004 	1.7223265850526556e-003
3.3304000000000001e+003 	1.3966460683100118e-003 	1.5446960672473102e-004 	1.5511156750347432e-003
3.5352000000000003e+003 	1.2637556791039002e-003 	1.4341813529058787e-004 	1.4071738143944881e-003
3.7400000000000000e+003 	1.1508735502665716e-003 	1.3399618894071173e-004 	1.2848697392072832e-003
3.9447999999999997e+003 	1.0541338683890088e-003 	1.2581880232623614e-004 	1.1799526707152448e-003
4.1496000000000004e+003 	9.7054859961550027e-004 	1.1861574328756574e-004 	1.0891643429030659e-003
4.3543999999999996e+003 	8.9778161729106446e-004 	1.1219237522360718e-004 	1.0099739925146720e-003
4.5591999999999998e+003 	8.3398719918556605e-004 	1.0640568936049993e-004 	9.4039288854606547e-004
4.7640000000000000e+003 	7.7769315324563795e-004 	1.0114860969315352e-004 	8.7884176293879124e-004
4.9688000000000002e+003 	7.2771505311272524e-004 	9.6339446922958548e-005 	8.2405450003568382e-004
5.3783999999999996e+003 	6.4395106946160978e-004 	8.8022211760713110e-005 	7.3197328122232279e-004
5.7880000000000000e+003 	5.7262955676054680e-004 	8.0442424144617120e-005 	6.5307198090516446e-004
6.1976000000000004e+003 	5.1531269782639799e-004 	7.3944142314384366e-005 	5.8925684014078249e-004
6.6071999999999998e+003 	4.6734150444275658e-004 	6.8304029756443093e-005 	5.3564553419919970e-004
7.0168000000000002e+003 	4.2661815627019728e-004 	6.3315647092695561e-005 	4.8993380336289272e-004
7.4264000000000005e+003 	3.9161096098093906e-004 	5.8859647569733710e-005 	4.5047060855067281e-004
7.8360000000000000e+003 	3.6119038737260128e-004 	5.4856467573077165e-005 	4.1604685494567843e-004
8.2456000000000004e+003 	3.3451019986145019e-004 	5.1243907342217016e-005 	3.8575410720366715e-004
8.6552000000000007e+003 	3.1092491786460769e-004 	4.7970549502345607e-005 	3.5889546736695332e-004
9.0647999999999993e+003 	2.8993326012976265e-004 	4.4993336573361122e-005 	3.3492659670312375e-004
9.4743999999999996e+003 	2.7113930313606588e-004 	4.2276013476538638e-005 	3.1341531661260451e-004
1.0293600000000000e+004 	2.3945078981250567e-004 	3.7598959942961236e-005 	2.7704974975546694e-004
1.1112799999999999e+004 	2.1188593256378800e-004 	3.3402197677837447e-005 	2.4528813024162540e-004
1.1932000000000000e+004 	1.8960131586292020e-004 	2.9900991052253692e-005 	2.1950230691517391e-004
1.2751200000000001e+004 	1.7082042441621655e-004 	2.6911194886643465e-005 	1.9773161930285992e-004
1.3570400000000000e+004 	1.5481912162008005e-004 	2.4314282170438075e-005 	1.7913340379051811e-004
1.4389600000000000e+004 	1.4105411146491482e-004 	2.2042393054775383e-005 	1.6309650451969018e-004
1.5208799999999999e+004 	1.2911263174671231e-004 	2.0045142413734507e-005 	1.4915777416044682e-004
1.6027999999999998e+004 	1.1867614755764321e-004 	1.8281482027712477e-005 	1.3695762958535569e-004
1.6847200000000001e+004 	1.0949498668116179e-004 	1.6717695824529973e-005 	1.2621268250569178e-004
1.7666399999999998e+004 	1.0137065992643907e-004 	1.5326027641977491e-005 	1.1669668756841656e-004
1.8485600000000002e+004 	9.4143387865104803e-005 	1.4083463714557987e-005 	1.0822685157966276e-004
2.0124000000000000e+004 	8.2102395621864676e-005 	1.2004165976957202e-005 	9.4106561598821927e-005
2.1762399999999998e+004 	7.1708703184934785e-005 	1.0221866454160038e-005 	8.1930569639094856e-005
2.3400799999999999e+004 	6.3453497982479584e-005 	8.8136949430207167e-006 	7.2267192925500273e-005
2.5039200000000001e+004 	5.6592083172110268e-005 	7.6623961208665554e-006 	6.4254479292976847e-005
2.6677600000000002e+004 	5.0822740727683003e-005 	6.7079915677028031e-006 	5.7530732295385815e-005
2.8316000000000000e+004 	4.5920608784449190e-005 	5.9122055164360924e-006 	5.1832814300885267e-005
-2100 0
-2.1000000000000027e+003 0.0000000000000000e+000 0.0000000000000000e+000
1
1 1 1 1
1
         t, ms                         dVp, mV                         dVs, mV                         dV, mV
5.0000000000000000e-001 	1.1037266996812499e-001 	1.6216221578888707e-002 	1.2658889154701369e-001
5.9999999999999998e-001 	1.1051154623532855e-001 	1.6216994828882215e-002 	1.2672854106421075e-001
6.9999999999999996e-001 	1.1060283511041452e-001 	1.6216675781702713e-002 	1.2681951089211729e-001
8.0000000000000004e-001 	1.1067472187519897e-001 	1.6215704259324629e-002 	1.2689042613452353e-001
9.0000000000000002e-001 	1.1073553579454294e-001 	1.6214429746487010e-002 	1.2694996554102997e-001
1.0000000000000000e+000 	1.1078847569296754e-001 	1.6213100885707179e-002 	1.2700157657867470e-001
1.1000000000000001e+000 	1.1083524128384038e-001 	1.6211881196135234e-002 	1.2704712247997554e-001
1.2000000000000000e+000 	1.1087696580890061e-001 	1.6210868080067994e-002 	1.2708783388896866e-001
1.3000000000000000e+000 	1.1091449040961307e-001 	1.6210109692256017e-002 	1.2712460010186910e-001
1.3999999999999999e+000 	1.1094846873927940e-001 	1.6209618997592441e-002 	1.2715808773687179e-001
1.6000000000000001e+000 	1.1207774191597733e-001 	1.6209340985861163e-002 	1.2828708290183849e-001
1.8000000000000000e+000 	1.1105877904266170e-001 	1.6209819111622545e-002 	1.2726859815428421e-001
2.0000000000000000e+000 	1.1110212601824571e-001 	1.6210783225055449e-002 	1.2731290924330113e-001
2.2000000000000002e+000 	1.1113981666740155e-001 	1.6211969235160023e-002 	1.2735178590256155e-001
2.3999999999999999e+000 	1.1117298937621813e-001 	1.6213148532300610e-002 	1.2738613790851874e-001
2.6000000000000001e+000 	1.1120249063099813e-001 	1.6214143417213656e-002 	1.2741663404821177e-001
2.7999999999999998e+000 	1.1122895942173566e-001 	1.6214829268898223e-002 	1.2744378869063391e-001
3.0000000000000000e+000 	1.1125288723604733e-001 	1.6215129285573227e-002 	1.2746801652162051e-001
3.2000000000000002e+000 	1.1127465921231815e-001 	1.6215005779719471e-002 	1.2748966499203759e-001
3.3999999999999999e+000 	1.1129458226505477e-001 	1.6214450643016760e-002 	1.2750903290807153e-001
3.6000000000000001e+000 	1.1131290457555031e-001 	1.6213476486137197e-002 	1.2752638106168754e-001
4.0000000000000000e+000 	1.1173716804408584e-001 	1.6210436494645073e-002 	1.2794760453873086e-001
4.4000000000000004e+000 	1.1137413514133991e-001 	1.6206065593687931e-002 	1.2758020073502788e-001
4.7999999999999998e+000 	1.1139903566468722e-001 	1.6200790172242397e-002 	1.2759982583692961e-001
5.2000000000000002e+000 	1.1142114291460471e-001 	1.6194755922127543e-002 	1.2761589883673227e-001
5.5999999999999996e+000 	1.1144105059389137e-001 	1.6188198482966872e-002 	1.2762924907685819e-001
6.0000000000000000e+000 	1.1145925538195900e-001 	1.6181344262551248e-002 	1.2764059964451019e-001
6.4000000000000004e+000 	1.1147617468719337e-001 	1.6174380476582095e-002 	1.2765055516377549e-001
6.7999999999999998e+000 	1.1149215305376839e-001 	1.6167456646918005e-002 	1.2765960970068641e-001
7.2000000000000002e+000 	1.1150746288977563e-001 	1.6160691854532689e-002 	1.2766815474430832e-001
7.5999999999999996e+000 	1.1152230445439550e-001 	1.6154179133257889e-002 	1.2767648358765338e-001
8.0000000000000000e+000 	1.1153680799591555e-001 	1.6147986881287924e-002 	1.2768479487720344e-001
8.8000000000000007e+000 	1.1177871814783666e-001 	1.6136705140553851e-002 	1.2791542328839051e-001
9.5999999999999996e+000 	1.1159169724074128e-001 	1.6126783880832388e-002 	1.2771848112157369e-001
1.0400000000000000e+001 	1.1161638152128198e-001 	1.6117862998420114e-002 	1.2773424451970203e-001
1.1199999999999999e+001 	1.1163810940862187e-001 	1.6109345100740635e-002 	1.2774745450936251e-001
1.2000000000000000e+001 	1.1165585416212291e-001 	1.6100369855082439e-002 	1.2775622401720532e-001
1.2800000000000001e+001 	1.1166858932839444e-001 	1.6089949518537802e-002 	1.2775853884693220e-001
1.3600000000000000e+001 	1.1167536662117769e-001 	1.6077037714444697e-002 	1.2775240433562238e-001
1.4400000000000000e+001 	1.1167535497904468e-001 	1.6060592721522611e-002 	1.2773594770056729e-001
1.5199999999999999e+001 	1.1166785166905539e-001 	1.6039634109734309e-002 	1.2770748577878965e-001
1.6000000000000000e+001 	1.1165227634815615e-001 	1.6013285900762311e-002 	1.2766556224891845e-001
1.6800000000000001e+001 	1.1162815665836535e-001 	1.5980804523226460e-002 	1.2760896118159179e-001
1.7600000000000001e+001 	1.1159511113970208e-001 	1.5941593344143103e-002 	1.2753670448384513e-001
1.8399999999999999e+001 	1.1155283285070265e-001 	1.5895206640458640e-002 	1.2744803949116126e-001
2.0000000000000000e+001 	1.1155576924605466e-001 	1.5779835122312843e-002 	1.2733560436836744e-001
2.1600000000000001e+001 	1.1128683229316089e-001 	1.5634293530338125e-002 	1.2692112582349893e-001
2.3199999999999999e+001 	1.1109425535525178e-001 	1.5459547948516891e-002 	1.2655380330376870e-001
2.4800000000000001e+001 	1.1086131208153083e-001 	1.5257706120789215e-002 	1.2611901820232005e-001
2.6399999999999999e+001 	1.1058800344870494e-001 	1.5031620320412661e-002 	1.2561962376911753e-001
2.8000000000000000e+001 	1.1027469537397287e-001 	1.4784708595032258e-002 	1.2505940396900508e-001
2.9600000000000001e+001 	1.0992209079300892e-001 	1.4520567198255771e-002 	1.2444265799126474e-001
3.1199999999999999e+001 	1.0953119800344062e-001 	1.4242766425366156e-002 	1.2377396442880671e-001
3.2800000000000004e+001 	1.0910329466062131e-001 	1.3954731177173191e-002 	1.2305802583779452e-001
3.4399999999999999e+001 	1.0863988794103056e-001 	1.3659648921626719e-002 	1.2229953686265732e-001
3.6000000000000000e+001 	1.0814267242485046e-001 	1.3360404604717251e-002 	1.2150307702956767e-001
3.7600000000000001e+001 	1.0761348765763715e-001 	1.3059546140077698e-002 	1.2067303379771485e-001
4.0800000000000004e+001 	1.0651538055544023e-001 	1.2463524745013391e-002 	1.1897890530045359e-001
4.4000000000000000e+001 	1.0522293939996573e-001 	1.1882513901684219e-002 	1.1710545330164995e-001
4.7199999999999996e+001 	1.0388841774442915e-001 	1.1325196104232925e-002 	1.1521361384866211e-001
5.0399999999999999e+001 	1.0248128716040117e-001 	1.0797351643931816e-002 	1.1327863880433298e-001
5.3600000000000001e+001 	1.0101579913965372e-001 	1.0302174064482354e-002 	1.1131797320413611e-001
5.6800000000000004e+001 	9.9505001150507949e-002 	9.8408529131467446e-003 	1.0934585406365475e-001
6.0000000000000000e+001 	9.7960578831310777e-002 	9.4131598198327580e-003 	1.0737373865114354e-001
6.3200000000000003e+001 	9.6392819325365905e-002 	9.0179353988765840e-003 	1.0541075472424251e-001
6.6400000000000006e+001 	9.4810653303757611e-002 	8.6534429185180072e-003 	1.0346409622227562e-001
6.9599999999999994e+001 	9.3221744750663610e-002 	8.3176241911064597e-003 	1.0153936894177006e-001
7.2799999999999997e+001 	9.1632606104812761e-002 	8.0082826634982739e-003 	9.9640888768311120e-002
7.9200000000000003e+001 	8.8505429570247415e-002 	7.4576159069103072e-003 	9.5963045477157713e-002
8.5599999999999994e+001 	8.5379469734404495e-002 	6.9872742491079312e-003 	9.2366743983512439e-002
9.2000000000000000e+001 	8.2353343138296925e-002 	6.5836374902392995e-003 	8.8936980628536208e-002
9.8400000000000006e+001 	7.9416763921895506e-002 	6.2348613869679468e-003 	8.5651625308863444e-002
1.0480000000000001e+002 	7.6579583434208759e-002 	5.9310568095938595e-003 	8.2510640243802641e-002
1.1119999999999999e+002 	7.3847401115506819e-002 	5.6641167562350237e-003 	7.9511517871741835e-002
1.1759999999999999e+002 	7.1222689186107552e-002 	5.4274745477553288e-003 	7.6650163733862867e-002
1.2400000000000000e+002 	6.8705688517760405e-002 	5.2158589815117055e-003 	7.3921547499272114e-002
1.3039999999999998e+002 	6.6295083214961817e-002 	5.0250573052050091e-003 	7.1320140520166844e-002
1.3680000000000001e+002 	6.3988494862796327e-002 	4.8517009657153163e-003 	6.8840195828511655e-002
1.4319999999999999e+002 	6.1782839806483351e-002 	4.6930860133575754e-003 	6.6475925819840936e-002
1.5600000000000000e+002 	5.7700330591786572e-002 	4.4100261383973154e-003 	6.2110356730183912e-002
1.6880000000000001e+002 	5.3883634154819754e-002 	4.1648751039830767e-003 	5.8048509258802825e-002
1.8160000000000002e+002 	5.0439581027144770e-002 	3.9490093047287933e-003 	5.4388590331873578e-002
1.9439999999999998e+002 	4.7293026844973926e-002 	3.7564358334010706e-003 	5.1049462678374957e-002
2.0719999999999999e+002 	4.4415771394686165e-002 	3.5826618372658413e-003 	4.7998433231952013e-002
2.2000000000000000e+002 	4.1781646065936616e-002 	3.4242530804403106e-003 	4.5205899146376918e-002
2.3280000000000001e+002 	3.9366750158909891e-002 	3.2786447852924719e-003 	4.2645394944202358e-002
2.4560000000000002e+002 	3.7149470724846437e-002 	3.1439254826119232e-003 	4.0293396207458344e-002
2.5840000000000003e+002 	3.5110384121202799e-002 	3.0186361971277034e-003 	3.8129020318330507e-002
2.7119999999999999e+002 	3.3232098856614309e-002 	2.9016288566751573e-003 	3.6133727713289467e-002
2.8400000000000000e+002 	3.1499074966714308e-002 	2.7919761417662965e-003 	3.4291051108480616e-002
2.9680000000000001e+002 	2.9897439965792371e-002 	2.6889135754204142e-003 	3.2586353541212788e-002
3.0959999999999997e+002 	2.8414812165686275e-002 	2.5918005712304805e-003 	3.1006612736916753e-002
3.3519999999999999e+002 	2.5794564911092933e-002 	2.4134299254934145e-003 	2.8207994836586349e-002
3.6080000000000001e+002 	2.3446904653753157e-002 	2.2525427420832154e-003 	2.5699447395836378e-002
3.8640000000000003e+002 	2.1443115768439339e-002 	2.1069278560959101e-003 	2.3550043624535250e-002
4.1200000000000000e+002 	1.9691838784616989e-002 	1.9750232331730336e-003 	2.1666862017790025e-002
4.3759999999999997e+002 	1.8153012806261713e-002 	1.8550617783558419e-003 	2.0008074584617550e-002
4.6319999999999999e+002 	1.6793801730457161e-002 	1.7454650085147328e-003 	1.8539266738971893e-002
4.8880000000000001e+002 	1.5587283771229027e-002 	1.6449624279891194e-003 	1.7232246199218152e-002
5.1439999999999998e+002 	1.4511304611554057e-002 	1.5525208139769754e-003 	1.6063825425531027e-002
5.4000000000000000e+002 	1.3547539398757594e-002 	1.4672742117635867e-003 	1.5014813610521181e-002
5.6560000000000002e+002 	1.2680744974623558e-002 	1.3884819426383645e-003 	1.4069226917261923e-002
5.9119999999999993e+002 	1.1898168790941072e-002 	1.3155029226346497e-003 	1.3213671713575717e-002
6.1680000000000007e+002 	1.1189081993685344e-002 	1.2477780189518485e-003 	1.2436860012637191e-002
6.6800000000000000e+002 	9.9713515860091455e-003 	1.1265091077760534e-003 	1.1097860693785200e-002
7.1919999999999993e+002 	8.9086488633246200e-003 	1.0200093956132395e-003 	9.9286582589378572e-003
7.7039999999999998e+002 	8.0318505317004719e-003 	9.2670973492930736e-004 	8.9585602666297833e-003
8.2160000000000002e+002 	7.2848332855577781e-003 	8.4501192245895981e-004 	8.1298452080167411e-003
8.7280000000000007e+002 	6.6425447908975829e-003 	7.7312025153836118e-004 	7.4156650424359472e-003
9.2400000000000000e+002 	6.0856213017165270e-003 	7.0952118518701477e-004 	6.7951424869035406e-003
9.7519999999999993e+002 	5.5990107751088102e-003 	6.5301467613872687e-004 	6.2520254512475381e-003
1.0264000000000001e+003 	5.1708995041058504e-003 	6.0263326717743099e-004 	5.7735327712832825e-003
1.0775999999999999e+003 	4.7919136830784021e-003 	5.5757803019177061e-004 	5.3494917132701743e-003
1.1288000000000000e+003 	4.4545340384428422e-003 	5.1717802733909234e-004 	4.9717120657819368e-003
1.1800000000000000e+003 	4.1526664350999510e-003 	4.8086382171965824e-004 	4.6335302568196101e-003
1.2824000000000001e+003 	3.6420669124709619e-003 	4.1887397201725320e-004 	4.0609408844882143e-003
1.3848000000000000e+003 	3.2042519222335889e-003 	3.6716420585008487e-004 	3.5714161280836717e-003
1.4872000000000000e+003 	2.8496875401359261e-003 	3.2454995969269119e-004 	3.1742374998286168e-003
1.5895999999999999e+003 	2.5522188171153734e-003 	2.8946407595116047e-004 	2.8416828930665347e-003
1.6920000000000000e+003 	2.2999698043405167e-003 	2.6032711286081556e-004 	2.5602969172013310e-003
1.7944000000000001e+003 	2.0840212706844741e-003 	2.3590893402391667e-004 	2.3199302047083909e-003
1.8968000000000000e+003 	1.8976054314446813e-003 	2.1528521312087361e-004 	2.1128906445655560e-003
1.9992000000000000e+003 	1.7355120917941515e-003 	1.9774410814317264e-004 	1.9332561999373236e-003
2.1015999999999999e+003 	1.5936679977777049e-003 	1.8272427694011420e-004 	1.7763922747178194e-003
2.2040000000000000e+003 	1.4688417362916147e-003 	1.6977735619914868e-004 	1.6386190924907640e-003
2.3064000000000001e+003 	1.3584355259741920e-003 	1.5854289737400441e-004 	1.5169784233481968e-003
2.5112000000000003e+003 	1.1745959449069900e-003 	1.4029971251737416e-004 	1.3148956574243647e-003
2.7160000000000000e+003 	1.0204332485426815e-003 	1.2538447670180377e-004 	1.1458177252444848e-003
2.9207999999999997e+003 	8.9859139318147231e-004 	1.1354830185593137e-004 	1.0121396950374035e-003
3.1255999999999999e+003 	7.9872275036205350e-004 	1.0402738851892610e-004 	9.0275013888097965e-004
3.3304000000000001e+003 	7.1590659899114118e-004 	9.6138040265627889e-005 	8.1204463925676909e-004
3.5352000000000003e+003 	6.4647800019179929e-004 	8.9437622820008286e-005 	7.3591562301180747e-004
3.7400000000000000e+003 	5.8768596091462750e-004 	8.3640881568265713e-005 	6.7132684248289332e-004
3.9447999999999997e+003 	5.3744122293920317e-004 	7.8552245189805717e-005 	6.1599346812900877e-004
4.1496000000000004e+003 	4.9413702980330215e-004 	7.4031397608013784e-005 	5.6816842741131573e-004
4.3543999999999996e+003 	4.5652273577676547e-004 	6.9974931274333736e-005 	5.2649766705109916e-004
4.5591999999999998e+003 	4.2361410190967552e-004 	6.6305087408711816e-005 	4.8991918931838715e-004
4.7640000000000000e+003 	3.9462881569795396e-004 	6.2962262410335755e-005 	4.5759107810828978e-004
4.9688000000000002e+003 	3.6893945735717241e-004 	5.9899903794034882e-005 	4.2883936115120744e-004
5.3783999999999996e+003 	3.2597710881176263e-004 	5.4600044777158475e-005 	3.8057715358892115e-004
5.7880000000000000e+003 	2.8947731952917228e-004 	4.9778865940796238e-005 	3.3925618546996840e-004
6.1976000000000004e+003 	2.6022336994346428e-004 	4.5659837539627378e-005 	3.0588320748309165e-004
6.6071999999999998e+003 	2.3578927601893902e-004 	4.2093587168529345e-005 	2.7788286318746835e-004
7.0168000000000002e+003 	2.1508245349695566e-004 	3.8949227808081219e-005 	2.5403168130503690e-004
7.4264000000000005e+003 	1.9730781815070745e-004 	3.6150679304645159e-005 	2.3345849745535265e-004
7.8360000000000000e+003 	1.8188085205739229e-004 	3.3645647374779577e-005 	2.1552649943217179e-004
8.2456000000000004e+003 	1.6836485030768302e-004 	3.1392707121990641e-005 	1.9975755742967363e-004
8.6552000000000007e+003 	1.5642751599571260e-004 	2.9357660373344438e-005 	1.8578517636905697e-004
9.0647999999999993e+003 	1.4581132907086090e-004 	2.7512020205484567e-005 	1.7332334927634544e-004
9.4743999999999996e+003 	1.3631326483894347e-004 	2.5831932266025066e-005 	1.6214519710496851e-004
1.0293600000000000e+004 	1.2031379264157232e-004 	2.2949445924786391e-005 	1.4326323856635870e-004
1.1112799999999999e+004 	1.0640579000843625e-004 	2.0373666807480586e-005 	1.2677945681591679e-004
1.1932000000000000e+004 	9.5174673822842284e-005 	1.8234119195132051e-005 	1.1340879301797432e-004
1.2751200000000001e+004 	8.5716695981325974e-005 	1.6411995956699026e-005 	1.0212869193802498e-004
1.3570400000000000e+004 	7.7663749362252499e-005 	1.4833674471588777e-005 	9.2497423833841211e-005
1.4389600000000000e+004 	7.0740077901138248e-005 	1.3456382822609224e-005 	8.4196460723747447e-005
1.5208799999999999e+004 	6.4736465426726807e-005 	1.2248086179253185e-005 	7.6984551605979989e-005
1.6027999999999998e+004 	5.9491647308693528e-005 	1.1182846158942273e-005 	7.0674493467635780e-005
1.6847200000000001e+004 	5.4879349512355311e-005 	1.0239519427485107e-005 	6.5118868939840447e-005
1.7666399999999998e+004 	5.0799270835613945e-005 	9.4008048791558493e-006 	6.0200075714769794e-005
1.8485600000000002e+004 	4.7170731080244138e-005 	8.6524296492028049e-006 	5.5823160729446941e-005
2.0124000000000000e+004 	4.1127779517572373e-005 	7.4012915193822202e-006 	4.8529071036954594e-005
2.1762399999999998e+004 	3.5912919054212370e-005 	6.3275881950233271e-006 	4.2240507249235693e-005
2.3400799999999999e+004 	3.1772972738470861e-005 	5.4788391614264091e-006 	3.7251811899897274e-005
2.5039200000000001e+004 	2.8333098853264687e-005 	4.7835766439145215e-006 	3.3116675497179208e-005
2.6677600000000002e+004 	2.5441489336234828e-005 	4.2060144803555464e-006 	2.9647503816590372e-005
2.8316000000000000e+004 	2.2985076773185222e-005 	3.7231458164735200e-006 	2.6708222589658750e-005
-1500 0
-1.5000000000000000e+003 0.0000000000000000e+000 0.0000000000000000e+000
1
1 1 1 1
1
         t, ms                         dVp, mV                         dVs, mV                         dV, mV
5.0000000000000000e-001 	2.9778777829691773e-002 	8.6549408642027561e-003 	3.8433718693894531e-002
5.9999999999999998e-001 	2.9822024013029812e-002 	8.6550149397872471e-003 	3.8477038952817059e-002
6.9999999999999996e-001 	2.9850451038495488e-002 	8.6550214921264513e-003 	3.8505472530621941e-002
8.0000000000000004e-001 	2.9872836331744569e-002 	8.6549828763156835e-003 	3.8527819208060241e-002
9.0000000000000002e-001 	2.9891773685135889e-002 	8.6549188518418047e-003 	3.8546692536977678e-002
1.0000000000000000e+000 	2.9908259183701012e-002 	8.6548447706152956e-003 	3.8563103954316301e-002
1.1000000000000001e+000 	2.9922822084768316e-002 	8.6547717033585506e-003 	3.8577593788126863e-002
1.2000000000000000e+000 	2.9935815254022575e-002 	8.6547070623537916e-003 	3.8590522316376351e-002
1.3000000000000000e+000 	2.9947500604871898e-002 	8.6546552969692155e-003 	3.8602155901841101e-002
1.3999999999999999e+000 	2.9958081673300219e-002 	8.6546185660429584e-003 	3.8612700239343163e-002
1.6000000000000001e+000 	3.0309774361554909e-002 	8.6545892151454282e-003 	3.8964363576700342e-002
1.8000000000000000e+000 	2.9992433282943480e-002 	8.6546106015385378e-003 	3.8647043884482021e-002
2.0000000000000000e+000 	3.0005932052172307e-002 	8.6546682397027393e-003 	3.8660600291875041e-002
2.2000000000000002e+000 	3.0017669441414069e-002 	8.6547462955199085e-003 	3.8672415736933988e-002
2.3999999999999999e+000 	3.0027999937134196e-002 	8.6548294093906873e-003 	3.8682829346524887e-002
2.6000000000000001e+000 	3.0037187131392827e-002 	8.6549044388391349e-003 	3.8692091570231978e-002
2.7999999999999998e+000 	3.0045430003925337e-002 	8.6549612376910466e-003 	3.8700391241616387e-002
3.0000000000000000e+000 	3.0052881603928185e-002 	8.6549927945265993e-003 	3.8707874398454793e-002
3.2000000000000002e+000 	3.0059661863167601e-002 	8.6549949307714036e-003 	3.8714656793939012e-002
3.3999999999999999e+000 	3.0065866354861841e-002 	8.6549657786087753e-003 	3.8720832133470613e-002
3.6000000000000001e+000 	3.0071572362513368e-002 	8.6549051908847326e-003 	3.8726477553398087e-002
4.0000000000000000e+000 	3.0203702218801087e-002 	8.6546985636763250e-003 	3.8858400782477404e-002
4.4000000000000004e+000 	3.0090641191524711e-002 	8.6543750219199925e-003 	3.8745016213444713e-002
4.7999999999999998e+000 	3.0098396018476754e-002 	8.6539817751825204e-003 	3.8752377793659296e-002
5.2000000000000002e+000 	3.0105281246537240e-002 	8.6535117312565579e-003 	3.8758792977793798e-002
5.5999999999999996e+000 	3.0111482264849242e-002 	8.6529805097883342e-003 	3.8764462774637576e-002
6.0000000000000000e+000 	3.0117154741529206e-002 	8.6524071736187782e-003 	3.8769561915147958e-002
6.4000000000000004e+000 	3.0122430372059087e-002 	8.6518081236885303e-003 	3.8774238495747633e-002
6.7999999999999998e+000 	3.0127419098018960e-002 	8.6511969895703197e-003 	3.8778616087589285e-002
7.2000000000000002e+000 	3.0132209531318514e-002 	8.6505856627188543e-003 	3.8782795194037371e-002
7.5999999999999996e+000 	3.0136869098712962e-002 	8.6499848410690090e-003 	3.8786853939781971e-002
8.0000000000000000e+000 	3.0141444793756945e-002 	8.6494040669277024e-003 	3.8790848860684637e-002
8.8000000000000007e+000 	3.0217026328945747e-002 	8.6483406766785786e-003 	3.8865367005624332e-002
9.5999999999999996e+000 	3.0159201039702991e-002 	8.6474283288552542e-003 	3.8806629368558263e-002
1.0400000000000000e+001 	3.0167619312110591e-002 	8.6466804204484160e-003 	3.8814299732558996e-002
1.1199999999999999e+001 	3.0175517733753543e-002 	8.6460998733112800e-003 	3.8821617607064825e-002
1.2000000000000000e+001 	3.0182687982826820e-002 	8.6456652762962830e-003 	3.8828353259123101e-002
1.2800000000000001e+001 	3.0188925811835975e-002 	8.6453483307985385e-003 	3.8834274142634510e-002
1.3600000000000000e+001 	3.0194052699093477e-002 	8.6451169085015687e-003 	3.8839169607595043e-002
1.4400000000000000e+001 	3.0197926391334215e-002 	8.6449376631246178e-003 	3.8842864054458838e-002
1.5199999999999999e+001 	3.0200443506732760e-002 	8.6447787680031477e-003 	3.8845222274735913e-002
1.6000000000000000e+001 	3.0201537309399909e-002 	8.6446117677029255e-003 	3.8846149077102828e-002
1.6800000000000001e+001 	3.0201173056675922e-002 	8.6444122784299967e-003 	3.8845585335105910e-002
1.7600000000000001e+001 	3.0199342509409595e-002 	8.6441598098048675e-003 	3.8843502319214442e-002
1.8399999999999999e+001 	3.0196058535614842e-002 	8.6438370794539275e-003 	3.8839895615068773e-002
2.0000000000000000e+001 	3.0222014075310485e-002 	8.6429113203221070e-003 	3.8864925395632584e-002
2.1600000000000001e+001 	3.0169308809627014e-002 	8.6415131661201818e-003 	3.8810821975747201e-002
2.3199999999999999e+001 	3.0148447587031772e-002 	8.6395345998145322e-003 	3.8787982186846301e-002
2.4800000000000001e+001 	3.0123215919042177e-002 	8.6368594055910609e-003 	3.8760075324633228e-002
2.6399999999999999e+001 	3.0094099246982586e-002 	8.6333402341533649e-003 	3.8727439481135953e-002
2.8000000000000000e+001 	3.0061567695723913e-002 	8.6288258638036307e-003 	3.8690393559527546e-002
2.9600000000000001e+001 	3.0026060454900590e-002 	8.6231438790336633e-003 	3.8649204333934234e-002
3.1199999999999999e+001 	2.9987976687655845e-002 	8.6161096115887192e-003 	3.8604086299244549e-002
3.2800000000000004e+001 	2.9947671036101450e-002 	8.6075409259724379e-003 	3.8555211962073878e-002
3.4399999999999999e+001 	2.9905452271084751e-002 	8.5972679297673538e-003 	3.8502720200852110e-002
3.6000000000000000e+001 	2.9861584058567391e-002 	8.5851385766987729e-003 	3.8446722635266162e-002
3.7600000000000001e+001 	2.9816287129566549e-002 	8.5710224203925760e-003 	3.8387309549959128e-002
4.0800000000000004e+001 	2.9737261903636694e-002 	8.5363597669396839e-003 	3.8273621670576366e-002
4.4000000000000000e+001 	2.9624133857242069e-002 	8.4928955341701598e-003 	3.8117029391412233e-002
4.7199999999999996e+001 	2.9522502478377365e-002 	8.4405549340676889e-003 	3.7963057412445045e-002
5.0399999999999999e+001 	2.9417635088029196e-002 	8.3795638385553341e-003 	3.7797198926584542e-002
5.3600000000000001e+001 	2.9309601936798931e-002 	8.3104043468822091e-003 	3.7620006283681159e-002
5.6800000000000004e+001 	2.9198328807010877e-002 	8.2337560609233775e-003 	3.7432084867934250e-002
6.0000000000000000e+001 	2.9083659470264398e-002 	8.1504360914315798e-003 	3.7234095561695976e-002
6.3200000000000003e+001 	2.8965405399701168e-002 	8.0613421238079734e-003 	3.7026747523509151e-002
6.6400000000000006e+001 	2.8843381911860162e-002 	7.9673991038619833e-003 	3.6810781015722147e-002
6.9599999999999994e+001 	2.8717432210349884e-002 	7.8695166104065864e-003 	3.6586948820756485e-002
7.2799999999999997e+001 	2.8587441592650951e-002 	7.7685585496292398e-003 	3.6356000142280201e-002
7.9200000000000003e+001 	2.8321733218812331e-002 	7.5613733134277201e-003 	3.5883106532240035e-002
8.5599999999999994e+001 	2.8026781192921665e-002 	7.3503231053937187e-003 	3.5377104298315379e-002
9.2000000000000000e+001 	2.7723011709828764e-002 	7.1392898053932842e-003 	3.4862301515222051e-002
9.8400000000000006e+001 	2.7405020525746438e-002 	6.9312640575252219e-003 	3.4336284583271662e-002
1.0480000000000001e+002 	2.7074282422931955e-002 	6.7283592676400366e-003 	3.3802641690572004e-002
1.1119999999999999e+002 	2.6732453923225551e-002 	6.5319420735648909e-003 	3.3264395996790458e-002
1.1759999999999999e+002 	2.6381261389161935e-002 	6.3427968179242860e-003 	3.2724058207086217e-002
1.2400000000000000e+002 	2.6022415839952236e-002 	6.1612818630366146e-003 	3.2183697702988838e-002
1.3039999999999998e+002 	2.5657554144732555e-002 	5.9874591443525478e-003 	3.1645013289085110e-002
1.3680000000000001e+002 	2.5288202494704929e-002 	5.8211936564366894e-003 	3.1109396151141614e-002
1.4319999999999999e+002 	2.4915756970371766e-002 	5.6622265668836713e-003 	3.0577983537255438e-002
1.5600000000000000e+002 	2.4176260918036794e-002 	5.3643553992519964e-003 	2.9540616317288798e-002
1.6880000000000001e+002 	2.3420709003782732e-002 	5.0912167627689868e-003 	2.8511925766551715e-002
1.8160000000000002e+002 	2.2680645928142788e-002 	4.8401036648822128e-003 	2.7520749593025001e-002
1.9439999999999998e+002 	2.1952540075369956e-002 	4.6085080698369347e-003 	2.6561048145206888e-002
2.0719999999999999e+002 	2.1240122271335416e-002 	4.3941620394442951e-003 	2.5634284310779718e-002
2.2000000000000000e+002 	2.0546102383849980e-002 	4.1950761741296177e-003 	2.4741178557979596e-002
2.3280000000000001e+002 	1.9872362959575469e-002 	4.0095513682796170e-003 	2.3881914327855077e-002
2.4560000000000002e+002 	1.9220133208029212e-002 	3.8361520050827834e-003 	2.3056285213111982e-002
2.5840000000000003e+002 	1.8590133691764987e-002 	3.6736630317145014e-003 	2.2263796723479484e-002
2.7119999999999999e+002 	1.7982692543262221e-002 	3.5210487954298575e-003 	2.1503741338692081e-002
2.8400000000000000e+002 	1.7397837345586118e-002 	3.3774191106782951e-003 	2.0775256456264414e-002
2.9680000000000001e+002 	1.6835367320349046e-002 	3.2420023860184502e-003 	2.0077369706367493e-002
3.0959999999999997e+002 	1.6294909967921711e-002 	3.1141244501460903e-003 	1.9409034418067798e-002
3.3519999999999999e+002 	1.5289048219676440e-002 	2.8781724278019879e-003 	1.8167220647478426e-002
3.6080000000000001e+002 	1.4339818448370218e-002 	2.6659366077722568e-003 	1.7005755056142473e-002
3.8640000000000003e+002 	1.3477743376114936e-002 	2.4744172717872477e-003 	1.5952160647902183e-002
4.1200000000000000e+002 	1.2685174941549865e-002 	2.3010952357826612e-003 	1.4986270177332530e-002
4.3759999999999997e+002 	1.1956411021462793e-002 	2.1437442521485177e-003 	1.4100155273611314e-002
4.6319999999999999e+002 	1.1285935782368809e-002 	2.0004558256889243e-003 	1.3286391608057736e-002
4.8880000000000001e+002 	1.0668539918719992e-002 	1.8696159282719580e-003 	1.2538155846991953e-002
5.1439999999999998e+002 	1.0099383972097626e-002 	1.7498506496244335e-003 	1.1849234621722061e-002
5.4000000000000000e+002 	9.5740232144754193e-003 	1.6399787586611671e-003 	1.1214001973136588e-002
5.6560000000000002e+002 	9.0884077867333761e-003 	1.5389764463745283e-003 	1.0627384233107903e-002
5.9119999999999993e+002 	8.6388677757564345e-003 	1.4459508453145184e-003 	1.0084818621070954e-002
6.1680000000000007e+002 	8.2220898219661324e-003 	1.3601193531528656e-003 	9.5822091751190004e-003
6.6800000000000000e+002 	7.4842020319798195e-003 	1.2069443705012774e-003 	8.6911464024810973e-003
7.1919999999999993e+002 	6.8208753111806382e-003 	1.0749290663685451e-003 	7.8958043775491805e-003
7.7039999999999998e+002 	6.2531424054235200e-003 	9.6086352622377805e-004 	7.2140059316472983e-003
8.2160000000000002e+002 	5.7554184499249523e-003 	8.6200455602594380e-004 	6.6174230059508968e-003
8.7280000000000007e+002 	5.3166590631744236e-003 	7.7594565383339151e-004 	6.0926047170078174e-003
9.2400000000000000e+002 	4.9278028125332215e-003 	7.0069372371895570e-004 	5.6284965362521800e-003
9.7519999999999993e+002 	4.5814206008609575e-003 	6.3462362272583754e-004 	5.2160442235867936e-003
1.0264000000000001e+003 	4.2714031019193983e-003 	5.7640440197773959e-004 	4.8478075038971401e-003
1.0775999999999999e+003 	3.9927021308990831e-003 	5.2493643741537708e-004 	4.5176385683144580e-003
1.1288000000000000e+003 	3.7411229990983634e-003 	4.7930323456661878e-004 	4.2204262336649825e-003
1.1800000000000000e+003 	3.5131597630971719e-003 	4.3873502600119083e-004 	3.9518947890983631e-003
1.2824000000000001e+003 	3.1213848944669424e-003 	3.7001591160209119e-004 	3.4914008060690348e-003
1.3848000000000000e+003 	2.7795876078738312e-003 	3.1450988762605250e-004 	3.0940974954998860e-003
1.4872000000000000e+003 	2.4972921589069517e-003 	2.6973889154433342e-004 	2.7670310504512852e-003
1.5895999999999999e+003 	2.2567044024233776e-003 	2.3354212600718781e-004 	2.4902465284305651e-003
1.6920000000000000e+003 	2.0498742533722053e-003 	2.0408423782912005e-004 	2.2539584912013243e-003
1.7944000000000001e+003 	1.8706679495889334e-003 	1.7993330414640542e-004 	2.0506012537353387e-003
1.8968000000000000e+003 	1.7143160069985803e-003 	1.5999569787504512e-004 	1.8743117048736254e-003
1.9992000000000000e+003 	1.5770660013006605e-003 	1.4343044372704174e-004 	1.7204964450277024e-003
2.1015999999999999e+003 	1.4559277607694866e-003 	1.2958252039065949e-004 	1.5855102811601460e-003
2.2040000000000000e+003 	1.3484888593663564e-003 	1.1793622557346195e-004 	1.4664250849398177e-003
2.3064000000000001e+003 	1.2527807303554126e-003 	1.0808236861317098e-004 	1.3608630989685832e-003
2.5112000000000003e+003 	1.0920234345367197e-003 	9.2482699255580874e-005 	1.1845061337923003e-003
2.7160000000000000e+003 	9.5579131588553160e-004 	8.0572677509116802e-005 	1.0363639933946484e-003
2.9207999999999997e+003 	8.4690817924898247e-004 	7.1578334772071851e-005 	9.1848651402105450e-004
3.1255999999999999e+003 	7.5682724561212781e-004 	6.4693279145083485e-005 	8.2152052475721149e-004
3.3304000000000001e+003 	6.8151481445810234e-004 	5.9263784164691268e-005 	7.4077859862279358e-004
3.5352000000000003e+003 	6.1792181644973964e-004 	5.4850930215454718e-005 	6.7277274666519406e-004
3.7400000000000000e+003 	5.6372826375635811e-004 	5.1169525271264226e-005 	6.1489778902762242e-004
3.9447999999999997e+003 	5.1715075937015754e-004 	4.8029667296203568e-005 	5.6518042666636097e-004
4.1496000000000004e+003 	4.7680308748012637e-004 	4.5300937838816131e-005 	5.2210402531894238e-004
4.3543999999999996e+003 	4.4159614652996795e-004 	4.2891634339795108e-005 	4.8448778086976303e-004
4.5591999999999998e+003 	4.1066576019278453e-004 	4.0736074624281097e-005 	4.5140183481706567e-004
4.7640000000000000e+003 	3.8332001972495613e-004 	3.8786397964155666e-005 	4.2210641768911192e-004
4.9688000000000002e+003 	3.5900037182953537e-004 	3.7007121318154266e-005 	3.9600749314768949e-004
5.3783999999999996e+003 	3.1815103608113382e-004 	3.3933610621975626e-005 	3.5208464670310959e-004
5.7880000000000000e+003 	2.8329225006782342e-004 	3.1124672384766722e-005 	3.1441692245259020e-004
6.1976000000000004e+003 	2.5520301721065875e-004 	2.8703090671945978e-005 	2.8390610788260460e-004
6.6071999999999998e+003 	2.3164608298945866e-004 	2.6593027036465817e-005 	2.5823911002592447e-004
7.0168000000000002e+003 	2.1161428655814844e-004 	2.4717536398305409e-005 	2.3633182295645382e-004
7.4264000000000005e+003 	1.9436973041609074e-004 	2.3032516105371560e-005 	2.1740224652146221e-004
7.8360000000000000e+003 	1.7936652966172030e-004 	2.1510068252570939e-005 	2.0087659791429119e-004
8.2456000000000004e+003 	1.6619455371512956e-004 	2.0128906167669765e-005 	1.8632345988279939e-004
8.6552000000000007e+003 	1.5454019674262354e-004 	1.8871393134529240e-005 	1.7341158987715282e-004
9.0647999999999993e+003 	1.4415939352093918e-004 	1.7722618144362703e-005 	1.6188201166530191e-004
9.4743999999999996e+003 	1.3485902139783316e-004 	1.6669901325475788e-005 	1.5152892272330890e-004
1.0293600000000000e+004 	1.1916310062998938e-004 	1.4849135012953576e-005 	1.3401223564294299e-004
1.1112799999999999e+004 	1.0550067929956643e-004 	1.3205183418600725e-005 	1.1870586271816714e-004
1.1932000000000000e+004 	9.4443240622250400e-005 	1.1824802378265484e-005 	1.0626804300051593e-004
1.2751200000000001e+004 	8.5117331666054584e-005 	1.0641383584346237e-005 	9.5758715250400831e-005
1.3570400000000000e+004 	7.7166655536650407e-005 	9.6093280811492203e-006 	8.6775983617799591e-005
1.4389600000000000e+004 	7.0323490314938957e-005 	8.7031202328276252e-006 	7.9026610547766612e-005
1.5208799999999999e+004 	6.4384164345247005e-005 	7.9040801654457767e-006 	7.2288244510692749e-005
1.6027999999999998e+004 	5.9191318830693634e-005 	7.1968374276954884e-006 	6.6388156258389137e-005
1.6847200000000001e+004 	5.4621491842700158e-005 	6.5686130009958158e-006 	6.1190104843695983e-005
1.7666399999999998e+004 	5.0576448541652461e-005 	6.0087870679840970e-006 	5.6585235609636586e-005
1.8485600000000002e+004 	4.6977054640970291e-005 	5.5084856003821204e-006 	5.2485540241352396e-005
2.0124000000000000e+004 	4.0978017035875545e-005 	4.6701532325731791e-006 	4.5648170268448721e-005
2.1762399999999998e+004 	3.5798385260860328e-005 	3.9527798209574773e-006 	3.9751165081817796e-005
2.3400799999999999e+004 	3.1682578259016916e-005 	3.3863991185544693e-006 	3.5068977377571377e-005
2.5039200000000001e+004 	2.8260630266537267e-005 	2.9246107560348744e-006 	3.1185241022572161e-005
2.6677600000000002e+004 	2.5382589199971651e-005 	2.5429423767847068e-006 	2.7925531576756362e-005
2.8316000000000000e+004 	2.2936632357119442e-005 	2.2259388230050450e-006 	2.5162571180124490e-005
