-2050 0
-2.0500000000000000e+003 0.0000000000000000e+000 0.0000000000000000e+000
1
1 1 1 1
1
         t, ms                         dVp, mV                         dVs, mV                         dV, mV
5.0000000000000000e-001 	1.3769920912665240e-001 	1.0749285186859440e-002 	1.4844849431351190e-001
5.9999999999999998e-001 	1.3787825850263793e-001 	1.0750137282943023e-002 	1.4862839578558099e-001
6.9999999999999996e-001 	1.3799595432703213e-001 	1.0750074192548482e-002 	1.4874602851958063e-001
8.0000000000000004e-001 	1.3808863565261742e-001 	1.0749430269435048e-002 	1.4883806592205248e-001
9.0000000000000002e-001 	1.3816704122719176e-001 	1.0748484853800623e-002 	1.4891552608099234e-001
1.0000000000000000e+000 	1.3823529517353594e-001 	1.0747445707231951e-002 	1.4898274088076788e-001
1.1000000000000001e+000 	1.3829558884786375e-001 	1.0746456344702790e-002 	1.4904204519256645e-001
1.2000000000000000e+000 	1.3834938327942900e-001 	1.0745608021793175e-002 	1.4909499130122222e-001
1.3000000000000000e+000 	1.3839776290725669e-001 	1.0744951415700879e-002 	1.4914271432295761e-001
1.3999999999999999e+000 	1.3844157045689043e-001 	1.0744506959099554e-002 	1.4918607741598991e-001
1.6000000000000001e+000 	1.3989755019814792e-001 	1.0744207523640527e-002 	1.5064175772178845e-001
1.8000000000000000e+000 	1.3858379153177861e-001 	1.0744563508182373e-002 	1.4932835503996095e-001
2.0000000000000000e+000 	1.3863967815282677e-001 	1.0745365559204783e-002 	1.4938504371203162e-001
2.2000000000000002e+000 	1.3868827223122843e-001 	1.0746396523408853e-002 	1.4943466875463729e-001
2.3999999999999999e+000 	1.3873104144821882e-001 	1.0747457573223672e-002 	1.4947849902144242e-001
2.6000000000000001e+000 	1.3876907715086373e-001 	1.0748386018358133e-002 	1.4951746316922190e-001
2.7999999999999998e+000 	1.3880320316914685e-001 	1.0749061181424831e-002 	1.4955226435057159e-001
3.0000000000000000e+000 	1.3883405316381184e-001 	1.0749402858668785e-002 	1.4958345602248063e-001
3.2000000000000002e+000 	1.3886212368304224e-001 	1.0749365783278795e-002 	1.4961148946632102e-001
3.3999999999999999e+000 	1.3888781042260656e-001 	1.0748932335419306e-002 	1.4963674275802583e-001
3.6000000000000001e+000 	1.3891143335601466e-001 	1.0748105203199271e-002 	1.4965953855921391e-001
4.0000000000000000e+000 	1.3945843954765444e-001 	1.0745390852351457e-002 	1.5020383040000587e-001
4.4000000000000004e+000 	1.3899037803170294e-001 	1.0741324533977293e-002 	1.4973170256568036e-001
4.7999999999999998e+000 	1.3902248247572102e-001 	1.0736340764588778e-002 	1.4975882324030976e-001
5.2000000000000002e+000 	1.3905098587265866e-001 	1.0730507791834716e-002 	1.4978149366449334e-001
5.5999999999999996e+000 	1.3907665421688095e-001 	1.0724036743595788e-002 	1.4980069096047668e-001
6.0000000000000000e+000 	1.3910012894304977e-001 	1.0717147313081732e-002 	1.4981727625613148e-001
6.4000000000000004e+000 	1.3912195005228756e-001 	1.0710026476448859e-002 	1.4983197652873645e-001
6.7999999999999998e+000 	1.3914256461398258e-001 	1.0702829022458688e-002 	1.4984539363644125e-001
7.2000000000000002e+000 	1.3916232791831307e-001 	1.0695685653639276e-002 	1.4985801357195233e-001
7.5999999999999996e+000 	1.3918150362326137e-001 	1.0688707518755744e-002 	1.4987021114201715e-001
8.0000000000000000e+000 	1.3920026660612034e-001 	1.0681986872968712e-002 	1.4988225347908907e-001
8.8000000000000007e+000 	1.3951242522535454e-001 	1.0669625126139162e-002 	1.5018205035149365e-001
9.5999999999999996e+000 	1.3927175123626542e-001 	1.0658783603893643e-002 	1.4993053484015906e-001
1.0400000000000000e+001 	1.3930436861619760e-001 	1.0649385424484247e-002 	1.4995375404068187e-001
1.1199999999999999e+001 	1.3933361134115849e-001 	1.0641166052940992e-002 	1.4997477739409959e-001
1.2000000000000000e+001 	1.3935827953751204e-001 	1.0633588698929311e-002 	1.4999186823644134e-001
1.2800000000000001e+001 	1.3937717955790899e-001 	1.0626000808981342e-002 	1.5000318036689031e-001
1.3600000000000000e+001 	1.3938922167354750e-001 	1.0617689480207197e-002 	1.5000691115375472e-001
1.4400000000000000e+001 	1.3939346860464527e-001 	1.0607932235368905e-002 	1.5000140084001409e-001
1.5199999999999999e+001 	1.3938914866910335e-001 	1.0596045164589266e-002 	1.4998519383369258e-001
1.6000000000000000e+001 	1.3937564733371011e-001 	1.0581419521778651e-002 	1.4995706685548885e-001
1.6800000000000001e+001 	1.3935248797731609e-001 	1.0563544218784927e-002 	1.4991603219610111e-001
1.7600000000000001e+001 	1.3931930914760601e-001 	1.0542016141212342e-002 	1.4986132528881826e-001
1.8399999999999999e+001 	1.3927584259768364e-001 	1.0516541398032439e-002 	1.4979238399571607e-001
2.0000000000000000e+001 	1.3930770253776190e-001 	1.0453117174355009e-002 	1.4976081971211688e-001
2.1600000000000001e+001 	1.3899591727027955e-001 	1.0373007540961413e-002 	1.4936892481124089e-001
2.3199999999999999e+001 	1.3879172014178273e-001 	1.0276915452493691e-002 	1.4906863559427647e-001
2.4800000000000001e+001 	1.3854474858380231e-001 	1.0166260751455760e-002 	1.4871100933525810e-001
2.6399999999999999e+001 	1.3825549109376462e-001 	1.0042823269592998e-002 	1.4829831436335766e-001
2.8000000000000000e+001 	1.3792474410356706e-001 	9.9087021713967355e-003 	1.4783344627496378e-001
2.9600000000000001e+001 	1.3755357419332864e-001 	9.7659945249181940e-003 	1.4731956871824681e-001
3.1199999999999999e+001 	1.3714328437144269e-001 	9.6166834479727865e-003 	1.4675996781941553e-001
3.2800000000000004e+001 	1.3669538091794081e-001 	9.4626032557409093e-003 	1.4615798417368170e-001
3.4399999999999999e+001 	1.3621153919858175e-001 	9.3054083789268806e-003 	1.4551694757750860e-001
3.6000000000000000e+001 	1.3569356856395051e-001 	9.1465490438507567e-003 	1.4484011760780130e-001
3.7600000000000001e+001 	1.3514337736831936e-001 	8.9872630525702473e-003 	1.4413064042088977e-001
4.0800000000000004e+001 	1.3401661336660944e-001 	8.6722523961006211e-003 	1.4268886576271000e-001
4.4000000000000000e+001 	1.3266629565612881e-001 	8.3651153014587983e-003 	1.4103141095758770e-001
4.7199999999999996e+001 	1.3128644287744343e-001 	8.0695483151694974e-003 	1.3935599119261297e-001
5.0399999999999999e+001 	1.2983192452155023e-001 	7.7878721162736681e-003 	1.3761979663782392e-001
5.3600000000000001e+001 	1.2831636417848410e-001 	7.5212369611432038e-003 	1.3583760113962734e-001
5.6800000000000004e+001 	1.2675217096223093e-001 	7.2699515358331515e-003 	1.3402212249806406e-001
6.0000000000000000e+001 	1.2515043174206239e-001 	7.0337916348260469e-003 	1.3218422337688845e-001
6.3200000000000003e+001 	1.2352090723049511e-001 	6.8122312855130899e-003 	1.3033313851600817e-001
6.6400000000000006e+001 	1.2187209240624543e-001 	6.6045759830483048e-003 	1.2847666838929370e-001
6.9599999999999994e+001 	1.2021131377944656e-001 	6.4100448699854545e-003 	1.2662135864943200e-001
7.2799999999999997e+001 	1.1854484424355051e-001 	6.2278257547388654e-003 	1.2477266999828933e-001
7.9200000000000003e+001 	1.1525185570749152e-001 	5.8961353962575591e-003 	1.2114799110374909e-001
8.5599999999999994e+001 	1.1192633069260412e-001 	5.6042088333308378e-003 	1.1753053952593491e-001
9.2000000000000000e+001 	1.0868481584650418e-001 	5.3467915949330612e-003 	1.1403160744143731e-001
9.8400000000000006e+001 	1.0551263737150239e-001 	5.1191613276002704e-003 	1.1063179869910267e-001
1.0480000000000001e+002 	1.0242140184310831e-001 	4.9171512241498808e-003 	1.0733855306725817e-001
1.1119999999999999e+002 	9.9418700739927507e-002 	4.7370851434471303e-003 	1.0415578588337468e-001
1.1759999999999999e+002 	9.6509090234607145e-002 	4.5757474508688577e-003 	1.0108483768547599e-001
1.2400000000000000e+002 	9.3694880993623622e-002 	4.4303662813997974e-003 	9.8125247275023406e-002
1.3039999999999998e+002 	9.0976741668960609e-002 	4.2985796459591311e-003 	9.5275321314919767e-002
1.3680000000000001e+002 	8.8354149947198937e-002 	4.1783864909294231e-003 	9.2532536438128407e-002
1.4319999999999999e+002 	8.5825727205991312e-002 	4.0680955370948251e-003 	8.9893822743086133e-002
1.5600000000000000e+002 	8.1092225655219882e-002 	3.8706288208541235e-003 	8.4962854476074004e-002
1.6880000000000001e+002 	7.6599555425315838e-002 	3.6983843023927656e-003 	8.0297939727708600e-002
1.8160000000000002e+002 	7.2483849905262715e-002 	3.5452028034579819e-003 	7.6029052708720679e-002
1.9439999999999998e+002 	6.8669154033014324e-002 	3.4068941892800506e-003 	7.2076048222294367e-002
2.0719999999999999e+002 	6.5132219354350276e-002 	3.2802313109376291e-003 	6.8412450665287922e-002
2.2000000000000000e+002 	6.1850617973351757e-002 	3.1627046896213732e-003 	6.5013322662973161e-002
2.3280000000000001e+002 	5.8803199214488844e-002 	3.0524874339022457e-003 	6.1855686648391084e-002
2.4560000000000002e+002 	5.5970309549495001e-002 	2.9482979937534926e-003 	5.8918607543248500e-002
2.5840000000000003e+002 	5.3333861850904093e-002 	2.8492324155345869e-003 	5.6183094266438693e-002
2.7119999999999999e+002 	5.0877313896034948e-002 	2.7546375093328032e-003 	5.3631951405367757e-002
2.8400000000000000e+002 	4.8585595741154931e-002 	2.6640291344627704e-003 	5.1249624875617704e-002
2.9680000000000001e+002 	4.6445011110515314e-002 	2.5770401829267502e-003 	4.9022051293442052e-002
3.0959999999999997e+002 	4.4443128215189920e-002 	2.4933861049369166e-003 	4.6936514320126820e-002
3.3519999999999999e+002 	4.0853070909402080e-002 	2.3358210229124958e-003 	4.3188891932314587e-002
3.6080000000000001e+002 	3.7587271489549448e-002 	2.1884674452652352e-003 	3.9775738934814682e-002
3.8640000000000003e+002 	3.4746586483205541e-002 	2.0508333750300371e-003 	3.6797419858235557e-002
4.1200000000000000e+002 	3.2223786630278750e-002 	1.9228404808481008e-003 	3.4146627111126836e-002
4.3759999999999997e+002 	2.9973920481111083e-002 	1.8037761042554550e-003 	3.1777696585366541e-002
4.6319999999999999e+002 	2.7959269213973830e-002 	1.6928553335395064e-003 	2.9652124547513346e-002
4.8880000000000001e+002 	2.6148196935753491e-002 	1.5894355213129352e-003 	2.7737632457066431e-002
5.1439999999999998e+002 	2.4514099725045205e-002 	1.4929768424784731e-003 	2.6007076567523688e-002
5.4000000000000000e+002 	2.3034517377017564e-002 	1.4029935598787325e-003 	2.4437510936896292e-002
5.6560000000000002e+002 	2.1690404424681758e-002 	1.3190337695889180e-003 	2.3009438194270683e-002
5.9119999999999993e+002 	2.0465538087081177e-002 	1.2406734632703529e-003 	2.1706211550351528e-002
6.1680000000000007e+002 	1.9346038448570465e-002 	1.1675151744291736e-003 	2.0513553622999628e-002
6.6800000000000000e+002 	1.7400875817396043e-002 	1.0361500739836085e-003 	1.8437025891379657e-002
7.1919999999999993e+002 	1.5683557097532736e-002 	9.1982235652661275e-004 	1.6603379454059351e-002
7.7039999999999998e+002 	1.4245775867942586e-002 	8.1766043427791615e-004 	1.5063436302220507e-002
8.2160000000000002e+002 	1.3006486784245645e-002 	7.2840954745559308e-004 	1.3734896331701239e-002
8.7280000000000007e+002 	1.1929896440180724e-002 	6.5024862546633777e-004 	1.2580145065647060e-002
9.2400000000000000e+002 	1.0987802691727982e-002 	5.8156470721283790e-004 	1.1569367398940817e-002
9.7519999999999993e+002 	1.0157889486133274e-002 	5.2105327520072435e-004 	1.0678942761333998e-002
1.0264000000000001e+003 	9.4223574212591067e-003 	4.6764160161030441e-004 	9.8899990228694095e-003
1.0775999999999999e+003 	8.7668783517862846e-003 	4.2042609413727426e-004 	9.1873044459235623e-003
1.1288000000000000e+003 	8.1798105272398898e-003 	3.7863472965294812e-004 	8.5584452568928365e-003
1.1800000000000000e+003 	7.6516101549753846e-003 	3.4160311068641051e-004 	7.9932132656617919e-003
1.2824000000000001e+003 	6.7518608918598752e-003 	2.8025951850754299e-004 	7.0321204103674173e-003
1.3848000000000000e+003 	5.9743727350051430e-003 	2.3024159027660625e-004 	6.2046143252817501e-003
1.4872000000000000e+003 	5.3391147352927631e-003 	1.9059344895786768e-004 	5.5297081842506299e-003
1.5895999999999999e+003 	4.8023209213487669e-003 	1.5954402534262165e-004 	4.9618649466913866e-003
1.6920000000000000e+003 	4.3442513429287899e-003 	1.3513518430810484e-004 	4.4793865272368958e-003
1.7944000000000001e+003 	3.9499141980461755e-003 	1.1584364544336153e-004 	4.0657578434895366e-003
1.8968000000000000e+003 	3.6078161955337938e-003 	1.0054401060338005e-004 	3.7083602061371737e-003
1.9992000000000000e+003 	3.3090268518431664e-003 	8.8383738163712796e-005 	3.3974105900068797e-003
2.1015999999999999e+003 	3.0465066534691057e-003 	7.8700331982907624e-005 	3.1252069854520131e-003
2.2040000000000000e+003 	2.8146298675617220e-003 	7.0972601073410145e-005 	2.8856024686351317e-003
2.3064000000000001e+003 	2.6088440739642487e-003 	6.4788799647546628e-005 	2.6736328736117958e-003
2.5112000000000003e+003 	2.2647636189793456e-003 	5.6353037752278904e-005 	2.3211166567316242e-003
2.7160000000000000e+003 	1.9747703583886610e-003 	4.9756356276681594e-005 	2.0245267146653425e-003
2.9207999999999997e+003 	1.7443359469405018e-003 	4.5374003461102515e-005 	1.7897099504016046e-003
3.1255999999999999e+003 	1.5546060689537980e-003 	4.2522672129985170e-005 	1.5971287410837835e-003
3.3304000000000001e+003 	1.3966460683099999e-003 	4.0507273648325127e-005 	1.4371533419583250e-003
3.5352000000000003e+003 	1.2637556791039038e-003 	3.8936105723332671e-005 	1.3026917848272368e-003
3.7400000000000000e+003 	1.1508735502665530e-003 	3.7607410468520583e-005 	1.1884809607350740e-003
3.9447999999999997e+003 	1.0541338683889888e-003 	3.6413000423309633e-005 	1.0905468688122985e-003
4.1496000000000004e+003 	9.7054859961548108e-004 	3.5293090973208447e-005 	1.0058416905886897e-003
4.3543999999999996e+003 	8.9778161729105340e-004 	3.4215323778695922e-005 	9.3199694106974951e-004
4.5591999999999998e+003 	8.3398719918556942e-004 	3.3163469142354692e-005 	8.6715066832792394e-004
4.7640000000000000e+003 	7.7769315324562158e-004 	3.2130656561478903e-005 	8.0982380980710016e-004
4.9688000000000002e+003 	7.2771505311272047e-004 	3.1115213991948438e-005 	7.5883026710466884e-004
5.3783999999999996e+003 	6.4395106946160316e-004 	2.9435086436382725e-005 	6.7338615589798559e-004
5.7880000000000000e+003 	5.7262955676054984e-004 	2.7319867468387907e-005 	5.9994942422893780e-004
6.1976000000000004e+003 	5.1531269782639192e-004 	2.5461120976054494e-005 	5.4077381880244656e-004
6.6071999999999998e+003 	4.6734150444275170e-004 	2.3809518098256031e-005 	4.9115102254100791e-004
7.0168000000000002e+003 	4.2661815627019245e-004 	2.2290228698997011e-005 	4.4890838496918937e-004
7.4264000000000005e+003 	3.9161096098093358e-004 	2.0886559121616769e-005 	4.1249752010255028e-004
7.8360000000000000e+003 	3.6119038737259960e-004 	1.9595919326645264e-005 	3.8078630669924471e-004
8.2456000000000004e+003 	3.3451019986144732e-004 	1.8414143029842690e-005 	3.5292434289128986e-004
8.6552000000000007e+003 	3.1092491786460536e-004 	1.7334490912357952e-005 	3.2825940877696330e-004
9.0647999999999993e+003 	2.8993326012975831e-004 	1.6349000351010882e-005 	3.0628226048076918e-004
9.4743999999999996e+003 	2.7113930313606355e-004 	1.5449451652753145e-005 	2.8658875478881663e-004
1.0293600000000000e+004 	2.3945078981250584e-004 	1.4012976510562742e-005 	2.5346376632306847e-004
1.1112799999999999e+004 	2.1188593256378385e-004 	1.2544478402440179e-005 	2.2443041096622399e-004
1.1932000000000000e+004 	1.8960131586291871e-004 	1.1405617271566237e-005 	2.0100693313448498e-004
1.2751200000000001e+004 	1.7082042441621370e-004 	1.0470262030553384e-005 	1.8129068644676713e-004
1.3570400000000000e+004 	1.5481912162007851e-004 	9.6715377251801495e-006 	1.6449065934525864e-004
1.4389600000000000e+004 	1.4105411146491341e-004 	8.9834656856303522e-006 	1.5003757715054380e-004
1.5208799999999999e+004 	1.2911263174671114e-004 	8.3880669189097564e-006 	1.3750069866562086e-004
1.6027999999999998e+004 	1.1867614755764225e-004 	7.8698327731281296e-006 	1.2654598033077038e-004
1.6847200000000001e+004 	1.0949498668115980e-004 	7.4156682994095746e-006 	1.1691065498056936e-004
1.7666399999999998e+004 	1.0137065992644095e-004 	7.0148034484813493e-006 	1.0838546337492229e-004
1.8485600000000002e+004 	9.4143387865103082e-005 	6.6584512357122447e-006 	1.0080183910081532e-004
2.0124000000000000e+004 	8.2102395621863809e-005 	6.1047718506050354e-006 	8.8207167472468853e-005
2.1762399999999998e+004 	7.1708703184933782e-005 	5.5368415300469110e-006 	7.7245544714980665e-005
2.3400799999999999e+004 	6.3453497982478662e-005 	5.1128888699997157e-006 	6.8566386852478363e-005
2.5039200000000001e+004 	5.6592083172110234e-005 	4.7547647184990472e-006 	6.1346847890609291e-005
2.6677600000000002e+004 	5.0822740727682888e-005 	4.4392676939828441e-006 	5.5262008421665709e-005
2.8316000000000000e+004 	4.5920608784448756e-005 	4.1581421859518127e-006 	5.0078750970400588e-005
-2350 0
-2.3500000000000000e+003 0.0000000000000000e+000 0.0000000000000000e+000
1
1 1 1 1
1
         t, ms                         dVp, mV                         dVs, mV                         dV, mV
5.0000000000000000e-001 	1.1037266996818915e-001 	5.2306229921204993e-003 	1.1560329296030966e-001
5.9999999999999998e-001 	1.1051154623524258e-001 	5.2313812469601461e-003 	1.1574292748220272e-001
6.9999999999999996e-001 	1.1060283511033457e-001 	5.2313154290800018e-003 	1.1583415053941454e-001
8.0000000000000004e-001 	1.1067472187517781e-001 	5.2307283696080903e-003 	1.1590545024478592e-001
9.0000000000000002e-001 	1.1073553579455669e-001 	5.2298722264691247e-003 	1.1596540802102578e-001
1.0000000000000000e+000 	1.1078847569303714e-001 	5.2289340603153683e-003 	1.1601740975335251e-001
1.1000000000000001e+000 	1.1083524128373469e-001 	5.2280427581935405e-003 	1.1606328404192827e-001
1.2000000000000000e+000 	1.1087696580882894e-001 	5.2272800219220362e-003 	1.1610424583075095e-001
1.3000000000000000e+000 	1.1091449040949680e-001 	5.2266909903981766e-003 	1.1614118139989504e-001
1.3999999999999999e+000 	1.1094846873940711e-001 	5.2262935988109426e-003 	1.1617476233821801e-001
1.6000000000000001e+000 	1.1207774191600255e-001 	5.2260295595628831e-003 	1.1730377147556539e-001
1.8000000000000000e+000 	1.1105877904254498e-001 	5.2263541258380404e-003 	1.1628513316838306e-001
2.0000000000000000e+000 	1.1110212601825853e-001 	5.2270779339158137e-003 	1.1632920395217429e-001
2.2000000000000002e+000 	1.1113981666751571e-001 	5.2280049711434552e-003 	1.1636782163865918e-001
2.3999999999999999e+000 	1.1117298937621398e-001 	5.2289565534234458e-003 	1.1640194592963742e-001
2.6000000000000001e+000 	1.1120249063095260e-001 	5.2297869844007651e-003 	1.1643227761535335e-001
2.7999999999999998e+000 	1.1122895942174195e-001 	5.2303885201883454e-003 	1.1645934794193030e-001
3.0000000000000000e+000 	1.1125288723594440e-001 	5.2306897409116673e-003 	1.1648357697685599e-001
3.2000000000000002e+000 	1.1127465921242756e-001 	5.2306504554415767e-003 	1.1650530966786916e-001
3.3999999999999999e+000 	1.1129458226502256e-001 	5.2302551406555502e-003 	1.1652483740567815e-001
3.6000000000000001e+000 	1.1131290457559886e-001 	5.2295064022163558e-003 	1.1654241097781523e-001
4.0000000000000000e+000 	1.1173716804411951e-001 	5.2270570611526266e-003 	1.1696422510527216e-001
4.4000000000000004e+000 	1.1137413514131411e-001 	5.2234057331431768e-003 	1.1659754087445730e-001
4.7999999999999998e+000 	1.1139903566469082e-001 	5.2189215078216073e-003 	1.1661795717251247e-001
5.2000000000000002e+000 	1.1142114291461107e-001 	5.2136860560550186e-003 	1.1663482897066613e-001
5.5999999999999996e+000 	1.1144105059383107e-001 	5.2078913426509155e-003 	1.1664894193648201e-001
6.0000000000000000e+000 	1.1145925538200842e-001 	5.2017328920723653e-003 	1.1666098827408077e-001
6.4000000000000004e+000 	1.1147617468715942e-001 	5.1953770510918037e-003 	1.1667155173825119e-001
6.7999999999999998e+000 	1.1149215305380576e-001 	5.1889614160289879e-003 	1.1668111446983478e-001
7.2000000000000002e+000 	1.1150746288971987e-001 	5.1826012626686145e-003 	1.1669006415238846e-001
7.5999999999999996e+000 	1.1152230445443165e-001 	5.1763931413957697e-003 	1.1669869759582742e-001
8.0000000000000000e+000 	1.1153680799590411e-001 	5.1704154173140516e-003 	1.1670722341321813e-001
8.8000000000000007e+000 	1.1177871814781802e-001 	5.1593943998038102e-003 	1.1693811254762183e-001
9.5999999999999996e+000 	1.1159169724075174e-001 	5.1496544154506114e-003 	1.1674135165620232e-001
1.0400000000000000e+001 	1.1161638152126090e-001 	5.1410710414875223e-003 	1.1675745256274835e-001
1.1199999999999999e+001 	1.1163810940863106e-001 	5.1333432436519756e-003 	1.1677145265228307e-001
1.2000000000000000e+001 	1.1165585416211896e-001 	5.1259316005042126e-003 	1.1678178576262316e-001
1.2800000000000001e+001 	1.1166858932839011e-001 	5.1181939013843717e-003 	1.1678678322977450e-001
1.3600000000000000e+001 	1.1167536662118882e-001 	5.1094387445348574e-003 	1.1678480536572373e-001
1.4400000000000000e+001 	1.1167535497902048e-001 	5.0989739090677626e-003 	1.1677432888808818e-001
1.5199999999999999e+001 	1.1166785166906060e-001 	5.0861509208236779e-003 	1.1675400258988429e-001
1.6000000000000000e+001 	1.1165227634815510e-001 	5.0703985394753258e-003 	1.1672267488763045e-001
1.6800000000000001e+001 	1.1162815665837249e-001 	5.0512432117111247e-003 	1.1667939987008361e-001
1.7600000000000001e+001 	1.1159511113968321e-001 	5.0283182649626329e-003 	1.1662342940464578e-001
1.8399999999999999e+001 	1.1155283285070983e-001 	5.0013646410162326e-003 	1.1655419749172605e-001
2.0000000000000000e+001 	1.1155576924605128e-001 	4.9348963761127965e-003 	1.1649066562216411e-001
2.1600000000000001e+001 	1.1128683229315177e-001 	4.8518194202473398e-003 	1.1613865171339915e-001
2.3199999999999999e+001 	1.1109425535525523e-001 	4.7530434319128789e-003 	1.1584729878716807e-001
2.4800000000000001e+001 	1.1086131208152457e-001 	4.6401734346049345e-003 	1.1550148551612949e-001
2.6399999999999999e+001 	1.1058800344869761e-001 	4.5151806191939640e-003 	1.1510318406789161e-001
2.8000000000000000e+001 	1.1027469537396845e-001 	4.3803243191059748e-003 	1.1465501969307440e-001
2.9600000000000001e+001 	1.0992209079300562e-001 	4.2378618136111011e-003 	1.1415995260661672e-001
3.1199999999999999e+001 	1.0953119800344246e-001 	4.0899324757805644e-003 	1.1362113047922302e-001
3.2800000000000004e+001 	1.0910329466061622e-001 	3.9385114256340632e-003 	1.1304180608625024e-001
3.4399999999999999e+001 	1.0863988794102648e-001 	3.7853737312059156e-003 	1.1242526167223232e-001
3.6000000000000000e+001 	1.0814267242484056e-001 	3.6320698758487060e-003 	1.1177474230068928e-001
3.7600000000000001e+001 	1.0761348765763727e-001 	3.4799182419664202e-003 	1.1109340589960370e-001
4.0800000000000004e+001 	1.0651538055543955e-001 	3.1841735357791864e-003 	1.0969955409121879e-001
4.4000000000000000e+001 	1.0522293939996313e-001 	2.9030698701540381e-003 	1.0812600927011715e-001
4.7199999999999996e+001 	1.0388841774442355e-001 	2.6402556198815365e-003 	1.0652867336430509e-001
5.0399999999999999e+001 	1.0248128716039667e-001 	2.3978069753020706e-003 	1.0487909413569874e-001
5.3600000000000001e+001 	1.0101579913965693e-001 	2.1764720138935417e-003 	1.0319227115355048e-001
5.6800000000000004e+001 	9.9505001150501204e-002 	1.9760366687217794e-003 	1.0148103781922302e-001
6.0000000000000000e+001 	9.7960578831307557e-002 	1.7956672631826579e-003 	9.9756246094490172e-002
6.3200000000000003e+001 	9.6392819325364851e-002 	1.6341747542069033e-003 	9.8026994079571730e-002
6.6400000000000006e+001 	9.4810653303756390e-002 	1.4901838296379612e-003 	9.6300837133394379e-002
6.9599999999999994e+001 	9.3221744750659460e-002 	1.3622448052656377e-003 	9.4583989555925119e-002
7.2799999999999997e+001 	9.1632606104809222e-002 	1.2489096236009646e-003 	9.2881515728410177e-002
7.9200000000000003e+001 	8.8505429570243099e-002 	1.0589390370918327e-003 	8.9564368607334924e-002
8.5599999999999994e+001 	8.5379469734404217e-002 	9.1164949620911335e-004 	8.6291119230613347e-002
9.2000000000000000e+001 	8.2353343138295412e-002 	7.9887873175983940e-004 	8.3152221870055248e-002
9.8400000000000006e+001 	7.9416763921893035e-002 	7.1364647342863708e-004 	8.0130410395321677e-002
1.0480000000000001e+002 	7.6579583434207316e-002 	6.5018060848137356e-004 	7.7229764042688706e-002
1.1119999999999999e+002 	7.3847401115503669e-002 	6.0376362736610178e-004 	7.4451164742869780e-002
1.1759999999999999e+002 	7.1222689186106275e-002 	5.7058283022923435e-004 	7.1793272016335521e-002
1.2400000000000000e+002 	6.8705688517755936e-002 	5.4759695626574142e-004 	6.9253285474021681e-002
1.3039999999999998e+002 	6.6295083214962164e-002 	5.3240470409339567e-004 	6.6827487919055573e-002
1.3680000000000001e+002 	6.3988494862795356e-002 	5.2312038954269852e-004 	6.4511615252338048e-002
1.4319999999999999e+002 	6.1782839806482158e-002 	5.1826675843656353e-004 	6.2301106564918718e-002
1.5600000000000000e+002 	5.7700330591786059e-002 	5.1677074897691928e-004 	5.8217101340762974e-002
1.6880000000000001e+002 	5.3883634154818498e-002 	5.2229696365112244e-004 	5.4405931118469621e-002
1.8160000000000002e+002 	5.0439581027142709e-002 	5.3090079838985125e-004 	5.0970481825532571e-002
1.9439999999999998e+002 	4.7293026844974231e-002 	5.4042971841943325e-004 	4.7833456563393648e-002
2.0719999999999999e+002 	4.4415771394685624e-002 	5.4950384103240530e-004 	4.4965275235718027e-002
2.2000000000000000e+002 	4.1781646065935381e-002 	5.5722727524888421e-004 	4.2338873341184274e-002
2.3280000000000001e+002 	3.9366750158909475e-002 	5.6313121582708117e-004 	3.9929881374736555e-002
2.4560000000000002e+002 	3.7149470724845909e-002 	5.6705811091532115e-004 	3.7716528835761223e-002
2.5840000000000003e+002 	3.5110384121201821e-002 	5.6903378594719593e-004 	3.5679417907149014e-002
2.7119999999999999e+002 	3.3232098856612706e-002 	5.6917889812374111e-004 	3.3801277754736452e-002
2.8400000000000000e+002 	3.1499074966714335e-002 	5.6765827430496727e-004 	3.2066733241019295e-002
2.9680000000000001e+002 	2.9897439965791559e-002 	5.6465327001952793e-004 	3.0462093235811078e-002
3.0959999999999997e+002 	2.8414812165685869e-002 	5.6034652819454385e-004 	2.8975158693880402e-002
3.3519999999999999e+002 	2.5794564911092818e-002 	5.4938058276312609e-004 	2.6343945493855932e-002
3.6080000000000001e+002 	2.3446904653752466e-002 	5.3439909425223315e-004 	2.3981303748004720e-002
3.8640000000000003e+002 	2.1443115768438450e-002 	5.1673614900314441e-004 	2.1959851917441597e-002
4.1200000000000000e+002 	1.9691838784616576e-002 	4.9778193106841473e-004 	2.0189620715684992e-002
4.3759999999999997e+002 	1.8153012806261349e-002 	4.7816052466664671e-004 	1.8631173330927994e-002
4.6319999999999999e+002 	1.6793801730456713e-002 	4.5822353752073821e-004 	1.7252025267977457e-002
4.8880000000000001e+002 	1.5587283771228994e-002 	4.3826708037396676e-004 	1.6025550851602954e-002
5.1439999999999998e+002 	1.4511304611553557e-002 	4.1853825107878914e-004 	1.4929842862632341e-002
5.4000000000000000e+002 	1.3547539398757330e-002 	3.9922465831749578e-004 	1.3946764057074823e-002
5.6560000000000002e+002 	1.2680744974623463e-002 	3.8045906412855916e-004 	1.3061204038752026e-002
5.9119999999999993e+002 	1.1898168790940661e-002 	3.6233015434359683e-004 	1.2260498945284250e-002
6.1680000000000007e+002 	1.1189081993685016e-002 	3.4489322875782288e-004 	1.1533975222442839e-002
6.6800000000000000e+002 	9.9713515860091542e-003 	3.1303682543598306e-004 	1.0284388411445137e-002
7.1919999999999993e+002 	8.9086488633243546e-003 	2.8297048544222446e-004 	9.1916193487665762e-003
7.7039999999999998e+002 	8.0318505317004737e-003 	2.5550942772717774e-004 	8.2873599594276478e-003
8.2160000000000002e+002 	7.2848332855574866e-003 	2.3096539914910469e-004 	7.5157986847065933e-003
8.7280000000000007e+002 	6.6425447908975161e-003 	2.0904491086232648e-004 	6.8515897017598429e-003
9.2400000000000000e+002 	6.0856213017164889e-003 	1.8942237193021795e-004 	6.2750436736467045e-003
9.7519999999999993e+002 	5.5990107751087382e-003 	1.7184414201645856e-004 	5.7708549171251958e-003
1.0264000000000001e+003 	5.1708995041056674e-003 	1.5610268324317721e-004 	5.3270021873488456e-003
1.0775999999999999e+003 	4.7919136830782598e-003 	1.4201538329047041e-004 	4.9339290663687292e-003
1.1288000000000000e+003 	4.4545340384426696e-003 	1.2941667090271563e-004 	4.5839507093453869e-003
1.1800000000000000e+003 	4.1526664351000135e-003 	1.1815581283515748e-004 	4.2708222479351694e-003
1.2824000000000001e+003 	3.6420669124708708e-003 	9.9710541008459148e-005 	3.7417774534793304e-003
1.3848000000000000e+003 	3.2042519222335235e-003 	8.4045879908267355e-005 	3.2882978021417908e-003
1.4872000000000000e+003 	2.8496875401358788e-003 	7.1517941359313810e-005 	2.9212054814951932e-003
1.5895999999999999e+003 	2.5522188171152775e-003 	6.1768554972262924e-005 	2.6139873720875417e-003
1.6920000000000000e+003 	2.2999698043404933e-003 	5.4153532942110007e-005 	2.3541233372826038e-003
1.7944000000000001e+003 	2.0840212706844529e-003 	4.8166809846268387e-005 	2.1321880805307211e-003
1.8968000000000000e+003 	1.8976054314446419e-003 	4.3446417664741013e-005 	1.9410518491093840e-003
1.9992000000000000e+003 	1.7355120917941121e-003 	3.9720752232384576e-005 	1.7752328440264965e-003
2.1015999999999999e+003 	1.5936679977776905e-003 	3.6776929868552425e-005 	1.6304449276462426e-003
2.2040000000000000e+003 	1.4688417362915842e-003 	3.4445519985710712e-005 	1.5032872562772946e-003
2.3064000000000001e+003 	1.3584355259741445e-003 	3.2591625104626014e-005 	1.3910271510787706e-003
2.5112000000000003e+003 	1.1745959449069828e-003 	3.0279761426234153e-005 	1.2048757063332165e-003
2.7160000000000000e+003 	1.0204332485426783e-003 	2.8138582896559979e-005 	1.0485718314392381e-003
2.9207999999999997e+003 	8.9859139318143729e-004 	2.6670559125692337e-005 	9.2526195230712967e-004
3.1255999999999999e+003 	7.9872275036205111e-004 	2.5678631602771623e-005 	8.2440138196482305e-004
3.3304000000000001e+003 	7.1590659899112654e-004 	2.4899393599805357e-005 	7.4080599259093195e-004
3.5352000000000003e+003 	6.4647800019180070e-004 	2.4201352427951969e-005 	6.7067935261975250e-004
3.7400000000000000e+003 	5.8768596091460928e-004 	2.3530534619907219e-005 	6.1121649553451645e-004
3.9447999999999997e+003 	5.3744122293920751e-004 	2.2865160182867207e-005 	5.6030638312207486e-004
4.1496000000000004e+003 	4.9413702980328350e-004 	2.2197329046513281e-005 	5.1633435884979679e-004
4.3543999999999996e+003 	4.5652273577675436e-004 	2.1525907151144738e-005 	4.7804864292789914e-004
4.5591999999999998e+003 	4.2361410190967319e-004 	2.0853130961235351e-005 	4.4446723287090852e-004
4.7640000000000000e+003 	3.9462881569793910e-004 	2.0182692974713464e-005 	4.1481150867265267e-004
4.9688000000000002e+003 	3.6893945735716173e-004 	1.9518641783253354e-005 	3.8845809914041528e-004
5.3783999999999996e+003 	3.2597710881175819e-004 	1.8387657561395131e-005 	3.4436476637315347e-004
5.7880000000000000e+003 	2.8947731952916821e-004 	1.7028594243860205e-005 	3.0650591377302848e-004
6.1976000000000004e+003 	2.6022336994346233e-004 	1.5829518068205675e-005 	2.7605288801166804e-004
6.6071999999999998e+003 	2.3578927601893482e-004 	1.4762277696555470e-005 	2.5055155371549030e-004
7.0168000000000002e+003 	2.1508245349694921e-004 	1.3785161533448899e-005 	2.2886761503039811e-004
7.4264000000000005e+003 	1.9730781815070251e-004 	1.2887950549831640e-005 	2.1019576870053410e-004
7.8360000000000000e+003 	1.8188085205739194e-004 	1.2067408427630886e-005 	1.9394826048502284e-004
8.2456000000000004e+003 	1.6836485030767906e-004 	1.1319275960357055e-005 	1.7968412626803612e-004
8.6552000000000007e+003 	1.5642751599571059e-004 	1.0638059598266989e-005 	1.6706557559397763e-004
9.0647999999999993e+003 	1.4581132907085680e-004 	1.0017849446914737e-005 	1.5582917851777157e-004
9.4743999999999996e+003 	1.3631326483894081e-004 	9.4528357877289767e-006 	1.4576610062666978e-004
1.0293600000000000e+004 	1.2031379264157159e-004 	8.5400540820472592e-006 	1.2885384672361883e-004
1.1112799999999999e+004 	1.0640579000843285e-004 	7.6324608596776947e-006 	1.1403825086811050e-004
1.1932000000000000e+004 	9.5174673822840658e-005 	6.9221602727435402e-006 	1.0209683409558419e-004
1.2751200000000001e+004 	8.5716695981323900e-005 	6.3361215775902930e-006 	9.2052817558914223e-005
1.3570400000000000e+004 	7.7663749362250588e-005 	5.8355320183429850e-006 	8.3499281380593597e-005
1.4389600000000000e+004 	7.0740077901137503e-005 	5.4042403131420075e-006 	7.6144318214279506e-005
1.5208799999999999e+004 	6.4736465426724747e-005 	5.0307879344666099e-006 	6.9767253361191373e-005
1.6027999999999998e+004 	5.9491647308693697e-005 	4.7054447803450864e-006 	6.4197092089038810e-005
1.6847200000000001e+004 	5.4879349512353840e-005 	4.4200922648071836e-006 	5.9299441777161012e-005
1.7666399999999998e+004 	5.0799270835613687e-005 	4.1680885775793717e-006 	5.4967359413193046e-005
1.8485600000000002e+004 	4.7170731080243291e-005 	3.9440247168067829e-006 	5.1114755797050079e-005
2.0124000000000000e+004 	4.1127779517571241e-005 	3.5911260875475963e-006 	4.4718905605118816e-005
2.1762399999999998e+004 	3.5912919054211645e-005 	3.2406148977702321e-006 	3.9153533951981882e-005
2.3400799999999999e+004 	3.1772972738470312e-005 	2.9759248915737635e-006 	3.4748897630044066e-005
2.5039200000000001e+004 	2.8333098853264199e-005 	2.7530853264273814e-006 	3.1086184179691592e-005
2.6677600000000002e+004 	2.5441489336234435e-005 	2.5583542059060785e-006 	2.7999843542140521e-005
2.8316000000000000e+004 	2.2985076773184931e-005 	2.3862389174980123e-006 	2.5371315690682944e-005
-1750 0
-1.7500000000000000e+003 0.0000000000000000e+000 0.0000000000000000e+000
1
1 1 1 1
1
         t, ms                         dVp, mV                         dVs, mV                         dV, mV
5.0000000000000000e-001 	2.9778777829741671e-002 	5.4783188719404394e-003 	3.5257096701682110e-002
5.9999999999999998e-001 	2.9822024013099521e-002 	5.4784342253560861e-003 	3.5300458238455602e-002
6.9999999999999996e-001 	2.9850451038476552e-002 	5.4784326172659025e-003 	3.5328883655742466e-002
8.0000000000000004e-001 	2.9872836331898547e-002 	5.4783553706156778e-003 	3.5351191702514224e-002
9.0000000000000002e-001 	2.9891773685178865e-002 	5.4782377064342908e-003 	3.5370011391613158e-002
1.0000000000000000e+000 	2.9908259183563074e-002 	5.4781062213349486e-003 	3.5386365404898021e-002
1.1000000000000001e+000 	2.9922822084675199e-002 	5.4779795500894618e-003 	3.5400801634764667e-002
1.2000000000000000e+000 	2.9935815254334863e-002 	5.4778697365990446e-003 	3.5413684990933912e-002
1.3000000000000000e+000 	2.9947500604848406e-002 	5.4777836442678170e-003 	3.5425284249116215e-002
1.3999999999999999e+000 	2.9958081673287288e-002 	5.4777242384548598e-003 	3.5435805911742148e-002
1.6000000000000001e+000 	3.0309774361488958e-002 	5.4776808781350278e-003 	3.5787455239623983e-002
1.8000000000000000e+000 	2.9992433283049104e-002 	5.4777225677962484e-003 	3.5470155850845363e-002
2.0000000000000000e+000 	3.0005932052139320e-002 	5.4778230994735229e-003 	3.5483755151612846e-002
2.2000000000000002e+000 	3.0017669441384051e-002 	5.4779550533783968e-003 	3.5495624494762429e-002
2.3999999999999999e+000 	3.0027999937138405e-002 	5.4780927277051240e-003 	3.5506092664843544e-002
2.6000000000000001e+000 	3.0037187131382679e-002 	5.4782147300515794e-003 	3.5515401861434280e-002
2.7999999999999998e+000 	3.0045430003935936e-002 	5.4783049909643477e-003 	3.5523734994900275e-002
3.0000000000000000e+000 	3.0052881603940113e-002 	5.4783527544103863e-003 	3.5531234358350497e-002
3.2000000000000002e+000 	3.0059661863119300e-002 	5.4783519422115729e-003 	3.5538013805330879e-002
3.3999999999999999e+000 	3.0065866354826637e-002 	5.4783002010112799e-003 	3.5544166555837912e-002
3.6000000000000001e+000 	3.0071572362510124e-002 	5.4781978890010201e-003 	3.5549770251511126e-002
4.0000000000000000e+000 	3.0203702218820273e-002 	5.4778581829394305e-003 	3.5681560401759696e-002
4.4000000000000004e+000 	3.0090641191460644e-002 	5.4773359301558818e-003 	3.5567977121616537e-002
4.7999999999999998e+000 	3.0098396018530454e-002 	5.4767072786403668e-003 	3.5575103297170819e-002
5.2000000000000002e+000 	3.0105281246514334e-002 	5.4759627985113022e-003 	3.5581244045025641e-002
5.5999999999999996e+000 	3.0111482264924133e-002 	5.4751278199725636e-003 	3.5586610084896692e-002
6.0000000000000000e+000 	3.0117154741492118e-002 	5.4742323828294408e-003 	3.5591387124321562e-002
6.4000000000000004e+000 	3.0122430372074398e-002 	5.4733019132949361e-003 	3.5595732285369337e-002
6.7999999999999998e+000 	3.0127419098037275e-002 	5.4723573149850100e-003 	3.5599776413022297e-002
7.2000000000000002e+000 	3.0132209531307522e-002 	5.4714167744689575e-003 	3.5603626305776459e-002
7.5999999999999996e+000 	3.0136869098691826e-002 	5.4704967800494391e-003 	3.5607365878741276e-002
8.0000000000000000e+000 	3.0141444793757251e-002 	5.4696122708887424e-003 	3.5611057064645998e-002
8.8000000000000007e+000 	3.0217026328954660e-002 	5.4680120803026937e-003 	3.5685038409257366e-002
9.5999999999999996e+000 	3.0159201039687177e-002 	5.4666742611074988e-003 	3.5625875300794668e-002
1.0400000000000000e+001 	3.0167619312134950e-002 	5.4656297139379553e-003 	3.5633249026072920e-002
1.1199999999999999e+001 	3.0175517733733621e-002 	5.4648943305097867e-003 	3.5640412064243412e-002
1.2000000000000000e+001 	3.0182687982847546e-002 	5.4644464331888203e-003 	3.5647134416036376e-002
1.2800000000000001e+001 	3.0188925811829383e-002 	5.4642522162607230e-003 	3.5653178028090114e-002
1.3600000000000000e+001 	3.0194052699062099e-002 	5.4642695554087892e-003 	3.5658322254470895e-002
1.4400000000000000e+001 	3.0197926391363369e-002 	5.4644516903973256e-003 	3.5662378081760704e-002
1.5199999999999999e+001 	3.0200443506732438e-002 	5.4647515557893636e-003 	3.5665195062521811e-002
1.6000000000000000e+001 	3.0201537309383276e-002 	5.4651251004580953e-003 	3.5666662409841357e-002
1.6800000000000001e+001 	3.0201173056660539e-002 	5.4655330807120150e-003 	3.5666706137372557e-002
1.7600000000000001e+001 	3.0199342509409352e-002 	5.4659416250704175e-003 	3.5665284134479787e-002
1.8399999999999999e+001 	3.0196058535600385e-002 	5.4663220262341607e-003 	3.5662380561834538e-002
2.0000000000000000e+001 	3.0222014075316675e-002 	5.4668928874911215e-003 	3.5688906962807805e-002
2.1600000000000001e+001 	3.0169308809636908e-002 	5.4670811447911881e-003 	3.5636389954428097e-002
2.3199999999999999e+001 	3.0148447587028896e-002 	5.4667765885193153e-003 	3.5615224175548209e-002
2.4800000000000001e+001 	3.0123215919046823e-002 	5.4658920070787004e-003 	3.5589107926125532e-002
2.6399999999999999e+001 	3.0094099247000874e-002 	5.4643247073347364e-003 	3.5558423954335602e-002
2.8000000000000000e+001 	3.0061567695707288e-002 	5.4619922509535112e-003 	3.5523559946660815e-002
2.9600000000000001e+001 	3.0026060454904607e-002 	5.4587964434448175e-003 	3.5484856898349425e-002
3.1199999999999999e+001 	2.9987976687651196e-002 	5.4546274749130014e-003 	3.5442604162564187e-002
3.2800000000000004e+001 	2.9947671036090525e-002 	5.4493773689517936e-003 	3.5397048405042320e-002
3.4399999999999999e+001 	2.9905452271092224e-002 	5.4429467153968821e-003 	3.5348398986489102e-002
3.6000000000000000e+001 	2.9861584058564632e-002 	5.4352467909855231e-003 	3.5296830849550140e-002
3.7600000000000001e+001 	2.9816287129573849e-002 	5.4262007165023045e-003 	3.5242487846076150e-002
4.0800000000000004e+001 	2.9737261903631594e-002 	5.4037830872523422e-003 	3.5141044990883941e-002
4.4000000000000000e+001 	2.9624133857244234e-002 	5.3754355625873565e-003 	3.4999569419831594e-002
4.7199999999999996e+001 	2.9522502478383998e-002 	5.3411161860983155e-003 	3.4863618664482308e-002
5.0399999999999999e+001 	2.9417635088028291e-002 	5.3009672435772341e-003 	3.4718602331605529e-002
5.3600000000000001e+001 	2.9309601936791885e-002 	5.2552876916670344e-003 	3.4564889628458925e-002
5.6800000000000004e+001 	2.9198328807018930e-002 	5.2045038018204660e-003 	3.4402832608839390e-002
6.0000000000000000e+001 	2.9083659470263663e-002 	5.1491396304441019e-003 	3.4232799100707756e-002
6.3200000000000003e+001 	2.8965405399698829e-002 	5.0897854492182775e-003 	3.4055190848917102e-002
6.6400000000000006e+001 	2.8843381911861091e-002 	5.0270613527180850e-003 	3.3870443264579192e-002
6.9599999999999994e+001 	2.8717432210348965e-002 	4.9615861839100986e-003 	3.3679018394259061e-002
7.2799999999999997e+001 	2.8587441592652668e-002 	4.8939550002565007e-003 	3.3481396592909170e-002
7.9200000000000003e+001 	2.8321733218813153e-002 	4.7549934183995874e-003 	3.3076726637212742e-002
8.5599999999999994e+001 	2.8026781192920038e-002 	4.6133442280925935e-003 	3.2640125421012640e-002
9.2000000000000000e+001 	2.7723011709829225e-002 	4.4717872934493192e-003 	3.2194799003278547e-002
9.8400000000000006e+001 	2.7405020525746435e-002 	4.3324920756132191e-003 	3.1737512601359659e-002
1.0480000000000001e+002 	2.7074282422932992e-002 	4.1970052740918128e-003 	3.1271287697024808e-002
1.1119999999999999e+002 	2.6732453923226488e-002 	4.0663294419223230e-003 	3.0798783365148800e-002
1.1759999999999999e+002 	2.6381261389162133e-002 	3.9410365572025317e-003 	3.0322297946364676e-002
1.2400000000000000e+002 	2.6022415839953312e-002 	3.8213810826637821e-003 	2.9843796922617100e-002
1.3039999999999998e+002 	2.5657554144730595e-002 	3.7073948263618641e-003 	2.9364948971092455e-002
1.3680000000000001e+002 	2.5288202494705026e-002 	3.5989601187818628e-003 	2.8887162613486887e-002
1.4319999999999999e+002 	2.4915756970372582e-002 	3.4958641598012972e-003 	2.8411621130173877e-002
1.5600000000000000e+002 	2.4176260918036381e-002 	3.3042092485419563e-003 	2.7480470166578341e-002
1.6880000000000001e+002 	2.3420709003782882e-002 	3.1302813203772394e-003 	2.6550990324160119e-002
1.8160000000000002e+002 	2.2680645928141768e-002 	2.9719091569241057e-003 	2.5652555085065865e-002
1.9439999999999998e+002 	2.1952540075370106e-002 	2.8271138378230692e-003 	2.4779653913193169e-002
2.0719999999999999e+002 	2.1240122271333640e-002 	2.6940986160890819e-003 	2.3934220887422711e-002
2.2000000000000000e+002 	2.0546102383850660e-002 	2.5712910344180212e-003 	2.3117393418268680e-002
2.3280000000000001e+002 	1.9872362959573817e-002 	2.4573688456839531e-003 	2.2329731805257776e-002
2.4560000000000002e+002 	1.9220133208029636e-002 	2.3512398391088347e-003 	2.1571373047138468e-002
2.5840000000000003e+002 	1.8590133691764949e-002 	2.2520018902095129e-003 	2.0842135581974463e-002
2.7119999999999999e+002 	1.7982692543262797e-002 	2.1589047971552373e-003 	2.0141597340418038e-002
2.8400000000000000e+002 	1.7397837345586656e-002 	2.0713196616455832e-003 	1.9469157007232243e-002
2.9680000000000001e+002 	1.6835367320348311e-002 	1.9887150390053457e-003 	1.8824082359353653e-002
3.0959999999999997e+002 	1.6294909967921486e-002 	1.9106381982660217e-003 	1.8205548166187510e-002
3.3519999999999999e+002 	1.5289048219676077e-002 	1.7663257357479368e-003 	1.7055373955424013e-002
3.6080000000000001e+002 	1.4339818448370586e-002 	1.6359163955148080e-003 	1.5975734843885387e-002
3.8640000000000003e+002 	1.3477743376114924e-002 	1.5176470087911004e-003 	1.4995390384906026e-002
4.1200000000000000e+002 	1.2685174941550043e-002 	1.4101046384974185e-003 	1.4095279580047462e-002
4.3759999999999997e+002 	1.1956411021462741e-002 	1.3119875987843588e-003 	1.3268398620247090e-002
4.6319999999999999e+002 	1.1285935782368504e-002 	1.2221847355143780e-003 	1.2508120517882882e-002
4.8880000000000001e+002 	1.0668539918720375e-002 	1.1397781089824012e-003 	1.1808318027702778e-002
5.1439999999999998e+002 	1.0099383972097564e-002 	1.0639980629556694e-003 	1.1163382035053232e-002
5.4000000000000000e+002 	9.5740232144755008e-003 	9.9418545487320754e-004 	1.0568208669348709e-002
5.6560000000000002e+002 	9.0884077867331558e-003 	9.2976733110273558e-004 	1.0018175117835893e-002
5.9119999999999993e+002 	8.6388677757566670e-003 	8.7024074698355258e-004 	9.5091085227402162e-003
6.1680000000000007e+002 	8.2220898219661793e-003 	8.1516114195249567e-004 	9.0372509639186725e-003
6.6800000000000000e+002 	7.4842020319795307e-003 	7.1679115784848411e-004 	8.2009931898280129e-003
7.1919999999999993e+002 	6.8208753111807172e-003 	6.3147319915586879e-004 	7.4523485103365839e-003
7.7039999999999998e+002 	6.2531424054234680e-003 	5.5756543190755865e-004 	6.8107078373310249e-003
8.2160000000000002e+002 	5.7554184499249679e-003 	4.9353343770879769e-004 	6.2489518876337634e-003
8.7280000000000007e+002 	5.3166590631741487e-003 	4.3786927359358346e-004 	5.7545283367677292e-003
9.2400000000000000e+002 	4.9278028125332640e-003 	3.8930116684567719e-004 	5.3171039793789400e-003
9.7519999999999993e+002 	4.5814206008609930e-003 	3.4679150008749441e-004 	4.9282121009484861e-003
1.0264000000000001e+003 	4.2714031019195995e-003 	3.0948614962573231e-004 	4.5808892515453292e-003
1.0775999999999999e+003 	3.9927021308991031e-003 	2.7667325796984168e-004 	4.2693753888689446e-003
1.1288000000000000e+003 	3.7411229990984857e-003 	2.4775388886924950e-004 	3.9888768879677364e-003
1.1800000000000000e+003 	3.5131597630968774e-003 	2.2222059767764975e-004 	3.7353803607745274e-003
1.2824000000000001e+003 	3.1213848944670669e-003 	1.7972117571642452e-004 	3.3011060701834917e-003
1.3848000000000000e+003 	2.7795876078738086e-003 	1.4566419498869202e-004 	2.9252518028625002e-003
1.4872000000000000e+003 	2.4972921589069860e-003 	1.1877089921494653e-004 	2.6160630581219314e-003
1.5895999999999999e+003 	2.2567044024233806e-003 	9.7646838075605367e-005 	2.3543512404989851e-003
1.6920000000000000e+003 	2.0498742533722027e-003 	8.0989179537461375e-005 	2.1308634329096640e-003
1.7944000000000001e+003 	1.8706679495888682e-003 	6.7789439963609582e-005 	1.9384573895524784e-003
1.8968000000000000e+003 	1.7143160069986645e-003 	5.7291121379908312e-005 	1.7716071283785720e-003
1.9992000000000000e+003 	1.5770660013006397e-003 	4.8918624673777320e-005 	1.6259846259744169e-003
2.1015999999999999e+003 	1.4559277607695215e-003 	4.2226408457556534e-005 	1.4981541692270786e-003
2.2040000000000000e+003 	1.3484888593663072e-003 	3.6865831675953237e-005 	1.3853546910422598e-003
2.3064000000000001e+003 	1.2527807303554664e-003 	3.2562459120412096e-005 	1.2853431894758786e-003
2.5112000000000003e+003 	1.0920234345367208e-003 	2.6475861336852333e-005 	1.1184992958735733e-003
2.7160000000000000e+003 	9.5579131588551111e-004 	2.2032784077971480e-005 	9.7782409996348277e-004
2.9207999999999997e+003 	8.4690817924899266e-004 	1.9119456581730500e-005 	8.6602763583072293e-004
3.1255999999999999e+003 	7.5682724561212434e-004 	1.7253956765930770e-005 	7.7408120237805488e-004
3.3304000000000001e+003 	6.8151481445810570e-004 	1.6006911373332229e-005 	6.9752172583143781e-004
3.5352000000000003e+003 	6.1792181644974061e-004 	1.5120005540294966e-005 	6.3304182199003559e-004
3.7400000000000000e+003 	5.6372826375635714e-004 	1.4446827849425000e-005 	5.7817509160578242e-004
3.9447999999999997e+003 	5.1715075937013326e-004 	1.3901875362779337e-005 	5.3105263473291256e-004
4.1496000000000004e+003 	4.7680308748012631e-004 	1.3433838183652619e-005 	4.9023692566377871e-004
4.3543999999999996e+003 	4.4159614652996806e-004 	1.3011850340183026e-005 	4.5460799687015098e-004
4.5591999999999998e+003 	4.1066576019279136e-004 	1.2617663038893806e-005 	4.2328342323168526e-004
4.7640000000000000e+003 	3.8332001972495451e-004 	1.2240838045166206e-005 	3.9556085777012071e-004
4.9688000000000002e+003 	3.5900037182954101e-004 	1.1875718294416252e-005 	3.7087609012395725e-004
5.3783999999999996e+003 	3.1815103608113105e-004 	1.1302229316862058e-005 	3.2945326539799314e-004
5.7880000000000000e+003 	2.8329225006783020e-004 	1.0522876468346277e-005 	2.9381512653617645e-004
6.1976000000000004e+003 	2.5520301721065468e-004 	9.8432347129809393e-006 	2.6504625192363561e-004
6.6071999999999998e+003 	2.3164608298945790e-004 	9.2414409049993831e-006 	2.4088752389445729e-004
7.0168000000000002e+003 	2.1161428655815006e-004 	8.6838786193362336e-006 	2.2029816517748636e-004
7.4264000000000005e+003 	1.9436973041609011e-004 	8.1637891205106076e-006 	2.0253351953660069e-004
7.8360000000000000e+003 	1.7936652966171870e-004 	7.6815847797216384e-006 	1.8704811444144034e-004
8.2456000000000004e+003 	1.6619455371513062e-004 	7.2371503411222786e-006 	1.7343170405625290e-004
8.6552000000000007e+003 	1.5454019674262311e-004 	6.8290596947189312e-006 	1.6136925643734198e-004
9.0647999999999993e+003 	1.4415939352093899e-004 	6.4551069110564018e-006 	1.5061450043199541e-004
9.4743999999999996e+003 	1.3485902139783333e-004 	6.1127526363478077e-006 	1.4097177403418114e-004
1.0293600000000000e+004 	1.1916310062999016e-004 	5.5758688884431982e-006 	1.2473896951843331e-004
1.1112799999999999e+004 	1.0550067929956562e-004 	5.0032809527865509e-006 	1.1050396025235214e-004
1.1932000000000000e+004 	9.4443240622250535e-005 	4.5652362822244409e-006 	9.9008476904475002e-005
1.2751200000000001e+004 	8.5117331666053852e-005 	4.2079504750153764e-006 	8.9325282141069232e-005
1.3570400000000000e+004 	7.7166655536650718e-005 	3.9030071349285374e-006 	8.1069662671579237e-005
1.4389600000000000e+004 	7.0323490314938293e-005 	3.6403613340450046e-006 	7.3963851648983320e-005
1.5208799999999999e+004 	6.4384164345248035e-005 	3.4133241055210232e-006 	6.7797488450769050e-005
1.6027999999999998e+004 	5.9191318830692536e-005 	3.2159833098337419e-006 	6.2407302140526303e-005
1.6847200000000001e+004 	5.4621491842699541e-005 	3.0432566775667625e-006 	5.7664748520266300e-005
1.7666399999999998e+004 	5.0576448541654575e-005 	2.8909313503984250e-006 	5.3467379892053011e-005
1.8485600000000002e+004 	4.6977054640969444e-005 	2.7555610335683971e-006 	4.9732615674537825e-005
2.0124000000000000e+004 	4.0978017035875856e-005 	2.5496688796629708e-006 	4.3527685915538816e-005
2.1762399999999998e+004 	3.5798385260860003e-005 	2.3277866760896177e-006 	3.8126171936949616e-005
2.3400799999999999e+004 	3.1682578259016652e-005 	2.1649882981534694e-006 	3.3847566557170105e-005
2.5039200000000001e+004 	2.8260630266537745e-005 	2.0267672409644842e-006 	3.0287397507502232e-005
2.6677600000000002e+004 	2.5382589199971919e-005 	1.9035226450457778e-006 	2.7286111845017696e-005
2.8316000000000000e+004 	2.2936632357119313e-005 	1.7923990441902384e-006 	2.4729031401309545e-005
