-550 0
-5.5000000000000000e+002 0.0000000000000000e+000 0.0000000000000000e+000
1
1 1 1 1
1
         t, ms                         dVp, mV                         dVs, mV                         dV, mV
5.0000000000000000e-001 	1.3769920912664468e-001 	8.1383586365795489e-004 	1.3851304499030259e-001
5.9999999999999998e-001 	1.3787825850278199e-001 	8.1383466970847123e-004 	1.3869209317249043e-001
6.9999999999999996e-001 	1.3799595432721970e-001 	8.1383532738411261e-004 	1.3880978965460383e-001
8.0000000000000004e-001 	1.3808863565250612e-001 	8.1383704374470912e-004 	1.3890247269625083e-001
9.0000000000000002e-001 	1.3816704122712578e-001 	8.1383913776101149e-004 	1.3898088036488671e-001
1.0000000000000000e+000 	1.3823529517361427e-001 	8.1384112110552951e-004 	1.3904913629471977e-001
1.1000000000000001e+000 	1.3829558884787557e-001 	8.1384269240146381e-004 	1.3910943154027702e-001
1.2000000000000000e+000 	1.3834938327917928e-001 	8.1384370124718919e-004 	1.3916322698042649e-001
1.3000000000000000e+000 	1.3839776290737987e-001 	8.1384410813040175e-004 	1.3921160701551019e-001
1.3999999999999999e+000 	1.3844157045682623e-001 	8.1384395022400893e-004 	1.3925541440705028e-001
1.6000000000000001e+000 	1.3989755019813341e-001 	8.1384247190950275e-004 	1.4071139267004296e-001
1.8000000000000000e+000 	1.3858379153180417e-001 	8.1384010129928225e-004 	1.3939763163310345e-001
2.0000000000000000e+000 	1.3863967815272729e-001 	8.1383764158831360e-004 	1.3945351579431559e-001
2.2000000000000002e+000 	1.3868827223128855e-001 	8.1383572744733702e-004 	1.3950210795873594e-001
2.3999999999999999e+000 	1.3873104144825407e-001 	8.1383471291007249e-004 	1.3954487616116412e-001
2.6000000000000001e+000 	1.3876907715072787e-001 	8.1383469637944211e-004 	1.3958291184710736e-001
2.7999999999999998e+000 	1.3880320316916681e-001 	8.1383560168086806e-004 	1.3961703877084763e-001
3.0000000000000000e+000 	1.3883405316380579e-001 	8.1383726639798894e-004 	1.3964789043020381e-001
3.2000000000000002e+000 	1.3886212368296927e-001 	8.1383950248040246e-004 	1.3967596318544961e-001
3.3999999999999999e+000 	1.3888781042267315e-001 	8.1384211995435499e-004 	1.3970165254262751e-001
3.6000000000000001e+000 	1.3891143335606715e-001 	8.1384492318406639e-004 	1.3972527827925121e-001
4.0000000000000000e+000 	1.3945843954756840e-001 	8.1384989218050055e-004 	1.4027228943974893e-001
4.4000000000000004e+000 	1.3899037803172268e-001 	8.1385252035647915e-004 	1.3980423055207919e-001
4.7999999999999998e+000 	1.3902248247565868e-001 	8.1385169450385176e-004 	1.3983633417016253e-001
5.2000000000000002e+000 	1.3905098587274053e-001 	8.1384605181166868e-004 	1.3986483192455218e-001
5.5999999999999996e+000 	1.3907665421684676e-001 	8.1383545193983316e-004 	1.3989048966878653e-001
6.0000000000000000e+000 	1.3910012894309776e-001 	8.1382063499049826e-004 	1.3991394957808831e-001
6.4000000000000004e+000 	1.3912195005224939e-001 	8.1380268181798713e-004 	1.3993575273406744e-001
6.7999999999999998e+000 	1.3914256461395777e-001 	8.1378244447243508e-004 	1.3995634705843019e-001
7.2000000000000002e+000 	1.3916232791830693e-001 	8.1376003914449316e-004 	1.3997608795745151e-001
7.5999999999999996e+000 	1.3918150362330928e-001 	8.1373448250269067e-004 	1.3999523810581194e-001
8.0000000000000000e+000 	1.3920026660605106e-001 	8.1370352278387840e-004 	1.4001397012883487e-001
8.8000000000000007e+000 	1.3951242522538423e-001 	8.1360353375952322e-004 	1.4032602875914379e-001
9.5999999999999996e+000 	1.3927175123626828e-001 	8.1342373223206520e-004 	1.4008517496850034e-001
1.0400000000000000e+001 	1.3930436861618864e-001 	8.1312015131586313e-004 	1.4011748876750457e-001
1.1199999999999999e+001 	1.3933361134116024e-001 	8.1264710787362301e-004 	1.4014625844903386e-001
1.2000000000000000e+001 	1.3935827953750302e-001 	8.1195949889712512e-004 	1.4017023903640013e-001
1.2800000000000001e+001 	1.3937717955793641e-001 	8.1101457671575684e-004 	1.4018819413465225e-001
1.3600000000000000e+001 	1.3938922167352943e-001 	8.0977148332710093e-004 	1.4019899315685649e-001
1.4400000000000000e+001 	1.3939346860463603e-001 	8.0819004032062355e-004 	1.4020165864495662e-001
1.5199999999999999e+001 	1.3938914866910582e-001 	8.0622965684303775e-004 	1.4019537832594894e-001
1.6000000000000000e+001 	1.3937564733373839e-001 	8.0384871766177801e-004 	1.4017949605140018e-001
1.6800000000000001e+001 	1.3935248797732316e-001 	8.0100456613594153e-004 	1.4015349254345916e-001
1.7600000000000001e+001 	1.3931930914760138e-001 	7.9765404891683788e-004 	1.4011696319651823e-001
1.8399999999999999e+001 	1.3927584259768963e-001 	7.9375449019490065e-004 	1.4006959708788447e-001
2.0000000000000000e+001 	1.3930770253775154e-001 	7.8410409027360065e-004 	1.4009180662802506e-001
2.1600000000000001e+001 	1.3899591727028812e-001 	7.7182521913066572e-004 	1.3976774248941884e-001
2.3199999999999999e+001 	1.3879172014177044e-001 	7.5674170858264212e-004 	1.3954846185035313e-001
2.4800000000000001e+001 	1.3854474858381005e-001 	7.3876200162534896e-004 	1.3928351058543537e-001
2.6399999999999999e+001 	1.3825549109376714e-001 	7.1788974709511633e-004 	1.3897338084086230e-001
2.8000000000000000e+001 	1.3792474410357053e-001 	6.9422143269625130e-004 	1.3861896553626679e-001
2.9600000000000001e+001 	1.3755357419333183e-001 	6.6793538055928648e-004 	1.3822150957389104e-001
3.1199999999999999e+001 	1.3714328437144346e-001 	6.3927602059218576e-004 	1.3778256039203562e-001
3.2800000000000004e+001 	1.3669538091795008e-001 	6.0853608695346528e-004 	1.3730391700490363e-001
3.4399999999999999e+001 	1.3621153919858492e-001 	5.7603892707645083e-004 	1.3678757812566142e-001
3.6000000000000000e+001 	1.3569356856394454e-001 	5.4212247257182599e-004 	1.3623569103651637e-001
3.7600000000000001e+001 	1.3514337736830401e-001 	5.0712570240812362e-004 	1.3565050307071216e-001
4.0800000000000004e+001 	1.3401661336661155e-001 	4.3556781497333435e-004 	1.3445218118158478e-001
4.4000000000000000e+001 	1.3266629565613641e-001 	3.6336873754091504e-004 	1.3302966439367733e-001
4.7199999999999996e+001 	1.3128644287743788e-001 	2.9235986150286743e-004 	1.3157880273894079e-001
5.0399999999999999e+001 	1.2983192452155543e-001 	2.2402748523742420e-004 	1.3005595200679287e-001
5.3600000000000001e+001 	1.2831636417848727e-001 	1.5947692727755441e-004 	1.2847584110576482e-001
5.6800000000000004e+001 	1.2675217096222596e-001 	9.9458155868908772e-005 	1.2685162911809481e-001
6.0000000000000000e+001 	1.2515043174207530e-001 	4.4417539761576741e-005 	1.2519484928183686e-001
6.3200000000000003e+001 	1.2352090723049025e-001 	-5.4425958298356617e-006 	1.2351546463466045e-001
6.6400000000000006e+001 	1.2187209240625015e-001 	-5.0106347372736530e-005 	1.2182198605887744e-001
6.9599999999999994e+001 	1.2021131377944863e-001 	-8.9693402178719401e-005 	1.2012162037726991e-001
7.2799999999999997e+001 	1.1854484424355047e-001 	-1.2441684981810447e-004 	1.1842042739373231e-001
7.9200000000000003e+001 	1.1525185570749527e-001 	-1.8081590651369077e-004 	1.1507103980098154e-001
8.5599999999999994e+001 	1.1192633069260711e-001 	-2.2151240621835078e-004 	1.1170481828638872e-001
9.2000000000000000e+001 	1.0868481584650225e-001 	-2.4888112433860149e-004 	1.0843593472216359e-001
9.8400000000000006e+001 	1.0551263737150303e-001 	-2.6520293191526395e-004 	1.0524743443958776e-001
1.0480000000000001e+002 	1.0242140184310640e-001 	-2.7253639620746509e-004 	1.0214886544689893e-001
1.1119999999999999e+002 	9.9418700739931878e-002 	-2.7266700639170708e-004 	9.9146033733540181e-002
1.1759999999999999e+002 	9.6509090234611489e-002 	-2.6710340895609613e-004 	9.6241986825655379e-002
1.2400000000000000e+002 	9.3694880993625468e-002 	-2.5709910669230592e-004 	9.3437781886933136e-002
1.3039999999999998e+002 	9.0976741668960581e-002 	-2.4368458005022054e-004 	9.0733057088910371e-002
1.3680000000000001e+002 	8.8354149947199548e-002 	-2.2770108201065209e-004 	8.8126448865188931e-002
1.4319999999999999e+002 	8.5825727205992977e-002 	-2.0983200982276854e-004 	8.5615895196170230e-002
1.5600000000000000e+002 	8.1092225655221367e-002 	-1.7103926462975940e-004 	8.0921186390591648e-002
1.6880000000000001e+002 	7.6599555425316976e-002 	-1.2990228107938505e-004 	7.6469653144237579e-002
1.8160000000000002e+002 	7.2483849905264838e-002 	-8.8416883680754116e-005 	7.2395433021584105e-002
1.9439999999999998e+002 	6.8669154033014629e-002 	-4.7956718676878289e-005 	6.8621197314337731e-002
2.0719999999999999e+002 	6.5132219354353565e-002 	-9.3919428904022561e-006 	6.5122827411463163e-002
2.2000000000000000e+002 	6.1850617973350522e-002 	2.6775956764811129e-005 	6.1877393930115335e-002
2.3280000000000001e+002 	5.8803199214492972e-002 	6.0297680440480106e-005 	5.8863496894933448e-002
2.4560000000000002e+002 	5.5970309549493696e-002 	9.1088904520992252e-005 	5.6061398454014685e-002
2.5840000000000003e+002 	5.3333861850906168e-002 	1.1917025535078115e-004 	5.3453032106256966e-002
2.7119999999999999e+002 	5.0877313896035621e-002 	1.4462739686037354e-004 	5.1021941292896000e-002
2.8400000000000000e+002 	4.8585595741155174e-002 	1.6758467193483180e-004 	4.8753180413090007e-002
2.9680000000000001e+002 	4.6445011110518318e-002 	1.8818768584681492e-004 	4.6633198796365134e-002
3.0959999999999997e+002 	4.4443128215190253e-002 	2.0659183150888944e-004 	4.4649720046699128e-002
3.3519999999999999e+002 	4.0853070909403100e-002 	2.3761818673054128e-004 	4.1090689096133642e-002
3.6080000000000001e+002 	3.7587271489550482e-002 	2.6172661160518397e-004 	3.7848998101155669e-002
3.8640000000000003e+002 	3.4746586483207165e-002 	2.7995570195049119e-004 	3.5026542185157633e-002
4.1200000000000000e+002 	3.2223786630279617e-002 	2.9324535439205859e-004 	3.2517031984671686e-002
4.3759999999999997e+002 	2.9973920481111752e-002 	3.0243069687244226e-004 	3.0276351177984193e-002
4.6319999999999999e+002 	2.7959269213974753e-002 	3.0823625517099223e-004 	2.8267505469145748e-002
4.8880000000000001e+002 	2.6148196935753806e-002 	3.1127535170660244e-004 	2.6459472287460421e-002
5.1439999999999998e+002 	2.4514099725046475e-002 	3.1206019641048186e-004 	2.4826159921456953e-002
5.4000000000000000e+002 	2.3034517377018168e-002 	3.1101708354232298e-004 	2.3345534460560494e-002
5.6560000000000002e+002 	2.1690404424682144e-002 	3.0850102664898551e-004 	2.1998905451331135e-002
5.9119999999999993e+002 	2.0465538087082083e-002 	3.0480785630693783e-004 	2.0770345943389019e-002
6.1680000000000007e+002 	1.9346038448571076e-002 	3.0018397018091855e-004 	1.9646222418751996e-002
6.6800000000000000e+002 	1.7400875817396744e-002 	2.8912530403337697e-004 	1.7690001121430120e-002
7.1919999999999993e+002 	1.5683557097532934e-002 	2.7634675165484672e-004 	1.5959903849187784e-002
7.7039999999999998e+002 	1.4245775867943207e-002 	2.6264905336865856e-004 	1.4508424921311869e-002
8.2160000000000002e+002 	1.3006486784246003e-002 	2.4863825384331814e-004 	1.3255125038089318e-002
8.7280000000000007e+002 	1.1929896440181015e-002 	2.3475481758957357e-004 	1.2164651257770592e-002
9.2400000000000000e+002 	1.0987802691728230e-002 	2.2129334456310725e-004 	1.1209096036291335e-002
9.7519999999999993e+002 	1.0157889486133812e-002 	2.0843600504248221e-004 	1.0366325491176291e-002
1.0264000000000001e+003 	9.4223574212592420e-003 	1.9628790721572693e-004 	9.6186453284749715e-003
1.0775999999999999e+003 	8.7668783517866333e-003 	1.8490346742790084e-004 	8.9517818192145372e-003
1.1288000000000000e+003 	8.1798105272401552e-003 	1.7430334129988012e-004 	8.3541138685400383e-003
1.1800000000000000e+003 	7.6516101549757576e-003 	1.6448518224729169e-004 	7.8160953372230502e-003
1.2824000000000001e+003 	6.7518608918599003e-003 	1.4709847208340638e-004 	6.8989593639433066e-003
1.3848000000000000e+003 	5.9743727350054293e-003 	1.3245932802506046e-004 	6.1068320630304910e-003
1.4872000000000000e+003 	5.3391147352929410e-003 	1.2023493479742567e-004 	5.4593496700903700e-003
1.5895999999999999e+003 	4.8023209213489126e-003 	1.1013037670090936e-004 	4.9124512980498209e-003
1.6920000000000000e+003 	4.3442513429289694e-003 	1.0185630052333402e-004 	4.4461076434523048e-003
1.7944000000000001e+003 	3.9499141980463707e-003 	9.5121460491181956e-005 	4.0450356585375515e-003
1.8968000000000000e+003 	3.6078161955337426e-003 	8.9653181429311479e-005 	3.6974693769630546e-003
1.9992000000000000e+003 	3.3090268518434097e-003 	8.5212981560429490e-005 	3.3942398334038393e-003
2.1015999999999999e+003 	3.0465066534691252e-003 	8.1599991622684277e-005 	3.1281066450918101e-003
2.2040000000000000e+003 	2.8146298675618738e-003 	7.8647800595616190e-005 	2.8932776681574899e-003
2.3064000000000001e+003 	2.6088440739642691e-003 	7.6219669916116975e-005 	2.6850637438803858e-003
2.5112000000000003e+003 	2.2647636189794622e-003 	7.2455080342830448e-005 	2.3372186993222931e-003
2.7160000000000000e+003 	1.9747703583887608e-003 	6.9688788322715497e-005 	2.0444591467114761e-003
2.9207999999999997e+003 	1.7443359469405866e-003 	6.7522579117276061e-005 	1.8118585260578624e-003
3.1255999999999999e+003 	1.5546060689538451e-003 	6.5728993629261313e-005 	1.6203350625831063e-003
3.3304000000000001e+003 	1.3966460683100094e-003 	6.4144893072625605e-005 	1.4607909613826354e-003
3.5352000000000003e+003 	1.2637556791039964e-003 	6.2655459449096745e-005 	1.3264111385530935e-003
3.7400000000000000e+003 	1.1508735502665877e-003 	6.1193949123187997e-005 	1.2120674993897757e-003
3.9447999999999997e+003 	1.0541338683890372e-003 	5.9729317578262994e-005 	1.1138631859673000e-003
4.1496000000000004e+003 	9.7054859961553616e-004 	5.8251390498181495e-005 	1.0287999901137175e-003
4.3543999999999996e+003 	8.9778161729109742e-004 	5.6760587527436565e-005 	9.5454220481853394e-004
4.5591999999999998e+003 	8.3398719918562829e-004 	5.5262197688324485e-005 	8.8924939687395281e-004
4.7640000000000000e+003 	7.7769315324561356e-004 	5.3763389133675024e-005 	8.3145654237928857e-004
4.9688000000000002e+003 	7.2771505311278477e-004 	5.2271644876680574e-005 	7.7998669798946558e-004
5.3783999999999996e+003 	6.4395106946161748e-004 	4.9366332907837353e-005 	6.9331740236945486e-004
5.7880000000000000e+003 	5.7262955676057781e-004 	4.6520548365209139e-005 	6.1915010512578683e-004
6.1976000000000004e+003 	5.1531269782641327e-004 	4.3794381886524330e-005 	5.5910707971293752e-004
6.6071999999999998e+003 	4.6734150444276910e-004 	4.1224615237603149e-005 	5.0856611968037207e-004
7.0168000000000002e+003 	4.2661815627021831e-004 	3.8811444175247023e-005 	4.6542960044546533e-004
7.4264000000000005e+003 	3.9161096098095619e-004 	3.6547540521259696e-005 	4.2815850150221588e-004
7.8360000000000000e+003 	3.6119038737260708e-004 	3.4426669263748810e-005 	3.9561705663635589e-004
8.2456000000000004e+003 	3.3451019986148174e-004 	3.2442267951884123e-005 	3.6695246781336572e-004
8.6552000000000007e+003 	3.1092491786460200e-004 	3.0586532631561721e-005 	3.4151145049616377e-004
9.0647999999999993e+003 	2.8993326012977994e-004 	2.8850832846913728e-005 	3.1878409297669369e-004
9.4743999999999996e+003 	2.7113930313607624e-004 	2.7226368265651308e-005 	2.9836567140172760e-004
1.0293600000000000e+004 	2.3945078981251578e-004 	2.4280313059365189e-005 	2.6373110287188095e-004
1.1112799999999999e+004 	2.1188593256379264e-004 	2.1656474832751813e-005 	2.3354240739654455e-004
1.1932000000000000e+004 	1.8960131586292662e-004 	1.9343287759321076e-005 	2.0894460362224767e-004
1.2751200000000001e+004 	1.7082042441622585e-004 	1.7299287378869641e-005 	1.8811971179509554e-004
1.3570400000000000e+004 	1.5481912162008650e-004 	1.5480762899227655e-005 	1.7029988451931413e-004
1.4389600000000000e+004 	1.4105411146492057e-004 	1.3856682368144300e-005 	1.5491079383306487e-004
1.5208799999999999e+004 	1.2911263174671792e-004 	1.2403717079304138e-005 	1.4151634882602200e-004
1.6027999999999998e+004 	1.1867614755764744e-004 	1.1102308919923447e-005 	1.2977845647757090e-004
1.6847200000000001e+004 	1.0949498668116537e-004 	9.9355095631101711e-006 	1.1943049624427560e-004
1.7666399999999998e+004 	1.0137065992644495e-004 	8.8885782493891270e-006 	1.1025923817583405e-004
1.8485600000000002e+004 	9.4143387865108612e-005 	7.9486514187291399e-006 	1.0209203928383772e-004
2.0124000000000000e+004 	8.2102395621867427e-005 	6.3381038980573118e-006 	8.8440499519924732e-005
2.1762399999999998e+004 	7.1708703184936208e-005 	5.0249941787864134e-006 	7.6733697363722594e-005
2.3400799999999999e+004 	6.3453497982481752e-005 	3.9723089285480814e-006 	6.7425806911029855e-005
2.5039200000000001e+004 	5.6592083172112565e-005 	3.1258579476665328e-006 	5.9717941119779097e-005
2.6677600000000002e+004 	5.0822740727685009e-005 	2.4434919144892196e-006 	5.3266232642174244e-005
2.8316000000000000e+004 	4.5920608784451399e-005 	1.8940643825628491e-006 	4.7814673167014251e-005
-850 0
-8.5000000000000000e+002 0.0000000000000000e+000 0.0000000000000000e+000
1
1 1 1 1
1
         t, ms                         dVp, mV                         dVs, mV                         dV, mV
5.0000000000000000e-001 	1.1037266996808018e-001 	4.2641736226418708e-004 	1.1079908733034434e-001
5.9999999999999998e-001 	1.1051154623540030e-001 	4.2641643408896604e-004 	1.1093796266948930e-001
6.9999999999999996e-001 	1.1060283511024252e-001 	4.2641745267286556e-004 	1.1102925256291545e-001
8.0000000000000004e-001 	1.1067472187516438e-001 	4.2641948634320365e-004 	1.1110114136150760e-001
9.0000000000000002e-001 	1.1073553579458137e-001 	4.2642181552978754e-004 	1.1116195761011116e-001
1.0000000000000000e+000 	1.1078847569294348e-001 	4.2642395846483457e-004 	1.1121489965140827e-001
1.1000000000000001e+000 	1.1083524128376063e-001 	4.2642563376459974e-004 	1.1126166691752523e-001
1.2000000000000000e+000 	1.1087696580894288e-001 	4.2642671116027226e-004 	1.1130339252010314e-001
1.3000000000000000e+000 	1.1091449040953193e-001 	4.2642716749734342e-004 	1.1134091757702931e-001
1.3999999999999999e+000 	1.1094846873920249e-001 	4.2642705246101145e-004 	1.1137489579166349e-001
1.6000000000000001e+000 	1.1207774191616358e-001 	4.2642568525624478e-004 	1.1250416760141982e-001
1.8000000000000000e+000 	1.1105877904261305e-001 	4.2642349438105171e-004 	1.1148520253699405e-001
2.0000000000000000e+000 	1.1110212601817543e-001 	4.2642129445659622e-004 	1.1152854731263197e-001
2.2000000000000002e+000 	1.1113981666753424e-001 	4.2641970905778448e-004 	1.1156623637659203e-001
2.3999999999999999e+000 	1.1117298937625868e-001 	4.2641904082285284e-004 	1.1159940841708153e-001
2.6000000000000001e+000 	1.1120249063089162e-001 	4.2641931179281551e-004 	1.1162890994268447e-001
2.7999999999999998e+000 	1.1122895942174794e-001 	4.2642036355207983e-004 	1.1165537978530000e-001
3.0000000000000000e+000 	1.1125288723596004e-001 	4.2642196277562329e-004 	1.1167930919873569e-001
3.2000000000000002e+000 	1.1127465921233599e-001 	4.2642387253412963e-004 	1.1170108308487012e-001
3.3999999999999999e+000 	1.1129458226507441e-001 	4.2642587925323231e-004 	1.1172100814432763e-001
3.6000000000000001e+000 	1.1131290457555075e-001 	4.2642778640799531e-004 	1.1173933236195874e-001
4.0000000000000000e+000 	1.1173716804413146e-001 	4.2643022903544414e-004 	1.1216359827316688e-001
4.4000000000000004e+000 	1.1137413514129503e-001 	4.2642940043594588e-004 	1.1180056454173100e-001
4.7999999999999998e+000 	1.1139903566461916e-001 	4.2642451379041078e-004 	1.1182546017840961e-001
5.2000000000000002e+000 	1.1142114291469100e-001 	4.2641411240937647e-004 	1.1184755702710038e-001
5.5999999999999996e+000 	1.1144105059387784e-001 	4.2639801927992985e-004 	1.1186744861315781e-001
6.0000000000000000e+000 	1.1145925538194101e-001 	4.2637686243545981e-004 	1.1188563224437650e-001
6.4000000000000004e+000 	1.1147617468717973e-001 	4.2635157841430511e-004 	1.1190252626559397e-001
6.7999999999999998e+000 	1.1149215305378227e-001 	4.2632293821654599e-004 	1.1191847599199876e-001
7.2000000000000002e+000 	1.1150746288974020e-001 	4.2629112913675432e-004 	1.1193375401887698e-001
7.5999999999999996e+000 	1.1152230445444043e-001 	4.2625545439723859e-004 	1.1194855990883770e-001
8.0000000000000000e+000 	1.1153680799587719e-001 	4.2621419635264032e-004 	1.1196302219222981e-001
8.8000000000000007e+000 	1.1177871814785044e-001 	4.2609793728244335e-004 	1.1220481608513297e-001
9.5999999999999996e+000 	1.1159169724073809e-001 	4.2591398859165693e-004 	1.1201761122932972e-001
1.0400000000000000e+001 	1.1161638152126946e-001 	4.2562773941364564e-004 	1.1204200926068310e-001
1.1199999999999999e+001 	1.1163810940865128e-001 	4.2520301250829749e-004 	1.1206331242115958e-001
1.2000000000000000e+001 	1.1165585416208927e-001 	4.2460272750167961e-004 	1.1208045688959092e-001
1.2800000000000001e+001 	1.1166858932841879e-001 	4.2379005134732202e-004 	1.1209237937976607e-001
1.3600000000000000e+001 	1.1167536662117479e-001 	4.2272749966406671e-004 	1.1209809412083882e-001
1.4400000000000000e+001 	1.1167535497899747e-001 	4.2137570986245683e-004 	1.1209673068885991e-001
1.5199999999999999e+001 	1.1166785166908189e-001 	4.1969263639659714e-004 	1.1208754430547845e-001
1.6000000000000000e+001 	1.1165227634815254e-001 	4.1763338503315178e-004 	1.1206990973318565e-001
1.6800000000000001e+001 	1.1162815665835402e-001 	4.1515069380468979e-004 	1.1204330735215873e-001
1.7600000000000001e+001 	1.1159511113972689e-001 	4.1219595737377696e-004 	1.1200730709710069e-001
1.8399999999999999e+001 	1.1155283285066273e-001 	4.0872062170502834e-004 	1.1196155347236775e-001
2.0000000000000000e+001 	1.1155576924606293e-001 	3.9997330757900472e-004 	1.1195574255364192e-001
2.1600000000000001e+001 	1.1128683229315442e-001 	3.8864336699504285e-004 	1.1167547566014943e-001
2.3199999999999999e+001 	1.1109425535525257e-001 	3.7452078204524810e-004 	1.1146877613729782e-001
2.4800000000000001e+001 	1.1086131208153852e-001 	3.5748749377770582e-004 	1.1121879957531625e-001
2.6399999999999999e+001 	1.1058800344869475e-001 	3.3752923438473557e-004 	1.1092553268307946e-001
2.8000000000000000e+001 	1.1027469537397185e-001 	3.1473313566937670e-004 	1.1058942850964121e-001
2.9600000000000001e+001 	1.0992209079300616e-001 	2.8927587639297119e-004 	1.1021136666939919e-001
3.1199999999999999e+001 	1.0953119800344009e-001 	2.6140678595075353e-004 	1.0979260478939082e-001
3.2800000000000004e+001 	1.0910329466062660e-001 	2.3142874384925408e-004 	1.0933472340447584e-001
3.4399999999999999e+001 	1.0863988794101781e-001 	1.9967918945752383e-004 	1.0883956713047538e-001
3.6000000000000000e+001 	1.0814267242484792e-001 	1.6651286211567860e-004 	1.0830918528696358e-001
3.7600000000000001e+001 	1.0761348765763171e-001 	1.3228713965980513e-004 	1.0774577479729150e-001
4.0800000000000004e+001 	1.0651538055543490e-001 	6.2432713410510342e-005 	1.0657781326884540e-001
4.4000000000000000e+001 	1.0522293939997353e-001 	-7.7594952782053377e-006 	1.0521517990469530e-001
4.7199999999999996e+001 	1.0388841774441815e-001 	-7.6348203170975495e-005 	1.0381206954124721e-001
5.0399999999999999e+001 	1.0248128716040340e-001 	-1.4176391769162735e-004 	1.0233952324271178e-001
5.3600000000000001e+001 	1.0101579913965084e-001 	-2.0285108269101526e-004 	1.0081294805695978e-001
5.6800000000000004e+001 	9.9505001150503744e-002 	-2.5884300291496057e-004 	9.9246158147588831e-002
6.0000000000000000e+001 	9.7960578831313636e-002 	-3.0930699000684931e-004 	9.7651271841306730e-002
6.3200000000000003e+001 	9.6392819325356316e-002 	-3.5407963832158042e-004 	9.6038739687034733e-002
6.6400000000000006e+001 	9.4810653303762205e-002 	-3.9320316626458024e-004 	9.4417450137497624e-002
6.9599999999999994e+001 	9.3221744750660349e-002 	-4.2686851631858398e-004 	9.2794876234341739e-002
7.2799999999999997e+001 	9.1632606104816133e-002 	-4.5536760427047939e-004 	9.1177238500545654e-002
7.9200000000000003e+001 	8.8505429570240268e-002 	-4.9883519896766287e-004 	8.8006594371272631e-002
8.5599999999999994e+001 	8.5379469734406660e-002 	-5.2634269830607980e-004 	8.4853127036100581e-002
9.2000000000000000e+001 	8.2353343138294163e-002 	-5.4075882490992695e-004 	8.1812584313384229e-002
9.8400000000000006e+001 	7.9416763921893077e-002 	-5.4476887651170322e-004 	7.8871995045381352e-002
1.0480000000000001e+002 	7.6579583434208426e-002 	-5.4072919679505876e-004 	7.6038854237413342e-002
1.1119999999999999e+002 	7.3847401115506403e-002 	-5.3061969640351512e-004 	7.3316781419102917e-002
1.1759999999999999e+002 	7.1222689186108384e-002 	-5.1605380813700668e-004 	7.0706635377971394e-002
1.2400000000000000e+002 	6.8705688517758282e-002 	-4.9831787416127241e-004 	6.8207370643597026e-002
1.3039999999999998e+002 	6.6295083214959583e-002 	-4.7842106096781742e-004 	6.5816662153991762e-002
1.3680000000000001e+002 	6.3988494862798298e-002 	-4.5714507232385182e-004 	6.3531349790474451e-002
1.4319999999999999e+002 	6.1782839806483185e-002 	-4.3508875773659296e-004 	6.1347751048746582e-002
1.5600000000000000e+002 	5.7700330591786475e-002 	-3.9069587284260303e-004 	5.7309634718943882e-002
1.6880000000000001e+002 	5.3883634154820302e-002 	-3.4710678906786006e-004 	5.3536527365752443e-002
1.8160000000000002e+002 	5.0439581027142674e-002 	-3.0557148515336521e-004 	5.0134009541989273e-002
1.9439999999999998e+002 	4.7293026844975897e-002 	-2.6678498610757949e-004 	4.7026241858868313e-002
2.0719999999999999e+002 	4.4415771394686207e-002 	-2.3104117757160873e-004 	4.4184730217114596e-002
2.2000000000000000e+002 	4.1781646065934729e-002 	-1.9837628513410055e-004 	4.1583269780800639e-002
2.3280000000000001e+002 	3.9366750158910960e-002 	-1.6867875512479758e-004 	3.9198071403786172e-002
2.4560000000000002e+002 	3.7149470724846916e-002 	-1.4176262321715879e-004 	3.7007708101629774e-002
2.5840000000000003e+002 	3.5110384121203549e-002 	-1.1741163489315234e-004 	3.4992972486310399e-002
2.7119999999999999e+002 	3.3232098856613122e-002 	-9.5403946268047556e-005 	3.3136694910345058e-002
2.8400000000000000e+002 	3.1499074966715064e-002 	-7.5525171787556422e-005 	3.1423549794927508e-002
2.9680000000000001e+002 	2.9897439965791861e-002 	-5.7574741236561254e-005 	2.9839865224555281e-002
3.0959999999999997e+002 	2.8414812165686684e-002 	-4.1368486482357803e-005 	2.8373443679204323e-002
3.3519999999999999e+002 	2.5794564911093030e-002 	-1.3362409335272714e-005 	2.5781202501757760e-002
3.6080000000000001e+002 	2.3446904653752910e-002 	9.4705881998243618e-006 	2.3456375241952737e-002
3.8640000000000003e+002 	2.1443115768439484e-002 	2.8008614311837019e-005 	2.1471124382751328e-002
4.1200000000000000e+002 	1.9691838784617804e-002 	4.2990716456497435e-005 	1.9734829501074296e-002
4.3759999999999997e+002 	1.8153012806261238e-002 	5.5037233911425692e-005 	1.8208050040172660e-002
4.6319999999999999e+002 	1.6793801730456880e-002 	6.4662431009203031e-005 	1.6858464161466080e-002
4.8880000000000001e+002 	1.5587283771229692e-002 	7.2285636378688017e-005 	1.5659569407608376e-002
5.1439999999999998e+002 	1.4511304611554296e-002 	7.8247255679445048e-005 	1.4589551867233741e-002
5.4000000000000000e+002 	1.3547539398757665e-002 	8.2825598699923128e-005 	1.3630364997457583e-002
5.6560000000000002e+002 	1.2680744974623563e-002 	8.6250586182926535e-005 	1.2766995560806488e-002
5.9119999999999993e+002 	1.1898168790941344e-002 	8.8713713509141624e-005 	1.1986882504450486e-002
6.1680000000000007e+002 	1.1189081993685008e-002 	9.0375267053100934e-005 	1.1279457260738110e-002
6.6800000000000000e+002 	9.9713515860096816e-003 	9.1948735934584792e-005 	1.0063300321944267e-002
7.1919999999999993e+002 	8.9086488633245073e-003 	9.1654909389982873e-005 	9.0003037727144856e-003
7.7039999999999998e+002 	8.0318505317007165e-003 	9.0041310482571172e-005 	8.1218918421832893e-003
8.2160000000000002e+002 	7.2848332855578405e-003 	8.7550142356146904e-005 	7.3723834279139869e-003
8.7280000000000007e+002 	6.6425447908974745e-003 	8.4525375802925191e-005 	6.7270701667003991e-003
9.2400000000000000e+002 	6.0856213017167924e-003 	8.1213179506507447e-005 	6.1668344812232986e-003
9.7519999999999993e+002 	5.5990107751088891e-003 	7.7781608887024696e-005 	5.6767923839959131e-003
1.0264000000000001e+003 	5.1708995041056301e-003 	7.4345307757353409e-005 	5.2452448118629818e-003
1.0775999999999999e+003 	4.7919136830785443e-003 	7.0983431597803986e-005 	4.8628971146763480e-003
1.1288000000000000e+003 	4.4545340384428431e-003 	6.7750344708334963e-005 	4.5222843831511780e-003
1.1800000000000000e+003 	4.1526664351002355e-003 	6.4682144102981773e-005 	4.2173485792032159e-003
1.2824000000000001e+003 	3.6420669124708899e-003 	5.9160116271102266e-005 	3.7012270287419919e-003
1.3848000000000000e+003 	3.2042519222336618e-003 	5.4405808773224850e-005 	3.2586577310068855e-003
1.4872000000000000e+003 	2.8496875401359230e-003 	5.0378130210291962e-005 	2.9000656703462141e-003
1.5895999999999999e+003 	2.5522188171154389e-003 	4.7049801915739246e-005 	2.5992686190311784e-003
1.6920000000000000e+003 	2.2999698043405349e-003 	4.4361795938035564e-005 	2.3443316002785702e-003
1.7944000000000001e+003 	2.0840212706845686e-003 	4.2222612911127318e-005 	2.1262438835956961e-003
1.8968000000000000e+003 	1.8976054314446325e-003 	4.0533530926436346e-005 	1.9381389623710692e-003
1.9992000000000000e+003 	1.7355120917942359e-003 	3.9204968152571363e-005 	1.7747170599468065e-003
2.1015999999999999e+003 	1.5936679977776780e-003 	3.8160868146600344e-005 	1.6318288659242781e-003
2.2040000000000000e+003 	1.4688417362916579e-003 	3.7338001638142036e-005 	1.5061797379297998e-003
2.3064000000000001e+003 	1.3584355259741953e-003 	3.6684316791754839e-005 	1.3951198427659503e-003
2.5112000000000003e+003 	1.1745959449070546e-003 	3.5725057517887894e-005 	1.2103210024249423e-003
2.7160000000000000e+003 	1.0204332485427054e-003 	3.5004730026504151e-005 	1.0554379785692096e-003
2.9207999999999997e+003 	8.9859139318148316e-004 	3.4393931661137223e-005 	9.3298532484262058e-004
3.1255999999999999e+003 	7.9872275036207399e-004 	3.3839762481100901e-005 	8.3256251284317528e-004
3.3304000000000001e+003 	7.1590659899113738e-004 	3.3293634388329203e-005 	7.4920023337946668e-004
3.5352000000000003e+003 	6.4647800019183887e-004 	3.2719048247285219e-005 	6.7919704843912379e-004
3.7400000000000000e+003 	5.8768596091464051e-004 	3.2100047509118182e-005 	6.1978600842375864e-004
3.9447999999999997e+003 	5.3744122293923223e-004 	3.1435684974497918e-005 	5.6887690791373015e-004
4.1496000000000004e+003 	4.9413702980330280e-004 	3.0732264588281362e-005 	5.2486929439158432e-004
4.3543999999999996e+003 	4.5652273577676612e-004 	2.9998571945545571e-005 	4.8652130772231162e-004
4.5591999999999998e+003 	4.2361410190970577e-004 	2.9243658860358013e-005 	4.5285776077006379e-004
4.7640000000000000e+003 	3.9462881569794669e-004 	2.8475913663388901e-005 	4.2310472936133559e-004
4.9688000000000002e+003 	3.6893945735720098e-004 	2.7702694336408820e-005 	3.9664215169360971e-004
5.3783999999999996e+003 	3.2597710881175336e-004 	2.6187717449468875e-005 	3.5216482626122234e-004
5.7880000000000000e+003 	2.8947731952918773e-004 	2.4678569543046090e-005 	3.1415588907223390e-004
6.1976000000000004e+003 	2.6022336994347268e-004 	2.3226131244979024e-005 	2.8344950118845160e-004
6.6071999999999998e+003 	2.3578927601894094e-004 	2.1856695253385773e-005 	2.5764597127232681e-004
7.0168000000000002e+003 	2.1508245349695799e-004 	2.0570194110809618e-005 	2.3565264760776764e-004
7.4264000000000005e+003 	1.9730781815071764e-004 	1.9363006679747217e-005 	2.1667082483046486e-004
7.8360000000000000e+003 	1.8188085205739473e-004 	1.8232526092239326e-005 	2.0011337814963397e-004
8.2456000000000004e+003 	1.6836485030769690e-004 	1.7175673288088050e-005 	1.8554052359578494e-004
8.6552000000000007e+003 	1.5642751599571550e-004 	1.6188389048102353e-005 	1.7261590504381792e-004
9.0647999999999993e+003 	1.4581132907086775e-004 	1.5266016302937267e-005 	1.6107734537380492e-004
9.4743999999999996e+003 	1.3631326483894694e-004 	1.4403751768394917e-005 	1.5071701660734178e-004
1.0293600000000000e+004 	1.2031379264157572e-004 	1.2845678496519705e-005 	1.3315947113809549e-004
1.1112799999999999e+004 	1.0640579000843650e-004 	1.1454927456426897e-005 	1.1786071746486343e-004
1.1932000000000000e+004 	9.5174673822846228e-005 	1.0233238124040702e-005 	1.0540791194688692e-004
1.2751200000000001e+004 	8.5716695981327505e-005 	9.1566952512223213e-006 	9.4873391232549800e-005
1.3570400000000000e+004 	7.7663749362256714e-005 	8.2002298974759167e-006 	8.5863979259732644e-005
1.4389600000000000e+004 	7.0740077901140593e-005 	7.3469889501856951e-006 	7.8087066851326286e-005
1.5208799999999999e+004 	6.4736465426728677e-005 	6.5844539472444047e-006 	7.1320919373973071e-005
1.6027999999999998e+004 	5.9491647308694395e-005 	5.9020793146270347e-006 	6.5393726623321451e-005
1.6847200000000001e+004 	5.4879349512358414e-005 	5.2907265608417490e-006 	6.0170076073200177e-005
1.7666399999999998e+004 	5.0799270835615083e-005 	4.7424748738734940e-006 	5.5541745709488566e-005
1.8485600000000002e+004 	4.7170731080245439e-005 	4.2504397856859914e-006 	5.1421170865931424e-005
2.0124000000000000e+004 	4.1127779517574114e-005 	3.4088147738600192e-006 	4.4536594291434167e-005
2.1762399999999998e+004 	3.5912919054211835e-005 	2.7199756748278259e-006 	3.8632894729039663e-005
2.3400799999999999e+004 	3.1772972738471945e-005 	2.1685680669128502e-006 	3.3941540805384787e-005
2.5039200000000001e+004 	2.8333098853265635e-005 	1.7248142567745771e-006 	3.0057913110040210e-005
2.6677600000000002e+004 	2.5441489336235272e-005 	1.3663481389973375e-006 	2.6807837475232611e-005
2.8316000000000000e+004 	2.2985076773186317e-005 	1.0770074660395179e-006 	2.4062084239225829e-005
-250 0
-2.5000000000000000e+002 0.0000000000000000e+000 0.0000000000000000e+000
1
1 1 1 1
1
         t, ms                         dVp, mV                         dVs, mV                         dV, mV
5.0000000000000000e-001 	2.9778777829839956e-002 	3.9765414731722206e-004 	3.0176431977157171e-002
5.9999999999999998e-001 	2.9822024013080709e-002 	3.9765416621711597e-004 	3.0219678179297819e-002
6.9999999999999996e-001 	2.9850451038757844e-002 	3.9765421258168462e-004 	3.0248105251339526e-002
8.0000000000000004e-001 	2.9872836331792642e-002 	3.9765427232173574e-004 	3.0270490604114391e-002
9.0000000000000002e-001 	2.9891773685083872e-002 	3.9765432558244544e-004 	3.0289428010666322e-002
1.0000000000000000e+000 	2.9908259183738937e-002 	3.9765435547847088e-004 	3.0305913539217414e-002
1.1000000000000001e+000 	2.9922822084649494e-002 	3.9765435200517094e-004 	3.0320476436654659e-002
1.2000000000000000e+000 	2.9935815253984033e-002 	3.9765431249906547e-004 	3.0333469566483105e-002
1.3000000000000000e+000 	2.9947500604929969e-002 	3.9765424032691879e-004 	3.0345154845256891e-002
1.3999999999999999e+000 	2.9958081673427936e-002 	3.9765414297345453e-004 	3.0355735816401389e-002
1.6000000000000001e+000 	3.0309774361311350e-002 	3.9765392469108242e-004 	3.0707428286002435e-002
1.8000000000000000e+000 	2.9992433283009330e-002 	3.9765372258444696e-004 	3.0390087005593786e-002
2.0000000000000000e+000 	3.0005932052126330e-002 	3.9765359196848029e-004 	3.0403585644094809e-002
2.2000000000000002e+000 	3.0017669441422982e-002 	3.9765356762743370e-004 	3.0415323009050421e-002
2.3999999999999999e+000 	3.0027999937125741e-002 	3.9765366333969625e-004 	3.0425653600465438e-002
2.6000000000000001e+000 	3.0037187131311805e-002 	3.9765387540515509e-004 	3.0434841006716968e-002
2.7999999999999998e+000 	3.0045430003946001e-002 	3.9765418793737432e-004 	3.0443084191883376e-002
3.0000000000000000e+000 	3.0052881603923037e-002 	3.9765457734711570e-004 	3.0450536181270155e-002
3.2000000000000002e+000 	3.0059661863135925e-002 	3.9765501499447589e-004 	3.0457316878130403e-002
3.3999999999999999e+000 	3.0065866354842416e-002 	3.9765546830096649e-004 	3.0463521823143380e-002
3.6000000000000001e+000 	3.0071572362609666e-002 	3.9765590131220826e-004 	3.0469228263921871e-002
4.0000000000000000e+000 	3.0203702218723320e-002 	3.9765650880565335e-004 	3.0601358727528973e-002
4.4000000000000004e+000 	3.0090641191498877e-002 	3.9765661757771334e-004 	3.0488297809076588e-002
4.7999999999999998e+000 	3.0098396018538229e-002 	3.9765607338860463e-004 	3.0496052091926840e-002
5.2000000000000002e+000 	3.0105281246515955e-002 	3.9765486506718211e-004 	3.0502936111583129e-002
5.5999999999999996e+000 	3.0111482264844606e-002 	3.9765311123388976e-004 	3.0509135376078501e-002
6.0000000000000000e+000 	3.0117154741605621e-002 	3.9765101107627109e-004 	3.0514805752681895e-002
6.4000000000000004e+000 	3.0122430372019331e-002 	3.9764875352625687e-004 	3.0520079125545583e-002
6.7999999999999998e+000 	3.0127419098035742e-002 	3.9764642080044758e-004 	3.0525065518836197e-002
7.2000000000000002e+000 	3.0132209531282671e-002 	3.9764390791478284e-004 	3.0529853439197459e-002
7.5999999999999996e+000 	3.0136869098731176e-002 	3.9764087057280216e-004 	3.0534509969303982e-002
8.0000000000000000e+000 	3.0141444793714715e-002 	3.9763670626825280e-004 	3.0539081499982964e-002
8.8000000000000007e+000 	3.0217026328952054e-002 	3.9761982370958328e-004 	3.0614646152661639e-002
9.5999999999999996e+000 	3.0159201039702967e-002 	3.9758497209587995e-004 	3.0556786011798856e-002
1.0400000000000000e+001 	3.0167619312118973e-002 	3.9752237691871416e-004 	3.0565141689037695e-002
1.1199999999999999e+001 	3.0175517733714050e-002 	3.9742208241980403e-004 	3.0572939816133869e-002
1.2000000000000000e+001 	3.0182687982868165e-002 	3.9727498223315183e-004 	3.0579962965101307e-002
1.2800000000000001e+001 	3.0188925811828443e-002 	3.9707345838840786e-004 	3.0585999270216862e-002
1.3600000000000000e+001 	3.0194052699057249e-002 	3.9681168743803326e-004 	3.0590864386495276e-002
1.4400000000000000e+001 	3.0197926391376757e-002 	3.9648569362334395e-004 	3.0594412085000106e-002
1.5199999999999999e+001 	3.0200443506712405e-002 	3.9609323914864818e-004 	3.0596536745861047e-002
1.6000000000000000e+001 	3.0201537309415511e-002 	3.9563362499811088e-004 	3.0597170934413633e-002
1.6800000000000001e+001 	3.0201173056686476e-002 	3.9510745742918693e-004 	3.0596280514115667e-002
1.7600000000000001e+001 	3.0199342509361050e-002 	3.9451641617332446e-004 	3.0593858925534373e-002
1.8399999999999999e+001 	3.0196058535652950e-002 	3.9386304298296576e-004 	3.0589921578635913e-002
2.0000000000000000e+001 	3.0222014075294505e-002 	3.9238806034833085e-004 	3.0614402135642843e-002
2.1600000000000001e+001 	3.0169308809643084e-002 	3.9071104680222016e-004 	3.0560019856445301e-002
2.3199999999999999e+001 	3.0148447587019175e-002 	3.8886522227406906e-004 	3.0537312809293241e-002
2.4800000000000001e+001 	3.0123215919040245e-002 	3.8688513069156722e-004 	3.0510101049731810e-002
2.6399999999999999e+001 	3.0094099247006061e-002 	3.8480406438914575e-004 	3.0478903311395203e-002
2.8000000000000000e+001 	3.0061567695707021e-002 	3.8265212230311960e-004 	3.0444219818010144e-002
2.9600000000000001e+001 	3.0026060454907265e-002 	3.8045488802061349e-004 	3.0406515342927879e-002
3.1199999999999999e+001 	2.9987976687654315e-002 	3.7823265098011800e-004 	3.0366209338634424e-002
3.2800000000000004e+001 	2.9947671036089484e-002 	3.7600010372300353e-004 	3.0323671139812498e-002
3.4399999999999999e+001 	2.9905452271103562e-002 	3.7376645611429102e-004 	3.0279218727217852e-002
3.6000000000000000e+001 	2.9861584058551775e-002 	3.7153588697390631e-004 	3.0233119945525664e-002
3.7600000000000001e+001 	2.9816287129563773e-002 	3.6930823395589854e-004 	3.0185595363519672e-002
4.0800000000000004e+001 	2.9737261903638477e-002 	3.6483438670169765e-004 	3.0102096290340170e-002
4.4000000000000000e+001 	2.9624133857241237e-002 	3.6029263827544022e-004 	2.9984426495516681e-002
4.7199999999999996e+001 	2.9522502478383655e-002 	3.5561924852673776e-004 	2.9878121726910397e-002
5.0399999999999999e+001 	2.9417635088026823e-002 	3.5075249973798555e-004 	2.9768387587764802e-002
5.3600000000000001e+001 	2.9309601936800909e-002 	3.4564327938808685e-004 	2.9655245216188980e-002
5.6800000000000004e+001 	2.9198328807010922e-002 	3.4026147673673116e-004 	2.9538590283747654e-002
6.0000000000000000e+001 	2.9083659470270584e-002 	3.3459830120927548e-004 	2.9418257771479866e-002
6.3200000000000003e+001 	2.8965405399702257e-002 	3.2866542978981079e-004 	2.9294070829492074e-002
6.6400000000000006e+001 	2.8843381911859593e-002 	3.2249209627494875e-004 	2.9165874008134543e-002
6.9599999999999994e+001 	2.8717432210350419e-002 	3.1612111360681622e-004 	2.9033553323957240e-002
7.2799999999999997e+001 	2.8587441592645126e-002 	3.0960459324449677e-004 	2.8897046185889615e-002
7.9200000000000003e+001 	2.8321733218819475e-002 	2.9644042144420611e-004 	2.8618173640263686e-002
8.5599999999999994e+001 	2.8026781192920309e-002 	2.8339400717088614e-004 	2.8310175200091190e-002
9.2000000000000000e+001 	2.7723011709828122e-002 	2.7084472187685290e-004 	2.7993856431704971e-002
9.8400000000000006e+001 	2.7405020525746709e-002 	2.5910779250709365e-004 	2.7664128318253801e-002
1.0480000000000001e+002 	2.7074282422929776e-002 	2.4841509479937623e-004 	2.7322697517729141e-002
1.1119999999999999e+002 	2.6732453923227695e-002 	2.3891407214242025e-004 	2.6971367995370119e-002
1.1759999999999999e+002 	2.6381261389163975e-002 	2.3067683969829803e-004 	2.6611938228862278e-002
1.2400000000000000e+002 	2.6022415839952490e-002 	2.2371391471846431e-004 	2.6246129754670947e-002
1.3039999999999998e+002 	2.5657554144732798e-002 	2.1798899610635277e-004 	2.5875543140839143e-002
1.3680000000000001e+002 	2.5288202494702358e-002 	2.1343271411492019e-004 	2.5501635208817292e-002
1.4319999999999999e+002 	2.4915756970372849e-002 	2.0995433337917164e-004 	2.5125711303752022e-002
1.5600000000000000e+002 	2.4176260918037051e-002 	2.0567534536988240e-004 	2.4381936263406928e-002
1.6880000000000001e+002 	2.3420709003781775e-002 	2.0441482593250228e-004 	2.3625123829714278e-002
1.8160000000000002e+002 	2.2680645928143620e-002 	2.0542972016517514e-004 	2.2886075648308791e-002
1.9439999999999998e+002 	2.1952540075368381e-002 	2.0804951216802154e-004 	2.2160589587536399e-002
2.0719999999999999e+002 	2.1240122271335937e-002 	2.1170920162302625e-004 	2.1451831472958968e-002
2.2000000000000000e+002 	2.0546102383849730e-002 	2.1595597685576825e-004 	2.0762058360705479e-002
2.3280000000000001e+002 	1.9872362959576104e-002 	2.2044109229653203e-004 	2.0092804051872633e-002
2.4560000000000002e+002 	1.9220133208027030e-002 	2.2490527488836401e-004 	1.9445038482915383e-002
2.5840000000000003e+002 	1.8590133691764946e-002 	2.2916259682689708e-004 	1.8819296288591848e-002
2.7119999999999999e+002 	1.7982692543262721e-002 	2.3308527993510841e-004 	1.8215777823197832e-002
2.8400000000000000e+002 	1.7397837345585802e-002 	2.3659048816828865e-004 	1.7634427833754091e-002
2.9680000000000001e+002 	1.6835367320350719e-002 	2.3962940155603334e-004 	1.7074996721906748e-002
3.0959999999999997e+002 	1.6294909967920691e-002 	2.4217846807709112e-004 	1.6537088435997781e-002
3.3519999999999999e+002 	1.5289048219676596e-002 	2.4581675126000488e-004 	1.5534864970936603e-002
3.6080000000000001e+002 	1.4339818448370904e-002 	2.4761446058882430e-004 	1.4587432908959730e-002
3.8640000000000003e+002 	1.3477743376115263e-002 	2.4775119674788946e-004 	1.3725494572863152e-002
4.1200000000000000e+002 	1.2685174941549474e-002 	2.4644284164123141e-004 	1.2931617783190710e-002
4.3759999999999997e+002 	1.1956411021463290e-002 	2.4391620802233886e-004 	1.2200327229485629e-002
4.6319999999999999e+002 	1.1285935782369066e-002 	2.4039079884707068e-004 	1.1526326581216139e-002
4.8880000000000001e+002 	1.0668539918719822e-002 	2.3606752646116640e-004 	1.0904607445180995e-002
5.1439999999999998e+002 	1.0099383972097892e-002 	2.3112344585678868e-004 	1.0330507417954677e-002
5.4000000000000000e+002 	9.5740232144756205e-003 	2.2571065293461174e-004 	9.7997338674102336e-003
5.6560000000000002e+002 	9.0884077867332807e-003 	2.1995754699085035e-004 	9.3083653337241289e-003
5.9119999999999993e+002 	8.6388677757567017e-003 	2.1397116958171502e-004 	8.8528389453384187e-003
6.1680000000000007e+002 	8.2220898219666824e-003 	2.0783987482754886e-004 	8.4299296967942309e-003
6.6800000000000000e+002 	7.4842020319795741e-003 	1.9547821179276677e-004 	7.6796802437723412e-003
7.1919999999999993e+002 	6.8208753111806599e-003 	1.8321978380836590e-004 	7.0040950949890298e-003
7.7039999999999998e+002 	6.2531424054237420e-003 	1.7132534523787957e-004 	6.4244677506616193e-003
8.2160000000000002e+002 	5.7554184499248760e-003 	1.5996596390592923e-004 	5.9153844138308074e-003
8.7280000000000007e+002 	5.3166590631743994e-003 	1.4924412812218846e-004 	5.4659031912965856e-003
9.2400000000000000e+002 	4.9278028125331330e-003 	1.3921264615365317e-004 	5.0670154586867824e-003
9.7519999999999993e+002 	4.5814206008613070e-003 	1.2988887126461049e-004 	4.7113094721259186e-003
1.0264000000000001e+003 	4.2714031019197071e-003 	1.2126582933228824e-004 	4.3926689312519945e-003
1.0775999999999999e+003 	3.9927021308991152e-003 	1.1332088771675265e-004 	4.1060230186158670e-003
1.1288000000000000e+003 	3.7411229990985235e-003 	1.0602208389293811e-004 	3.8471450829914607e-003
1.1800000000000000e+003 	3.5131597630969789e-003 	9.9332418010683322e-005 	3.6124921811076620e-003
1.2824000000000001e+003 	3.1213848944670244e-003 	8.7571172761024012e-005 	3.2089560672280493e-003
1.3848000000000000e+003 	2.7795876078739157e-003 	7.7768694524249558e-005 	2.8573563023981648e-003
1.4872000000000000e+003 	2.4972921589070845e-003 	6.9637884902086852e-005 	2.5669300438091710e-003
1.5895999999999999e+003 	2.2567044024233334e-003 	6.2915801267653061e-005 	2.3196202036909869e-003
1.6920000000000000e+003 	2.0498742533723068e-003 	5.7375093719318099e-005 	2.1072493470916261e-003
1.7944000000000001e+003 	1.8706679495889185e-003 	5.2817713722136363e-005 	1.9234856633110553e-003
1.8968000000000000e+003 	1.7143160069985964e-003 	4.9070880567884840e-005 	1.7633868875664821e-003
1.9992000000000000e+003 	1.5770660013007384e-003 	4.5986641101083038e-005 	1.6230526424018221e-003
2.1015999999999999e+003 	1.4559277607695301e-003 	4.3440966469754715e-005 	1.4993687272392845e-003
2.2040000000000000e+003 	1.3484888593663642e-003 	4.1331316034723918e-005 	1.3898201754010888e-003
2.3064000000000001e+003 	1.2527807303554172e-003 	3.9573525854492527e-005 	1.2923542562099095e-003
2.5112000000000003e+003 	1.0920234345367479e-003 	3.6795423823409232e-005 	1.1288188583601570e-003
2.7160000000000000e+003 	9.5579131588556900e-004 	3.4767671607950874e-005 	9.9055898749352022e-004
2.9207999999999997e+003 	8.4690817924901662e-004 	3.3224191363614007e-005 	8.8013237061263059e-004
3.1255999999999999e+003 	7.5682724561213595e-004 	3.1992666367028256e-005 	7.8881991197916445e-004
3.3304000000000001e+003 	6.8151481445809291e-004 	3.0959553472226749e-005 	7.1247436793032005e-004
3.5352000000000003e+003 	6.1792181644978658e-004 	3.0047168220805526e-005 	6.4796898467059220e-004
3.7400000000000000e+003 	5.6372826375634998e-004 	2.9205299570438831e-005 	5.9293356332678867e-004
3.9447999999999997e+003 	5.1715075937014822e-004 	2.8404346568797292e-005 	5.4555510593894553e-004
4.1496000000000004e+003 	4.7680308748015347e-004 	2.7628218683339673e-005 	5.0443130616349317e-004
4.3543999999999996e+003 	4.4159614652999245e-004 	2.6868839128184372e-005 	4.6846498565817691e-004
4.5591999999999998e+003 	4.1066576019280974e-004 	2.6122658310248634e-005 	4.3678841850305851e-004
4.7640000000000000e+003 	3.8332001972493185e-004 	2.5388613236976070e-005 	4.0870863296190802e-004
4.9688000000000002e+003 	3.5900037182956036e-004 	2.4666944768580904e-005 	3.8366731659814128e-004
5.3783999999999996e+003 	3.1815103608114471e-004 	2.3270584359369737e-005 	3.4142162044051457e-004
5.7880000000000000e+003 	2.8329225006783356e-004 	2.1927362808089830e-005 	3.0521961287592332e-004
6.1976000000000004e+003 	2.5520301721066119e-004 	2.0647411415875310e-005 	2.7585042862653635e-004
6.6071999999999998e+003 	2.3164608298946481e-004 	1.9441443685922613e-005 	2.5108752667538743e-004
7.0168000000000002e+003 	2.1161428655816299e-004 	1.8309619225064393e-005 	2.2992390578322744e-004
7.4264000000000005e+003 	1.9436973041609407e-004 	1.7248177089835331e-005 	2.1161790750592944e-004
7.8360000000000000e+003 	1.7936652966172017e-004 	1.6253470493052523e-005 	1.9562000015477273e-004
8.2456000000000004e+003 	1.6619455371514423e-004 	1.5321992591866255e-005 	1.8151654630701048e-004
8.6552000000000007e+003 	1.5454019674261210e-004 	1.4449966645027621e-005 	1.6899016338763973e-004
9.0647999999999993e+003 	1.4415939352094704e-004 	1.3633384619263047e-005 	1.5779277814021003e-004
9.4743999999999996e+003 	1.3485902139783742e-004 	1.2868216122621901e-005 	1.4772723752045930e-004
1.0293600000000000e+004 	1.1916310062999385e-004 	1.1475193958724452e-005 	1.3063829458871833e-004
1.1112799999999999e+004 	1.0550067929956883e-004 	1.0237518196416369e-005 	1.1573819749598521e-004
1.1932000000000000e+004 	9.4443240622251118e-005 	9.1422421129062310e-006 	1.0358548273515738e-004
1.2751200000000001e+004 	8.5117331666060845e-005 	8.1716176582229773e-006 	9.3288949324283794e-005
1.3570400000000000e+004 	7.7166655536651057e-005 	7.3068274693996849e-006 	8.4473483006050685e-005
1.4389600000000000e+004 	7.0323490314941071e-005 	6.5336125082121975e-006 	7.6857102823153285e-005
1.5208799999999999e+004 	6.4384164345249688e-005 	5.8411081737441970e-006 	7.0225272518993861e-005
1.6027999999999998e+004 	5.9191318830696053e-005 	5.2202551555812517e-006 	6.4411573986277321e-005
1.6847200000000001e+004 	5.4621491842699555e-005 	4.6632042137757471e-006 	5.9284696056475319e-005
1.7666399999999998e+004 	5.0576448541656289e-005 	4.1631031007175765e-006 	5.4739551642373856e-005
1.8485600000000002e+004 	4.6977054640971863e-005 	3.7139462916681642e-006 	5.0691000932640019e-005
2.0124000000000000e+004 	4.0978017035875687e-005 	2.9429342329931888e-006 	4.3920951268868886e-005
2.1762399999999998e+004 	3.5798385260861630e-005 	2.3168257123163737e-006 	3.8115210973178011e-005
2.3400799999999999e+004 	3.1682578259017451e-005 	1.8141133535100580e-006 	3.3496691612527528e-005
2.5039200000000001e+004 	2.8260630266538131e-005 	1.4102396827121851e-006 	2.9670869949250325e-005
2.6677600000000002e+004 	2.5382589199972769e-005 	1.0853512155724215e-006 	2.6467940415545179e-005
2.8316000000000000e+004 	2.2936632357120154e-005 	8.2442859392290006e-007 	2.3761060951043049e-005
