-2550 0
-2.5500000000000000e+003 0.0000000000000000e+000 0.0000000000000000e+000
1
1 1 1 1
1
         t, ms                         dVp, mV                         dVs, mV                         dV, mV
5.0000000000000000e-001 	1.3769920912665240e-001 	-2.6886370483814644e-004 	1.3743034542181432e-001
5.9999999999999998e-001 	1.3787825850263791e-001 	-2.7044216647307499e-004 	1.3760781633616487e-001
6.9999999999999996e-001 	1.3799595432703218e-001 	-2.7189093989604646e-004 	1.3772406338713614e-001
8.0000000000000004e-001 	1.3808863565261748e-001 	-2.7310843235523678e-004 	1.3781552722026230e-001
9.0000000000000002e-001 	1.3816704122719167e-001 	-2.7414495962547818e-004 	1.3789289626756623e-001
1.0000000000000000e+000 	1.3823529517353592e-001 	-2.7503941810588935e-004 	1.3796025575543006e-001
1.1000000000000001e+000 	1.3829558884786372e-001 	-2.7582085363043866e-004 	1.3801976799423327e-001
1.2000000000000000e+000 	1.3834938327942908e-001 	-2.7651088054681769e-004 	1.3807287239888222e-001
1.3000000000000000e+000 	1.3839776290725667e-001 	-2.7712576722843939e-004 	1.3812063714002820e-001
1.3999999999999999e+000 	1.3844157045689043e-001 	-2.7766044518619400e-004 	1.3816391001170422e-001
1.6000000000000001e+000 	1.3989755019814798e-001 	-2.7858539600552945e-004 	1.3961896480214248e-001
1.8000000000000000e+000 	1.3858379153177861e-001 	-2.7939301148221808e-004 	1.3830439852029633e-001
2.0000000000000000e+000 	1.3863967815282677e-001 	-2.8008242222079470e-004 	1.3835959573060602e-001
2.2000000000000002e+000 	1.3868827223122843e-001 	-2.8067651905072958e-004 	1.3840759571217776e-001
2.3999999999999999e+000 	1.3873104144821879e-001 	-2.8119427142628311e-004 	1.3844984717679254e-001
2.6000000000000001e+000 	1.3876907715086376e-001 	-2.8165033904406668e-004 	1.3848742681181972e-001
2.7999999999999998e+000 	1.3880320316914679e-001 	-2.8205581693090429e-004 	1.3852114735221585e-001
3.0000000000000000e+000 	1.3883405316381187e-001 	-2.8241910674084751e-004 	1.3855163405707094e-001
3.2000000000000002e+000 	1.3886212368304227e-001 	-2.8274664065994421e-004 	1.3857937704238224e-001
3.3999999999999999e+000 	1.3888781042260653e-001 	-2.8304342300440643e-004 	1.3860476699960203e-001
3.6000000000000001e+000 	1.3891143335601461e-001 	-2.8330530223271029e-004 	1.3862812805378183e-001
4.0000000000000000e+000 	1.3945843954765444e-001 	-2.8376280649379515e-004 	1.3917467674116066e-001
4.4000000000000004e+000 	1.3899037803170297e-001 	-2.8416299272958324e-004 	1.3870621503897340e-001
4.7999999999999998e+000 	1.3902248247572094e-001 	-2.8450311814326353e-004 	1.3873797935757778e-001
5.2000000000000002e+000 	1.3905098587265863e-001 	-2.8479215467365883e-004 	1.3876619371798493e-001
5.5999999999999996e+000 	1.3907665421688092e-001 	-2.8503827052484736e-004 	1.3879161594635603e-001
6.0000000000000000e+000 	1.3910012894304979e-001 	-2.8524839385592123e-004 	1.3881488054919386e-001
6.4000000000000004e+000 	1.3912195005228750e-001 	-2.8542829427926172e-004 	1.3883652175800823e-001
6.7999999999999998e+000 	1.3914256461398261e-001 	-2.8558277229956159e-004 	1.3885698184168299e-001
7.2000000000000002e+000 	1.3916232791831301e-001 	-2.8571583863888525e-004 	1.3887661207967417e-001
7.5999999999999996e+000 	1.3918150362326134e-001 	-2.8583085965001111e-004 	1.3889567276361131e-001
8.0000000000000000e+000 	1.3920026660612037e-001 	-2.8592650012848890e-004 	1.3891434010599182e-001
8.8000000000000007e+000 	1.3951242522535451e-001 	-2.8608339512472679e-004 	1.3922634183022972e-001
9.5999999999999996e+000 	1.3927175123626540e-001 	-2.8621352227861636e-004 	1.3898553771398681e-001
1.0400000000000000e+001 	1.3930436861619760e-001 	-2.8631800826830773e-004 	1.3901805060792929e-001
1.1199999999999999e+001 	1.3933361134115849e-001 	-2.8640362122000601e-004 	1.3904720771993850e-001
1.2000000000000000e+001 	1.3935827953751204e-001 	-2.8647593908298939e-004 	1.3907180359842905e-001
1.2800000000000001e+001 	1.3937717955790899e-001 	-2.8653921034016070e-004 	1.3909064034756885e-001
1.3600000000000000e+001 	1.3938922167354750e-001 	-2.8659654966458584e-004 	1.3910262512388294e-001
1.4400000000000000e+001 	1.3939346860464524e-001 	-2.8665019134476030e-004 	1.3910681841330058e-001
1.5199999999999999e+001 	1.3938914866910340e-001 	-2.8670171432300677e-004 	1.3910244695478041e-001
1.6000000000000000e+001 	1.3937564733371016e-001 	-2.8675222025038936e-004 	1.3908889511345982e-001
1.6800000000000001e+001 	1.3935248797731614e-001 	-2.8680246767702770e-004 	1.3906568550963913e-001
1.7600000000000001e+001 	1.3931930914760596e-001 	-2.8685297084314875e-004 	1.3903245617676283e-001
1.8399999999999999e+001 	1.3927584259768358e-001 	-2.8690443774628441e-004 	1.3898893815993729e-001
2.0000000000000000e+001 	1.3930770253776190e-001 	-2.8701019621243202e-004 	1.3902069234154946e-001
2.1600000000000001e+001 	1.3899591727027946e-001 	-2.8711932537253763e-004 	1.3870879794490693e-001
2.3199999999999999e+001 	1.3879172014178279e-001 	-2.8723256567569189e-004 	1.3850448757610709e-001
2.4800000000000001e+001 	1.3854474858380228e-001 	-2.8734997977873265e-004 	1.3825739860402361e-001
2.6399999999999999e+001 	1.3825549109376464e-001 	-2.8747145193460814e-004 	1.3796801964183000e-001
2.8000000000000000e+001 	1.3792474410356709e-001 	-2.8759676675572243e-004 	1.3763714733681137e-001
2.9600000000000001e+001 	1.3755357419332870e-001 	-2.8772565147365027e-004 	1.3726584854185497e-001
3.1199999999999999e+001 	1.3714328437144269e-001 	-2.8785779555033717e-004 	1.3685542657589234e-001
3.2800000000000004e+001 	1.3669538091794076e-001 	-2.8799285839338056e-004 	1.3640738805954744e-001
3.4399999999999999e+001 	1.3621153919858175e-001 	-2.8813047235347431e-004 	1.3592340872622821e-001
3.6000000000000000e+001 	1.3569356856395051e-001 	-2.8827024502453146e-004 	1.3540529831892603e-001
3.7600000000000001e+001 	1.3514337736831944e-001 	-2.8841208220359006e-004 	1.3485496528611593e-001
4.0800000000000004e+001 	1.3401661336660944e-001 	-2.8869844833777391e-004 	1.3372791491827163e-001
4.4000000000000000e+001 	1.3266629565612884e-001 	-2.8898511004686183e-004 	1.3237731054608201e-001
4.7199999999999996e+001 	1.3128644287744340e-001 	-2.8926984466009581e-004 	1.3099717303278338e-001
5.0399999999999999e+001 	1.2983192452155023e-001 	-2.8954973205323720e-004 	1.2954237478949704e-001
5.3600000000000001e+001 	1.2831636417848410e-001 	-2.8982203780661100e-004 	1.2802654214067755e-001
5.6800000000000004e+001 	1.2675217096223090e-001 	-2.9008437082997797e-004 	1.2646208659140093e-001
6.0000000000000000e+001 	1.2515043174206239e-001 	-2.9033474995233141e-004 	1.2486009699211008e-001
6.3200000000000003e+001 	1.2352090723049512e-001 	-2.9057161900004073e-004 	1.2323033561149509e-001
6.6400000000000006e+001 	1.2187209240624543e-001 	-2.9079383104127309e-004 	1.2158129857520414e-001
6.9599999999999994e+001 	1.2021131377944658e-001 	-2.9100061469761396e-004 	1.1992031316474890e-001
7.2799999999999997e+001 	1.1854484424355048e-001 	-2.9118538144237927e-004 	1.1825365886210812e-001
7.9200000000000003e+001 	1.1525185570749155e-001 	-2.9150593558851775e-004 	1.1496034977190302e-001
8.5599999999999994e+001 	1.1192633069260415e-001 	-2.9177714978742656e-004 	1.1163455354281671e-001
9.2000000000000000e+001 	1.0868481584650418e-001 	-2.9199236540241973e-004 	1.0839282348110178e-001
9.8400000000000006e+001 	1.0551263737150238e-001 	-2.9215518561792966e-004 	1.0522048218588452e-001
1.0480000000000001e+002 	1.0242140184310830e-001 	-2.9227040917212627e-004 	1.0212913143393618e-001
1.1119999999999999e+002 	9.9418700739927535e-002 	-2.9234300121233902e-004 	9.9126357738715185e-002
1.1759999999999999e+002 	9.6509090234607173e-002 	-2.9237748364209330e-004 	9.6216712750965064e-002
1.2400000000000000e+002 	9.3694880993623622e-002 	-2.9237757232525113e-004 	9.3402503421298383e-002
1.3039999999999998e+002 	9.0976741668960623e-002 	-2.9234598894249301e-004 	9.0684395680018112e-002
1.3680000000000001e+002 	8.8354149947198923e-002 	-2.9228439915978581e-004 	8.8061865548039131e-002
1.4319999999999999e+002 	8.5825727205991340e-002 	-2.9218128642410733e-004 	8.5533545919567203e-002
1.5600000000000000e+002 	8.1092225655219882e-002 	-2.9187740810309723e-004 	8.0800348247116779e-002
1.6880000000000001e+002 	7.6599555425315838e-002 	-2.9146042656457284e-004 	7.6308094998751283e-002
1.8160000000000002e+002 	7.2483849905262687e-002 	-2.9089484594159622e-004 	7.2192955059321107e-002
1.9439999999999998e+002 	6.8669154033014310e-002 	-2.9016038184714719e-004 	6.8378993651167147e-002
2.0719999999999999e+002 	6.5132219354350290e-002 	-2.8923877872591680e-004 	6.4842980575624376e-002
2.2000000000000000e+002 	6.1850617973351771e-002 	-2.8811519006180291e-004 	6.1562502783289966e-002
2.3280000000000001e+002 	5.8803199214488844e-002 	-2.8677935549198115e-004 	5.8516419858996846e-002
2.4560000000000002e+002 	5.5970309549494987e-002 	-2.8522620901322846e-004 	5.5685083340481729e-002
2.5840000000000003e+002 	5.3333861850904107e-002 	-2.8345591508729977e-004 	5.3050405935816794e-002
2.7119999999999999e+002 	5.0877313896034948e-002 	-2.8147345483486857e-004 	5.0595840441200080e-002
2.8400000000000000e+002 	4.8585595741154931e-002 	-2.7928792083886493e-004 	4.8306307820316086e-002
2.9680000000000001e+002 	4.6445011110515327e-002 	-2.7691167122972726e-004 	4.6168099439285591e-002
3.0959999999999997e+002 	4.4443128215189913e-002 	-2.7430488597099758e-004 	4.4168823329218912e-002
3.3519999999999999e+002 	4.0853070909402073e-002 	-2.6864944902649034e-004 	4.0584421460375601e-002
3.6080000000000001e+002 	3.7587271489549455e-002 	-2.6262954159500171e-004 	3.7324641947954457e-002
3.8640000000000003e+002 	3.4746586483205534e-002 	-2.5626124113132962e-004 	3.4490325242074203e-002
4.1200000000000000e+002 	3.2223786630278757e-002 	-2.4964772879084476e-004 	3.1974138901487904e-002
4.3759999999999997e+002 	2.9973920481111086e-002 	-2.4288719760530550e-004 	2.9731033283505782e-002
4.6319999999999999e+002 	2.7959269213973834e-002 	-2.3606497561924955e-004 	2.7723204238354587e-002
4.8880000000000001e+002 	2.6148196935753498e-002 	-2.2925179624606377e-004 	2.5918945139507429e-002
5.1439999999999998e+002 	2.4514099725045205e-002 	-2.2250430091802530e-004 	2.4291595424127177e-002
5.4000000000000000e+002 	2.3034517377017560e-002 	-2.1586628565705110e-004 	2.2818651091360512e-002
5.6560000000000002e+002 	2.1690404424681769e-002 	-2.0937029561365824e-004 	2.1481034129068113e-002
5.9119999999999993e+002 	2.0465538087081177e-002 	-2.0303941031401629e-004 	2.0262498676767160e-002
6.1680000000000007e+002 	1.9346038448570455e-002 	-1.9696426588882305e-004 	1.9149074182681639e-002
6.6800000000000000e+002 	1.7400875817396043e-002 	-1.8540999797341705e-004 	1.7215465819422623e-002
7.1919999999999993e+002 	1.5683557097532733e-002 	-1.7448226311796665e-004 	1.5509074834414775e-002
7.7039999999999998e+002 	1.4245775867942586e-002 	-1.6428466643822709e-004 	1.4081491201504363e-002
8.2160000000000002e+002 	1.3006486784245645e-002 	-1.5479413936472189e-004 	1.2851692644880926e-002
8.7280000000000007e+002 	1.1929896440180724e-002 	-1.4596849728585210e-004 	1.1783927942894866e-002
9.2400000000000000e+002 	1.0987802691727982e-002 	-1.3775807287645696e-004 	1.0850044618851525e-002
9.7519999999999993e+002 	1.0157889486133272e-002 	-1.3011166875854672e-004 	1.0027777817374729e-002
1.0264000000000001e+003 	9.4223574212591050e-003 	-1.2297960739975211e-004 	9.2993778138593542e-003
1.0775999999999999e+003 	8.7668783517862812e-003 	-1.1631532574479180e-004 	8.6505630260414936e-003
1.1288000000000000e+003 	8.1798105272398898e-003 	-1.1007617183006337e-004 	8.0697343554098234e-003
1.1800000000000000e+003 	7.6516101549753837e-003 	-1.0434742119756157e-004 	7.5472627337778214e-003
1.2824000000000001e+003 	6.7518608918598734e-003 	-9.3898460076707066e-005 	6.6579624317831682e-003
1.3848000000000000e+003 	5.9743727350051413e-003 	-8.4363003171328128e-005 	5.8900097318338139e-003
1.4872000000000000e+003 	5.3391147352927640e-003 	-7.5814976242479220e-005 	5.2632997590502835e-003
1.5895999999999999e+003 	4.8023209213487669e-003 	-6.8143104532928796e-005 	4.7341778168158372e-003
1.6920000000000000e+003 	4.3442513429287899e-003 	-6.1240475448600307e-005 	4.2830108674801904e-003
1.7944000000000001e+003 	3.9499141980461755e-003 	-5.5015729949986958e-005 	3.8948984680961885e-003
1.8968000000000000e+003 	3.6078161955337921e-003 	-4.9393761739927679e-005 	3.5584224337938657e-003
1.9992000000000000e+003 	3.3090268518431668e-003 	-4.4312441823902387e-005 	3.2647144100192644e-003
2.1015999999999999e+003 	3.0465066534691061e-003 	-3.9719094037091831e-005 	3.0067875594320132e-003
2.2040000000000000e+003 	2.8146298675617220e-003 	-3.5567940449410479e-005 	2.7790619271123116e-003
2.3064000000000001e+003 	2.6088440739642491e-003 	-3.1943981125286201e-005 	2.5769000928389627e-003
2.5112000000000003e+003 	2.2647636189793456e-003 	-2.5732851671603006e-005 	2.2390307673077420e-003
2.7160000000000000e+003 	1.9747703583886610e-003 	-2.0451448333693566e-005 	1.9543189100549676e-003
2.9207999999999997e+003 	1.7443359469405018e-003 	-1.6149096361466519e-005 	1.7281868505790343e-003
3.1255999999999999e+003 	1.5546060689537980e-003 	-1.2674147927290970e-005 	1.5419319210265073e-003
3.3304000000000001e+003 	1.3966460683100001e-003 	-9.8809799265792479e-006 	1.3867650883834209e-003
3.5352000000000003e+003 	1.2637556791039036e-003 	-7.6446746152939304e-006 	1.2561110044886101e-003
3.7400000000000000e+003 	1.1508735502665532e-003 	-5.8609986248162123e-006 	1.1450125516417370e-003
3.9447999999999997e+003 	1.0541338683889888e-003 	-4.4433876991992569e-006 	1.0496904806897897e-003
4.1496000000000004e+003 	9.7054859961548108e-004 	-3.3203742458195629e-006 	9.6722822536966129e-004
4.3543999999999996e+003 	8.9778161729105351e-004 	-2.4334632757450624e-006 	8.9534815401530856e-004
4.5591999999999998e+003 	8.3398719918556931e-004 	-1.7351688441542498e-006 	8.3225203034141494e-004
4.7640000000000000e+003 	7.7769315324562158e-004 	-1.1871842946557541e-006 	7.7650596895096529e-004
4.9688000000000002e+003 	7.2771505311272026e-004 	-7.8571912341913728e-007 	7.2692933398930135e-004
5.3783999999999996e+003 	6.4395106946160306e-004 	-2.2679465530109775e-007 	6.4372427480630177e-004
5.7880000000000000e+003 	5.7262955676054984e-004 	1.5242159649202249e-007 	5.7278197835704172e-004
6.1976000000000004e+003 	5.1531269782639202e-004 	3.7311451271537639e-007 	5.1568581233910754e-004
6.6071999999999998e+003 	4.6734150444275175e-004 	4.9156947318693794e-007 	4.6783307391593855e-004
7.0168000000000002e+003 	4.2661815627019245e-004 	5.4677783038275105e-007 	4.2716493410057516e-004
7.4264000000000005e+003 	3.9161096098093353e-004 	5.6357858708000632e-007 	3.9217453956801366e-004
7.8360000000000000e+003 	3.6119038737259955e-004 	5.5776664997817294e-007 	3.6174815402257763e-004
8.2456000000000004e+003 	3.3451019986144721e-004 	5.3935432287816541e-007 	3.3504955418432557e-004
8.6552000000000007e+003 	3.1092491786460536e-004 	5.1453837883381827e-007 	3.1143945624343918e-004
9.0647999999999993e+003 	2.8993326012975831e-004 	4.8702515719430941e-007 	2.9042028528695270e-004
9.4743999999999996e+003 	2.7113930313606355e-004 	4.6101013759293608e-007 	2.7160031327365641e-004
1.0293600000000000e+004 	2.3945078981250581e-004 	4.1128047093729286e-007 	2.3986207028344308e-004
1.1112799999999999e+004 	2.1188593256378375e-004 	3.6130757627976688e-007 	2.1224724014006367e-004
1.1932000000000000e+004 	1.8960131586291871e-004 	3.1689423589568153e-007 	1.8991821009881440e-004
1.2751200000000001e+004 	1.7082042441621367e-004 	2.7956702195785694e-007 	1.7109999143817149e-004
1.3570400000000000e+004 	1.5481912162007851e-004 	2.4800235319996310e-007 	1.5506712397327845e-004
1.4389600000000000e+004 	1.4105411146491344e-004 	2.2082792464147900e-007 	1.4127493938955496e-004
1.5208799999999999e+004 	1.2911263174671117e-004 	1.9723949299885020e-007 	1.2930987123971002e-004
1.6027999999999998e+004 	1.1867614755764225e-004 	1.7674179059799887e-007 	1.1885288934824023e-004
1.6847200000000001e+004 	1.0949498668115981e-004 	1.5895147337035639e-007 	1.0965393815453011e-004
1.7666399999999998e+004 	1.0137065992644094e-004 	1.4353549257486044e-007 	1.0151419541901580e-004
1.8485600000000002e+004 	9.4143387865103082e-005 	1.3158001305305771e-007 	9.4274967878156174e-005
2.0124000000000000e+004 	8.2102395621863836e-005 	1.1194503749739675e-007 	8.2214340659361203e-005
2.1762399999999998e+004 	7.1708703184933782e-005 	9.4299208585820999e-008 	7.1803002393519604e-005
2.3400799999999999e+004 	6.3453497982478662e-005 	8.1416401739960946e-008 	6.3534914384218616e-005
2.5039200000000001e+004 	5.6592083172110261e-005 	7.2405400106665629e-008 	5.6664488572216916e-005
2.6677600000000002e+004 	5.0822740727682874e-005 	6.5914627892368098e-008 	5.0888655355575253e-005
2.8316000000000000e+004 	4.5920608784448756e-005 	6.0418939002167303e-008 	4.5981027723450935e-005
-2850 0
-2.8500000000000000e+003 0.0000000000000000e+000 0.0000000000000000e+000
1
1 1 1 1
1
         t, ms                         dVp, mV                         dVs, mV                         dV, mV
5.0000000000000000e-001 	1.1037266996818915e-001 	-2.9358649323972541e-004 	1.1007908347494938e-001
5.9999999999999998e-001 	1.1051154623524258e-001 	-2.9326763052847800e-004 	1.1021827860471411e-001
6.9999999999999996e-001 	1.1060283511033457e-001 	-2.9297395871820641e-004 	1.1030986115161633e-001
8.0000000000000004e-001 	1.1067472187517781e-001 	-2.9272529761823418e-004 	1.1038199657755958e-001
9.0000000000000002e-001 	1.1073553579455669e-001 	-2.9251206720333852e-004 	1.1044302372735332e-001
1.0000000000000000e+000 	1.1078847569303714e-001 	-2.9232691681606857e-004 	1.1049614877622105e-001
1.1000000000000001e+000 	1.1083524128373469e-001 	-2.9216437558982799e-004 	1.1054307690814491e-001
1.2000000000000000e+000 	1.1087696580882894e-001 	-2.9202036535870823e-004 	1.1058494544347022e-001
1.3000000000000000e+000 	1.1091449040949680e-001 	-2.9189179511668957e-004 	1.1062259861438013e-001
1.3999999999999999e+000 	1.1094846873940711e-001 	-2.9177998972652652e-004 	1.1065668874968057e-001
1.6000000000000001e+000 	1.1207774191600255e-001 	-2.9158694325996095e-004 	1.1178615497274255e-001
1.8000000000000000e+000 	1.1105877904254498e-001 	-2.9141900386821457e-004 	1.1076736003867681e-001
2.0000000000000000e+000 	1.1110212601825853e-001 	-2.9127641348608867e-004 	1.1081084960477242e-001
2.2000000000000002e+000 	1.1113981666751571e-001 	-2.9115424297070086e-004 	1.1084866242454504e-001
2.3999999999999999e+000 	1.1117298937621398e-001 	-2.9104827864132152e-004 	1.1088194109757268e-001
2.6000000000000001e+000 	1.1120249063095260e-001 	-2.9095516309960698e-004 	1.1091153546785305e-001
2.7999999999999998e+000 	1.1122895942174195e-001 	-2.9087228249924407e-004 	1.1093808713924272e-001
3.0000000000000000e+000 	1.1125288723594440e-001 	-2.9079761102034763e-004 	1.1096208962492396e-001
3.2000000000000002e+000 	1.1127465921242756e-001 	-2.9072957354467317e-004 	1.1098392963888294e-001
3.3999999999999999e+000 	1.1129458226502256e-001 	-2.9066693791216533e-004 	1.1100391532711042e-001
3.6000000000000001e+000 	1.1131290457559886e-001 	-2.9060991791664801e-004 	1.1102229465768222e-001
4.0000000000000000e+000 	1.1173716804411951e-001 	-2.9050568883455058e-004 	1.1144666235528497e-001
4.4000000000000004e+000 	1.1137413514131411e-001 	-2.9040911361336252e-004 	1.1108372602770077e-001
4.7999999999999998e+000 	1.1139903566469082e-001 	-2.9032005736746798e-004 	1.1110871560732338e-001
5.2000000000000002e+000 	1.1142114291461107e-001 	-2.9023688060234574e-004 	1.1113090603400876e-001
5.5999999999999996e+000 	1.1144105059383107e-001 	-2.9015833506452771e-004 	1.1115089225876656e-001
6.0000000000000000e+000 	1.1145925538200842e-001 	-2.9008355791547733e-004 	1.1116917182409293e-001
6.4000000000000004e+000 	1.1147617468715942e-001 	-2.9001198759572478e-004 	1.1118616269956373e-001
6.7999999999999998e+000 	1.1149215305380576e-001 	-2.8994327698873362e-004 	1.1120220977681707e-001
7.2000000000000002e+000 	1.1150746288971987e-001 	-2.8987722369533560e-004 	1.1121758566602452e-001
7.5999999999999996e+000 	1.1152230445443165e-001 	-2.8981371887961538e-004 	1.1123249073555205e-001
8.0000000000000000e+000 	1.1153680799590411e-001 	-2.8975367455077116e-004 	1.1124705432135329e-001
8.8000000000000007e+000 	1.1177871814781802e-001 	-2.8964129181611477e-004 	1.1148907685600190e-001
9.5999999999999996e+000 	1.1159169724075174e-001 	-2.8953695445137694e-004 	1.1130216028630034e-001
1.0400000000000000e+001 	1.1161638152126090e-001 	-2.8944217855520366e-004 	1.1132693934270566e-001
1.1199999999999999e+001 	1.1163810940863106e-001 	-2.8935695630125525e-004 	1.1134875245232978e-001
1.2000000000000000e+001 	1.1165585416211896e-001 	-2.8928105620647438e-004 	1.1136657310591250e-001
1.2800000000000001e+001 	1.1166858932839011e-001 	-2.8921410004724424e-004 	1.1137937522834289e-001
1.3600000000000000e+001 	1.1167536662118882e-001 	-2.8915560687543996e-004 	1.1138621101431338e-001
1.4400000000000000e+001 	1.1167535497902048e-001 	-2.8910502794460784e-004 	1.1138624995107584e-001
1.5199999999999999e+001 	1.1166785166906060e-001 	-2.8906177705687139e-004 	1.1137878989200375e-001
1.6000000000000000e+001 	1.1165227634815510e-001 	-2.8902525616325141e-004 	1.1136325109199181e-001
1.6800000000000001e+001 	1.1162815665837249e-001 	-2.8899487565904722e-004 	1.1133916178271341e-001
1.7600000000000001e+001 	1.1159511113968321e-001 	-2.8897006935623603e-004 	1.1130614107032692e-001
1.8399999999999999e+001 	1.1155283285070983e-001 	-2.8895188774081062e-004 	1.1126388096296901e-001
2.0000000000000000e+001 	1.1155576924605128e-001 	-2.8892838749537133e-004 	1.1126684085855590e-001
2.1600000000000001e+001 	1.1128683229315177e-001 	-2.8891613826663876e-004 	1.1099791615488509e-001
2.3199999999999999e+001 	1.1109425535525523e-001 	-2.8891564851872255e-004 	1.1080533970673652e-001
2.4800000000000001e+001 	1.1086131208152457e-001 	-2.8892510135376836e-004 	1.1057238698017079e-001
2.6399999999999999e+001 	1.1058800344869761e-001 	-2.8894282306425573e-004 	1.1029906062563337e-001
2.8000000000000000e+001 	1.1027469537396845e-001 	-2.8896739609099377e-004 	1.0998572797787742e-001
2.9600000000000001e+001 	1.0992209079300562e-001 	-2.8899764854825930e-004 	1.0963309314445739e-001
3.1199999999999999e+001 	1.0953119800344246e-001 	-2.8903260968968453e-004 	1.0924216539375280e-001
3.2800000000000004e+001 	1.0910329466061622e-001 	-2.8907146313789469e-004 	1.0881422319747831e-001
3.4399999999999999e+001 	1.0863988794102648e-001 	-2.8911350799560296e-004 	1.0835077443303087e-001
3.6000000000000000e+001 	1.0814267242484056e-001 	-2.8915812975270714e-004 	1.0785351429508788e-001
3.7600000000000001e+001 	1.0761348765763727e-001 	-2.8920518878972729e-004 	1.0732428246884750e-001
4.0800000000000004e+001 	1.0651538055543955e-001 	-2.8930276870694859e-004 	1.0622607778673263e-001
4.4000000000000000e+001 	1.0522293939996313e-001 	-2.8940170569263389e-004 	1.0493353769427054e-001
4.7199999999999996e+001 	1.0388841774442355e-001 	-2.8950049098051345e-004 	1.0359891725344306e-001
5.0399999999999999e+001 	1.0248128716039667e-001 	-2.8959701853160572e-004 	1.0219169014186502e-001
5.3600000000000001e+001 	1.0101579913965693e-001 	-2.8968949137731317e-004 	1.0072610964827967e-001
5.6800000000000004e+001 	9.9505001150501204e-002 	-2.8977649123358988e-004 	9.9215224659267617e-002
6.0000000000000000e+001 	9.7960578831307557e-002 	-2.8985697248421806e-004 	9.7670721858823320e-002
6.3200000000000003e+001 	9.6392819325364851e-002 	-2.8993022583741548e-004 	9.6102889099527425e-002
6.6400000000000006e+001 	9.4810653303756390e-002 	-2.8999583095515996e-004 	9.4520657472801292e-002
6.9599999999999994e+001 	9.3221744750659460e-002 	-2.9005360719748508e-004 	9.2931691143461961e-002
7.2799999999999997e+001 	9.1632606104809222e-002 	-2.9010073049295563e-004 	9.1342505374316305e-002
7.9200000000000003e+001 	8.8505429570243099e-002 	-2.9017229742056767e-004 	8.8215257272822534e-002
8.5599999999999994e+001 	8.5379469734404217e-002 	-2.9022229798127000e-004 	8.5089247436422905e-002
9.2000000000000000e+001 	8.2353343138295412e-002 	-2.9024895320616678e-004 	8.2063094185089239e-002
9.8400000000000006e+001 	7.9416763921893035e-002 	-2.9025519593860275e-004 	7.9126508725954448e-002
1.0480000000000001e+002 	7.6579583434207316e-002 	-2.9024422733473252e-004 	7.6289339206872600e-002
1.1119999999999999e+002 	7.3847401115503669e-002 	-2.9021893846011796e-004 	7.3557182177043573e-002
1.1759999999999999e+002 	7.1222689186106275e-002 	-2.9018155087906847e-004 	7.0932507635227210e-002
1.2400000000000000e+002 	6.8705688517755936e-002 	-2.9013338814496000e-004 	6.8415555129610978e-002
1.3039999999999998e+002 	6.6295083214962164e-002 	-2.9007474747494048e-004 	6.6005008467487233e-002
1.3680000000000001e+002 	6.3988494862795356e-002 	-2.9000485450827936e-004 	6.3698490008287104e-002
1.4319999999999999e+002 	6.1782839806482158e-002 	-2.8991402363623219e-004 	6.1492925782845931e-002
1.5600000000000000e+002 	5.7700330591786059e-002 	-2.8966979091206717e-004 	5.7410660800873987e-002
1.6880000000000001e+002 	5.3883634154818498e-002 	-2.8933493320588402e-004 	5.3594299221612622e-002
1.8160000000000002e+002 	5.0439581027142709e-002 	-2.8886551944547130e-004 	5.0150715507697230e-002
1.9439999999999998e+002 	4.7293026844974231e-002 	-2.8822526965646943e-004 	4.7004801575317744e-002
2.0719999999999999e+002 	4.4415771394685624e-002 	-2.8738088678420223e-004 	4.4128390507901405e-002
2.2000000000000000e+002 	4.1781646065935381e-002 	-2.8630466490958152e-004 	4.1495341401025822e-002
2.3280000000000001e+002 	3.9366750158909475e-002 	-2.8497621594369456e-004 	3.9081773942965796e-002
2.4560000000000002e+002 	3.7149470724845909e-002 	-2.8338321491061915e-004 	3.6866087509935287e-002
2.5840000000000003e+002 	3.5110384121201821e-002 	-2.8152129932016719e-004 	3.4828862821881662e-002
2.7119999999999999e+002 	3.3232098856612706e-002 	-2.7939334648002144e-004 	3.2952705510132692e-002
2.8400000000000000e+002 	3.1499074966714335e-002 	-2.7700837025608271e-004 	3.1222066596458254e-002
2.9680000000000001e+002 	2.9897439965791559e-002 	-2.7438025216745739e-004 	2.9623059713624108e-002
3.0959999999999997e+002 	2.8414812165685869e-002 	-2.7145577727706702e-004 	2.8143356388408799e-002
3.3519999999999999e+002 	2.5794564911092818e-002 	-2.6503499929562150e-004 	2.5529529911797185e-002
3.6080000000000001e+002 	2.3446904653752466e-002 	-2.5813839901380804e-004 	2.3188766254738664e-002
3.8640000000000003e+002 	2.1443115768438450e-002 	-2.5078357266406669e-004 	2.1192332195774388e-002
4.1200000000000000e+002 	1.9691838784616576e-002 	-2.4310193964495797e-004 	1.9448736844971615e-002
4.3759999999999997e+002 	1.8153012806261349e-002 	-2.3522010461699751e-004 	1.7917792701644349e-002
4.6319999999999999e+002 	1.6793801730456713e-002 	-2.2724920117250821e-004 	1.6566552529284212e-002
4.8880000000000001e+002 	1.5587283771228994e-002 	-2.1928200221772127e-004 	1.5368001769011272e-002
5.1439999999999998e+002 	1.4511304611553557e-002 	-2.1139320530087508e-004 	1.4299911406252679e-002
5.4000000000000000e+002 	1.3547539398757330e-002 	-2.0364099228671096e-004 	1.3343898406470619e-002
5.6560000000000002e+002 	1.2680744974623463e-002 	-1.9606912599574519e-004 	1.2484675848627719e-002
5.9119999999999993e+002 	1.1898168790940661e-002 	-1.8870922918154363e-004 	1.1709459561759113e-002
6.1680000000000007e+002 	1.1189081993685016e-002 	-1.8168152954798161e-004 	1.1007400464137033e-002
6.6800000000000000e+002 	9.9713515860091542e-003 	-1.6840613867456745e-004 	9.8029454473345882e-003
7.1919999999999993e+002 	8.9086488633243546e-003 	-1.5595654768304167e-004 	8.7526923156413146e-003
7.7039999999999998e+002 	8.0318505317004737e-003 	-1.4447349094465342e-004 	7.8873770407558181e-003
8.2160000000000002e+002 	7.2848332855574866e-003 	-1.3393077263497272e-004 	7.1509025129225141e-003
8.7280000000000007e+002 	6.6425447908975161e-003 	-1.2427467216874681e-004 	6.5182701187287712e-003
9.2400000000000000e+002 	6.0856213017164889e-003 	-1.1543912690031409e-004 	5.9701821748161738e-003
9.7519999999999993e+002 	5.5990107751087382e-003 	-1.0735419600039589e-004 	5.4916565791083448e-003
1.0264000000000001e+003 	5.1708995041056674e-003 	-9.9950844627441532e-005 	5.0709486594782268e-003
1.0775999999999999e+003 	4.7919136830782598e-003 	-9.3163582366002971e-005 	4.6987501007122569e-003
1.1288000000000000e+003 	4.4545340384426696e-003 	-8.6931812029777673e-005 	4.3676022264128945e-003
1.1800000000000000e+003 	4.1526664351000135e-003 	-8.1356942118390203e-005 	4.0713094929816221e-003
1.2824000000000001e+003 	3.6420669124708708e-003 	-7.1482704087118243e-005 	3.5705842083837529e-003
1.3848000000000000e+003 	3.2042519222335235e-003 	-6.2731406118285790e-005 	3.1415205161152383e-003
1.4872000000000000e+003 	2.8496875401358788e-003 	-5.5163950845141671e-005 	2.7945235892907383e-003
1.5895999999999999e+003 	2.5522188171152775e-003 	-4.8609725941572143e-005 	2.5036090911737044e-003
1.6920000000000000e+003 	2.2999698043404933e-003 	-4.2910268168699561e-005 	2.2570595361717937e-003
1.7944000000000001e+003 	2.0840212706844529e-003 	-3.7932016325949783e-005 	2.0460892543585031e-003
1.8968000000000000e+003 	1.8976054314446419e-003 	-3.3566275181974121e-005 	1.8640391562626689e-003
1.9992000000000000e+003 	1.7355120917941121e-003 	-2.9724987784542694e-005 	1.7057871040095690e-003
2.1015999999999999e+003 	1.5936679977776905e-003 	-2.6336181199196676e-005 	1.5673318165784940e-003
2.2040000000000000e+003 	1.4688417362915842e-003 	-2.3340305239857262e-005 	1.4455014310517269e-003
2.3064000000000001e+003 	1.3584355259741445e-003 	-2.0788407737999724e-005 	1.3376471182361444e-003
2.5112000000000003e+003 	1.1745959449069828e-003 	-1.6519247756788954e-005 	1.1580766971501931e-003
2.7160000000000000e+003 	1.0204332485426783e-003 	-1.2960538136773052e-005 	1.0074727104059050e-003
2.9207999999999997e+003 	8.9859139318143729e-004 	-1.0128583282089332e-005 	8.8846280989934813e-004
3.1255999999999999e+003 	7.9872275036205111e-004 	-7.8885156779368192e-006 	7.9083423468411451e-004
3.3304000000000001e+003 	7.1590659899112654e-004 	-6.1200244638302593e-006 	7.0978657452729619e-004
3.5352000000000003e+003 	6.4647800019180070e-004 	-4.7252365075944821e-006 	6.4175276368420636e-004
3.7400000000000000e+003 	5.8768596091460928e-004 	-3.6263510314178799e-006 	5.8405960988319120e-004
3.9447999999999997e+003 	5.3744122293920751e-004 	-2.7615847955560483e-006 	5.3467963814365145e-004
4.1496000000000004e+003 	4.9413702980328350e-004 	-2.0818570970995768e-006 	4.9205517270618391e-004
4.3543999999999996e+003 	4.5652273577675436e-004 	-1.5482458333843780e-006 	4.5497448994336997e-004
4.5591999999999998e+003 	4.2361410190967319e-004 	-1.1299512735036620e-006 	4.2248415063616960e-004
4.7640000000000000e+003 	3.9462881569793910e-004 	-8.0263702932502487e-007 	3.9382617866861425e-004
4.9688000000000002e+003 	3.6893945735716173e-004 	-5.6326793949311138e-007 	3.6837618941766863e-004
5.3783999999999996e+003 	3.2597710881175819e-004 	-2.2966522182430024e-007 	3.2574744358993392e-004
5.7880000000000000e+003 	2.8947731952916821e-004 	-1.6720431126279261e-009 	2.8947564748605569e-004
6.1976000000000004e+003 	2.6022336994346233e-004 	1.3316035356813466e-007 	2.6035653029703046e-004
6.6071999999999998e+003 	2.3578927601893482e-004 	2.0786199530759734e-007 	2.3599713801424247e-004
7.0168000000000002e+003 	2.1508245349694921e-004 	2.4530595427938736e-007 	2.1532775945122862e-004
7.4264000000000005e+003 	1.9730781815070251e-004 	2.6006593684962969e-007 	1.9756788408755219e-004
7.8360000000000000e+003 	1.8188085205739194e-004 	2.6137175503235748e-007 	1.8214222381242429e-004
8.2456000000000004e+003 	1.6836485030767906e-004 	2.5504290643747478e-007 	1.6861989321411653e-004
8.6552000000000007e+003 	1.5642751599571059e-004 	2.4467156189925801e-007 	1.5667218755760989e-004
9.0647999999999993e+003 	1.4581132907085680e-004 	2.3241108793811948e-007 	1.4604374015879493e-004
9.4743999999999996e+003 	1.3631326483894081e-004 	2.2048837488842558e-007 	1.3653375321382924e-004
1.0293600000000000e+004 	1.2031379264157159e-004 	1.9719734379448039e-007 	1.2051098998536606e-004
1.1112799999999999e+004 	1.0640579000843285e-004 	1.7338736121091428e-007 	1.0657917736964372e-004
1.1932000000000000e+004 	9.5174673822840658e-005 	1.5204414168383843e-007 	9.5326717964524504e-005
1.2751200000000001e+004 	8.5716695981323900e-005 	1.3405366591837479e-007 	8.5850749647242299e-005
1.3570400000000000e+004 	7.7663749362250588e-005 	1.1881622988265588e-007 	7.7782565592133249e-005
1.4389600000000000e+004 	7.0740077901137503e-005 	1.0568093809102071e-007 	7.0845758839228491e-005
1.5208799999999999e+004 	6.4736465426724747e-005 	9.4269160276990421e-008 	6.4830734587001756e-005
1.6027999999999998e+004 	5.9491647308693697e-005 	8.4349540372107288e-008 	5.9575996849065809e-005
1.6847200000000001e+004 	5.4879349512353840e-005 	7.5741764267464492e-008 	5.4955091276621296e-005
1.7666399999999998e+004 	5.0799270835613687e-005 	6.8287426482707194e-008 	5.0867558262096388e-005
1.8485600000000002e+004 	4.7170731080243291e-005 	6.2530054327323973e-008 	4.7233261134570625e-005
2.0124000000000000e+004 	4.1127779517571241e-005 	5.3087860190035323e-008 	4.1180867377761279e-005
2.1762399999999998e+004 	3.5912919054211645e-005 	4.4584167266853059e-008 	3.5957503221478500e-005
2.3400799999999999e+004 	3.1772972738470312e-005 	3.8414549778067897e-008 	3.1811387288248378e-005
2.5039200000000001e+004 	2.8333098853264199e-005 	3.4142681508592368e-008 	2.8367241534772805e-005
2.6677600000000002e+004 	2.5441489336234435e-005 	3.1098495179079455e-008 	2.5472587831413516e-005
2.8316000000000000e+004 	2.2985076773184931e-005 	2.8537030837822982e-008 	2.3013613804022757e-005
-2250 0
-2.2500000000000000e+003 0.0000000000000000e+000 0.0000000000000000e+000
1
1 1 1 1
1
         t, ms                         dVp, mV                         dVs, mV                         dV, mV
5.0000000000000000e-001 	2.9778777829741677e-002 	1.7898795931927700e-005 	2.9796676625673594e-002
5.9999999999999998e-001 	2.9822024013099517e-002 	1.6051900721363779e-005 	2.9838075913820882e-002
6.9999999999999996e-001 	2.9850451038476545e-002 	1.4355783982646835e-005 	2.9864806822459206e-002
8.0000000000000004e-001 	2.9872836331898543e-002 	1.2928642306115110e-005 	2.9885764974204670e-002
9.0000000000000002e-001 	2.9891773685178875e-002 	1.1712162626192956e-005 	2.9903485847805052e-002
1.0000000000000000e+000 	2.9908259183563077e-002 	1.0661319140127531e-005 	2.9918920502703193e-002
1.1000000000000001e+000 	2.9922822084675203e-002 	9.7425063746394861e-006 	2.9932564591049832e-002
1.2000000000000000e+000 	2.9935815254334863e-002 	8.9307102078417951e-006 	2.9944745964542718e-002
1.3000000000000000e+000 	2.9947500604848406e-002 	8.2070827677336860e-006 	2.9955707687616132e-002
1.3999999999999999e+000 	2.9958081673287291e-002 	7.5778428033833731e-006 	2.9965659516090665e-002
1.6000000000000001e+000 	3.0309774361488961e-002 	6.4896602567384396e-006 	3.0316264021745691e-002
1.8000000000000000e+000 	2.9992433283049100e-002 	5.5401123709389389e-006 	2.9997973395420038e-002
2.0000000000000000e+000 	3.0005932052139316e-002 	4.7302798388148196e-006 	3.0010662331978129e-002
2.2000000000000002e+000 	3.0017669441384055e-002 	4.0330867661681861e-006 	3.0021702528150212e-002
2.3999999999999999e+000 	3.0027999937138408e-002 	3.4259720618970012e-006 	3.0031425909200313e-002
2.6000000000000001e+000 	3.0037187131382682e-002 	2.8914036045038524e-006 	3.0040078534987191e-002
2.7999999999999998e+000 	3.0045430003935926e-002 	2.4160426315421578e-006 	3.0047846046567472e-002
3.0000000000000000e+000 	3.0052881603940113e-002 	1.9897438859560576e-006 	3.0054871347826070e-002
3.2000000000000002e+000 	3.0059661863119293e-002 	1.6047171363376786e-006 	3.0061266580255621e-002
3.3999999999999999e+000 	3.0065866354826637e-002 	1.2548950678895337e-006 	3.0067121249894520e-002
3.6000000000000001e+000 	3.0071572362510113e-002 	9.4453648169362142e-007 	3.0072516898991802e-002
4.0000000000000000e+000 	3.0203702218820270e-002 	3.9791673503020633e-007 	3.0204100135555294e-002
4.4000000000000004e+000 	3.0090641191460647e-002 	-8.5398568840403171e-008 	3.0090555792891809e-002
4.7999999999999998e+000 	3.0098396018530458e-002 	-5.0286033940037818e-007 	3.0097893158191058e-002
5.2000000000000002e+000 	3.0105281246514338e-002 	-8.6480048095449243e-007 	3.0104416446033382e-002
5.5999999999999996e+000 	3.0111482264924133e-002 	-1.1803911083923064e-006 	3.0110301873815741e-002
6.0000000000000000e+000 	3.0117154741492118e-002 	-1.4572240822265437e-006 	3.0115697517409896e-002
6.4000000000000004e+000 	3.0122430372074398e-002 	-1.7014712239708912e-006 	3.0120728900850418e-002
6.7999999999999998e+000 	3.0127419098037275e-002 	-1.9181525259447519e-006 	3.0125500945511335e-002
7.2000000000000002e+000 	3.0132209531307508e-002 	-2.1113780894626759e-006 	3.0130098153218050e-002
7.5999999999999996e+000 	3.0136869098691826e-002 	-2.2845391514286581e-006 	3.0134584559540403e-002
8.0000000000000000e+000 	3.0141444793757258e-002 	-2.4354569624189986e-006 	3.0139009336794829e-002
8.8000000000000007e+000 	3.0217026328954653e-002 	-2.6963248582464405e-006 	3.0214330004096415e-002
9.5999999999999996e+000 	3.0159201039687170e-002 	-2.9233378749207248e-006 	3.0156277701812246e-002
1.0400000000000000e+001 	3.0167619312134960e-002 	-3.1161418685186814e-006 	3.0164503170266456e-002
1.1199999999999999e+001 	3.0175517733733628e-002 	-3.2813532603304334e-006 	3.0172236380473297e-002
1.2000000000000000e+001 	3.0182687982847560e-002 	-3.4246410811916955e-006 	3.0179263341766360e-002
1.2800000000000001e+001 	3.0188925811829390e-002 	-3.5505171312610612e-006 	3.0185375294698138e-002
1.3600000000000000e+001 	3.0194052699062095e-002 	-3.6624847444521185e-006 	3.0190390214317644e-002
1.4400000000000000e+001 	3.0197926391363365e-002 	-3.7632526813427729e-006 	3.0194163138682010e-002
1.5199999999999999e+001 	3.0200443506732448e-002 	-3.8549257038555608e-006 	3.0196588581028593e-002
1.6000000000000000e+001 	3.0201537309383273e-002 	-3.9391538369467357e-006 	3.0197598155546328e-002
1.6800000000000001e+001 	3.0201173056660535e-002 	-4.0172438995331102e-006 	3.0197155812761011e-002
1.7600000000000001e+001 	3.0199342509409359e-002 	-4.0902415876406682e-006 	3.0195252267821718e-002
1.8399999999999999e+001 	3.0196058535600378e-002 	-4.1578330633402476e-006 	3.0191900702537036e-002
2.0000000000000000e+001 	3.0222014075316685e-002 	-4.2834526052189399e-006 	3.0217730622711457e-002
2.1600000000000001e+001 	3.0169308809636908e-002 	-4.4015889482654572e-006 	3.0164907220688639e-002
2.3199999999999999e+001 	3.0148447587028900e-002 	-4.5124801890744623e-006 	3.0143935106839818e-002
2.4800000000000001e+001 	3.0123215919046830e-002 	-4.6179294406950587e-006 	3.0118597989606127e-002
2.6399999999999999e+001 	3.0094099247000874e-002 	-4.7194276422222371e-006 	3.0089379819358643e-002
2.8000000000000000e+001 	3.0061567695707291e-002 	-4.8181225023103641e-006 	3.0056749573204984e-002
2.9600000000000001e+001 	3.0026060454904600e-002 	-4.9148700542117830e-006 	3.0021145584850389e-002
3.1199999999999999e+001 	2.9987976687651199e-002 	-5.0102966699441019e-006 	2.9982966390981244e-002
3.2800000000000004e+001 	2.9947671036090515e-002 	-5.1048515316415017e-006 	2.9942566184558889e-002
3.4399999999999999e+001 	2.9905452271092217e-002 	-5.1988468830595939e-006 	2.9900253424209156e-002
3.6000000000000000e+001 	2.9861584058564636e-002 	-5.2924881677249506e-006 	2.9856291570396907e-002
3.7600000000000001e+001 	2.9816287129573855e-002 	-5.3858199400351130e-006 	2.9810901309633819e-002
4.0800000000000004e+001 	2.9737261903631587e-002 	-5.5718173893232083e-006 	2.9731690086242255e-002
4.4000000000000000e+001 	2.9624133857244234e-002 	-5.7568272888277854e-006 	2.9618377029955407e-002
4.7199999999999996e+001 	2.9522502478383995e-002 	-5.9401299151329159e-006 	2.9516562348468865e-002
5.0399999999999999e+001 	2.9417635088028291e-002 	-6.1208920803761311e-006 	2.9411514195947914e-002
5.3600000000000001e+001 	2.9309601936791888e-002 	-6.2981646295271107e-006 	2.9303303772162365e-002
5.6800000000000004e+001 	2.9198328807018926e-002 	-6.4709697889759468e-006 	2.9191857837229954e-002
6.0000000000000000e+001 	2.9083659470263666e-002 	-6.6383720941600829e-006 	2.9077021098169512e-002
6.3200000000000003e+001 	2.8965405399698843e-002 	-6.7995281250920591e-006 	2.8958605871573721e-002
6.6400000000000006e+001 	2.8843381911861088e-002 	-6.9537167356559570e-006 	2.8836428195125444e-002
6.9599999999999994e+001 	2.8717432210348962e-002 	-7.1003535905541715e-006 	2.8710331856758406e-002
7.2799999999999997e+001 	2.8587441592652672e-002 	-7.2357070478447526e-006 	2.8580205885604823e-002
7.9200000000000003e+001 	2.8321733218813157e-002 	-7.4803208845179040e-006 	2.8314252897928643e-002
8.5599999999999994e+001 	2.8026781192920038e-002 	-7.6974070853289905e-006 	2.8019083785834707e-002
9.2000000000000000e+001 	2.7723011709829222e-002 	-7.8821560491227340e-006 	2.7715129553780114e-002
9.8400000000000006e+001 	2.7405020525746431e-002 	-8.0352663249947726e-006 	2.7396985259421431e-002
1.0480000000000001e+002 	2.7074282422932999e-002 	-8.1583507360827929e-006 	2.7066124072196916e-002
1.1119999999999999e+002 	2.6732453923226485e-002 	-8.2534837900637796e-006 	2.6724200439436418e-002
1.1759999999999999e+002 	2.6381261389162136e-002 	-8.3229484133216334e-006 	2.6372938440748825e-002
1.2400000000000000e+002 	2.6022415839953305e-002 	-8.3690986919241981e-006 	2.6014046741261385e-002
1.3039999999999998e+002 	2.5657554144730602e-002 	-8.3942979803262874e-006 	2.5649159846750258e-002
1.3680000000000001e+002 	2.5288202494705030e-002 	-8.4009016471627219e-006 	2.5279801593057857e-002
1.4319999999999999e+002 	2.4915756970372585e-002 	-8.3868773892135685e-006 	2.4907370092983373e-002
1.5600000000000000e+002 	2.4176260918036374e-002 	-8.3230266212050248e-006 	2.4167937891415171e-002
1.6880000000000001e+002 	2.3420709003782882e-002 	-8.2350551444861250e-006 	2.3412473948638407e-002
1.8160000000000002e+002 	2.2680645928141771e-002 	-8.1302295217840945e-006 	2.2672515698619982e-002
1.9439999999999998e+002 	2.1952540075370109e-002 	-8.0234318527992036e-006 	2.1944516643517313e-002
2.0719999999999999e+002 	2.1240122271333633e-002 	-7.9287084031301298e-006 	2.1232193562930511e-002
2.2000000000000000e+002 	2.0546102383850660e-002 	-7.8581140313987475e-006 	2.0538244269819261e-002
2.3280000000000001e+002 	1.9872362959573817e-002 	-7.8211995851999619e-006 	1.9864541759988620e-002
2.4560000000000002e+002 	1.9220133208029639e-002 	-7.8248827902319759e-006 	1.9212308325239406e-002
2.5840000000000003e+002 	1.8590133691764953e-002 	-7.8735714838952887e-006 	1.8582260120281049e-002
2.7119999999999999e+002 	1.7982692543262801e-002 	-7.9694450517103417e-006 	1.7974723098211090e-002
2.8400000000000000e+002 	1.7397837345586656e-002 	-8.1128178053656071e-006 	1.7389724527781297e-002
2.9680000000000001e+002 	1.6835367320348304e-002 	-8.3025254476600642e-006 	1.6827064794900645e-002
3.0959999999999997e+002 	1.6294909967921486e-002 	-8.5506477580971722e-006 	1.6286359320163389e-002
3.3519999999999999e+002 	1.5289048219676079e-002 	-9.1625868455321753e-006 	1.5279885632830541e-002
3.6080000000000001e+002 	1.4339818448370588e-002 	-9.8740198018873762e-006 	1.4329944428568699e-002
3.8640000000000003e+002 	1.3477743376114923e-002 	-1.0683866913051462e-005 	1.3467059509201873e-002
4.1200000000000000e+002 	1.2685174941550040e-002 	-1.1567166286472842e-005 	1.2673607775263570e-002
4.3759999999999997e+002 	1.1956411021462740e-002 	-1.2498667226703277e-005 	1.1943912354236034e-002
4.6319999999999999e+002 	1.1285935782368505e-002 	-1.3455345088519559e-005 	1.1272480437279983e-002
4.8880000000000001e+002 	1.0668539918720375e-002 	-1.4417486119720483e-005 	1.0654122432600653e-002
5.1439999999999998e+002 	1.0099383972097564e-002 	-1.5368910809587076e-005 	1.0084015061287980e-002
5.4000000000000000e+002 	9.5740232144755008e-003 	-1.6296701229723516e-005 	9.5577265132457748e-003
5.6560000000000002e+002 	9.0884077867331593e-003 	-1.7190752589948521e-005 	9.0712170341432068e-003
5.9119999999999993e+002 	8.6388677757566652e-003 	-1.8043335827732762e-005 	8.6208244399289344e-003
6.1680000000000007e+002 	8.2220898219661793e-003 	-1.8827958192294922e-005 	8.2032618637738822e-003
6.6800000000000000e+002 	7.4842020319795307e-003 	-2.0233240246569798e-005 	7.4639687917329610e-003
7.1919999999999993e+002 	6.8208753111807163e-003 	-2.1460553093912315e-005 	6.7994147580868027e-003
7.7039999999999998e+002 	6.2531424054234680e-003 	-2.2476482111002964e-005 	6.2306659233124628e-003
8.2160000000000002e+002 	5.7554184499249688e-003 	-2.3283574646135391e-005 	5.7321348752788328e-003
8.7280000000000007e+002 	5.3166590631741487e-003 	-2.3892043393667485e-005 	5.2927670197804805e-003
9.2400000000000000e+002 	4.9278028125332631e-003 	-2.4316601136855194e-005 	4.9034862113964085e-003
9.7519999999999993e+002 	4.5814206008609921e-003 	-2.4574174602674918e-005 	4.5568464262583149e-003
1.0264000000000001e+003 	4.2714031019195986e-003 	-2.4682304398306764e-005 	4.2467207975212893e-003
1.0775999999999999e+003 	3.9927021308991031e-003 	-2.4658177641992238e-005 	3.9680439532571105e-003
1.1288000000000000e+003 	3.7411229990984853e-003 	-2.4518115858554865e-005 	3.7166048832399301e-003
1.1800000000000000e+003 	3.5131597630968774e-003 	-2.4248500860810019e-005 	3.4889112622360679e-003
1.2824000000000001e+003 	3.1213848944670669e-003 	-2.3474908957658848e-005 	3.0979099855094083e-003
1.3848000000000000e+003 	2.7795876078738090e-003 	-2.2520111369510495e-005 	2.7570674965042988e-003
1.4872000000000000e+003 	2.4972921589069860e-003 	-2.1398194069290234e-005 	2.4758939648376948e-003
1.5895999999999999e+003 	2.2567044024233806e-003 	-2.0163670652407171e-005 	2.2365407317709728e-003
1.6920000000000000e+003 	2.0498742533722027e-003 	-1.8863670198219620e-005 	2.0310105831739837e-003
1.7944000000000001e+003 	1.8706679495888684e-003 	-1.7536683369277736e-005 	1.8531312662195907e-003
1.8968000000000000e+003 	1.7143160069986643e-003 	-1.6213286338553453e-005 	1.6981027206601107e-003
1.9992000000000000e+003 	1.5770660013006397e-003 	-1.4916987304582058e-005 	1.5621490139960581e-003
2.1015999999999999e+003 	1.4559277607695219e-003 	-1.3665140819533393e-005 	1.4422626199499882e-003
2.2040000000000000e+003 	1.3484888593663067e-003 	-1.2469955350493144e-005 	1.3360189040158136e-003
2.3064000000000001e+003 	1.2527807303554664e-003 	-1.1365766726456082e-005 	1.2414149636290101e-003
2.5112000000000003e+003 	1.0920234345367205e-003 	-9.3732079237938439e-006 	1.0826502266129271e-003
2.7160000000000000e+003 	9.5579131588551132e-004 	-7.6105568701297443e-006 	9.4818075901538144e-004
2.9207999999999997e+003 	8.4690817924899266e-004 	-6.1104841632817533e-006 	8.4079769508571068e-004
3.1255999999999999e+003 	7.5682724561212434e-004 	-4.8536634297004852e-006 	7.5197358218242376e-004
3.3304000000000001e+003 	6.8151481445810559e-004 	-3.8127298549389238e-006 	6.7770208460316667e-004
3.5352000000000003e+003 	6.1792181644974051e-004 	-2.9591055003454618e-006 	6.1496271094939510e-004
3.7400000000000000e+003 	5.6372826375635724e-004 	-2.2652436235153013e-006 	5.6146302013284201e-004
3.9447999999999997e+003 	5.1715075937013315e-004 	-1.7055591863500656e-006 	5.1544520018378319e-004
4.1496000000000004e+003 	4.7680308748012626e-004 	-1.2570842874811980e-006 	4.7554600319264496e-004
4.3543999999999996e+003 	4.4159614652996806e-004 	-8.9982424433398267e-007 	4.4069632228563397e-004
4.5591999999999998e+003 	4.1066576019279131e-004 	-6.1678475939747386e-007 	4.1004897543339393e-004
4.7640000000000000e+003 	3.8332001972495440e-004 	-3.9376900785132974e-007 	3.8292625071710312e-004
4.9688000000000002e+003 	3.5900037182954111e-004 	-2.2997227890442090e-007 	3.5877039955063662e-004
5.3783999999999996e+003 	3.1815103608113100e-004 	-2.2657672987797412e-009 	3.1814877031383218e-004
5.7880000000000000e+003 	2.8329225006783020e-004 	1.5064902939284463e-007 	2.8344289909722301e-004
6.1976000000000004e+003 	2.5520301721065463e-004 	2.3758961310420054e-007 	2.5544060682375884e-004
6.6071999999999998e+003 	2.3164608298945793e-004 	2.8202610662525092e-007 	2.3192810909608319e-004
7.0168000000000002e+003 	2.1161428655815006e-004 	3.0022532575632468e-007 	2.1191451188390633e-004
7.4264000000000005e+003 	1.9436973041609006e-004 	3.0254738587432060e-007 	1.9467227780196447e-004
7.8360000000000000e+003 	1.7936652966171868e-004 	2.9561607975407364e-007 	1.7966214574147271e-004
8.2456000000000004e+003 	1.6619455371513062e-004 	2.8366007970538284e-007 	1.6647821379483602e-004
8.6552000000000007e+003 	1.5454019674262311e-004 	2.6930578187839198e-007 	1.5480950252450142e-004
9.0647999999999993e+003 	1.4415939352093899e-004 	2.5411941938820469e-007 	1.4441351294032723e-004
9.4743999999999996e+003 	1.3485902139783335e-004 	2.4007528583965520e-007 	1.3509909668367302e-004
1.0293600000000000e+004 	1.1916310062999016e-004 	2.1370659798393077e-007 	1.1937680722797408e-004
1.1112799999999999e+004 	1.0550067929956560e-004 	1.8759601166394738e-007 	1.0568827531122955e-004
1.1932000000000000e+004 	9.4443240622250563e-005 	1.6456433207624684e-007 	9.4607804954326797e-005
1.2751200000000001e+004 	8.5117331666053852e-005 	1.4525758730433703e-007 	8.5262589253358182e-005
1.3570400000000000e+004 	7.7166655536650718e-005 	1.2895465003215407e-007 	7.7295610186682863e-005
1.4389600000000000e+004 	7.0323490314938293e-005 	1.1493567300419665e-007 	7.0438425987942517e-005
1.5208799999999999e+004 	6.4384164345248021e-005 	1.0277608554132541e-007 	6.4486940430789346e-005
1.6027999999999998e+004 	5.9191318830692536e-005 	9.2212699185188348e-008 	5.9283531529877717e-005
1.6847200000000001e+004 	5.4621491842699534e-005 	8.3042988931836689e-008 	5.4704534831631385e-005
1.7666399999999998e+004 	5.0576448541654575e-005 	7.5092672661702454e-008 	5.0651541214316283e-005
1.8485600000000002e+004 	4.6977054640969437e-005 	6.8904406848779301e-008 	4.7045959047818206e-005
2.0124000000000000e+004 	4.0978017035875870e-005 	5.8728387457775452e-008 	4.1036745423333619e-005
2.1762399999999998e+004 	3.5798385260860003e-005 	4.9600509929876271e-008 	3.5847985770789891e-005
2.3400799999999999e+004 	3.1682578259016645e-005 	4.2899460346507349e-008 	3.1725477719363151e-005
2.5039200000000001e+004 	2.8260630266537738e-005 	3.8170762104587997e-008 	2.8298801028642328e-005
2.6677600000000002e+004 	2.5382589199971919e-005 	3.4733161958624389e-008 	2.5417322361930549e-005
2.8316000000000000e+004 	2.2936632357119310e-005 	3.1807260839985691e-008 	2.2968439617959292e-005
