-1300 0
-1.3000000000000000e+003 0.0000000000000000e+000 0.0000000000000000e+000
1
1 1 1 1
1
         t, ms                         dVp, mV                         dVs, mV                         dV, mV
5.0000000000000000e-001 	1.3769920912653322e-001 	-2.5902150580044717e-004 	1.3744018762073279e-001
5.9999999999999998e-001 	1.3787825850265056e-001 	-2.6051452317882149e-004 	1.3761774397947177e-001
6.9999999999999996e-001 	1.3799595432713008e-001 	-2.6188480929860777e-004 	1.3773406951783140e-001
8.0000000000000004e-001 	1.3808863565248539e-001 	-2.6303622450692517e-004 	1.3782559942797853e-001
9.0000000000000002e-001 	1.3816704122713558e-001 	-2.6401639517834594e-004 	1.3790302483195721e-001
1.0000000000000000e+000 	1.3823529517360197e-001 	-2.6486214430811498e-004 	1.3797043302929385e-001
1.1000000000000001e+000 	1.3829558884805768e-001 	-2.6560097178184326e-004 	1.3802998787627582e-001
1.2000000000000000e+000 	1.3834938327918481e-001 	-2.6625334167798076e-004 	1.3808312993750682e-001
1.3000000000000000e+000 	1.3839776290739678e-001 	-2.6683465544863609e-004 	1.3813092825194814e-001
1.3999999999999999e+000 	1.3844157045676983e-001 	-2.6734013983803072e-004 	1.3817423031693168e-001
1.6000000000000001e+000 	1.3989755019818600e-001 	-2.6821461455767050e-004 	1.3962933558362825e-001
1.8000000000000000e+000 	1.3858379153178460e-001 	-2.6897820084563343e-004 	1.3831481333093898e-001
2.0000000000000000e+000 	1.3863967815284303e-001 	-2.6963008065211788e-004 	1.3837004807219089e-001
2.2000000000000002e+000 	1.3868827223113975e-001 	-2.7019188437497123e-004 	1.3841808034676473e-001
2.3999999999999999e+000 	1.3873104144821694e-001 	-2.7068152779345433e-004 	1.3846035992042352e-001
2.6000000000000001e+000 	1.3876907715091424e-001 	-2.7111284915908626e-004 	1.3849796430175518e-001
2.7999999999999998e+000 	1.3880320316912900e-001 	-2.7149631666774674e-004 	1.3853170685246124e-001
3.0000000000000000e+000 	1.3883405316390060e-001 	-2.7183985408400519e-004 	1.3856221330981652e-001
3.2000000000000002e+000 	1.3886212368297765e-001 	-2.7214952611644778e-004 	1.3858997415686114e-001
3.3999999999999999e+000 	1.3888781042267193e-001 	-2.7243005082011807e-004 	1.3861538037185181e-001
3.6000000000000001e+000 	1.3891143335596151e-001 	-2.7267745681128355e-004 	1.3863875589915017e-001
4.0000000000000000e+000 	1.3945843954760276e-001 	-2.7310934243184243e-004 	1.3918533020517099e-001
4.4000000000000004e+000 	1.3899037803179046e-001 	-2.7348673147084931e-004 	1.3871689130031956e-001
4.7999999999999998e+000 	1.3902248247566035e-001 	-2.7380698245068577e-004 	1.3874867549320968e-001
5.2000000000000002e+000 	1.3905098587267153e-001 	-2.7407859669804029e-004 	1.3877690727597347e-001
5.5999999999999996e+000 	1.3907665421686238e-001 	-2.7430933130016035e-004 	1.3880234488556220e-001
6.0000000000000000e+000 	1.3910012894303425e-001 	-2.7450577960673955e-004 	1.3882562316342761e-001
6.4000000000000004e+000 	1.3912195005230205e-001 	-2.7467344350655051e-004 	1.3884727660879551e-001
6.7999999999999998e+000 	1.3914256461392532e-001 	-2.7481690922359685e-004 	1.3886774770470167e-001
7.2000000000000002e+000 	1.3916232791837507e-001 	-2.7494001463674672e-004 	1.3888738790373834e-001
7.5999999999999996e+000 	1.3918150362324427e-001 	-2.7504598534698393e-004 	1.3890645763789727e-001
8.0000000000000000e+000 	1.3920026660612861e-001 	-2.7513361015280512e-004 	1.3892513299597589e-001
8.8000000000000007e+000 	1.3951242522536117e-001 	-2.7527643146375077e-004 	1.3923714879389737e-001
9.5999999999999996e+000 	1.3927175123626853e-001 	-2.7539416786318216e-004 	1.3899635706840541e-001
1.0400000000000000e+001 	1.3930436861618972e-001 	-2.7548801892305432e-004 	1.3902888059726667e-001
1.1199999999999999e+001 	1.3933361134116715e-001 	-2.7556448395791910e-004 	1.3905804685720924e-001
1.2000000000000000e+001 	1.3935827953749239e-001 	-2.7562890141626388e-004 	1.3908265063607606e-001
1.2800000000000001e+001 	1.3937717955791648e-001 	-2.7568532118350299e-004 	1.3910149423673299e-001
1.3600000000000000e+001 	1.3938922167356516e-001 	-2.7573669614654504e-004 	1.3911348497741863e-001
1.4400000000000000e+001 	1.3939346860463742e-001 	-2.7578512859963064e-004 	1.3911768347603773e-001
1.5199999999999999e+001 	1.3938914866909588e-001 	-2.7583208902730533e-004 	1.3911331658006862e-001
1.6000000000000000e+001 	1.3937564733372387e-001 	-2.7587858932609223e-004 	1.3909976874439772e-001
1.6800000000000001e+001 	1.3935248797732119e-001 	-2.7592531337758565e-004 	1.3907656266394358e-001
1.7600000000000001e+001 	1.3931930914762228e-001 	-2.7597271308957847e-004 	1.3904333643453270e-001
1.8399999999999999e+001 	1.3927584259768774e-001 	-2.7602155547452634e-004 	1.3899982104221315e-001
2.0000000000000000e+001 	1.3930770253775615e-001 	-2.7612297250814271e-004 	1.3903157956524795e-001
2.1600000000000001e+001 	1.3899591727027588e-001 	-2.7622854005346202e-004 	1.3871968873022247e-001
2.3199999999999999e+001 	1.3879172014177943e-001 	-2.7633902899241476e-004 	1.3851538111278705e-001
2.4800000000000001e+001 	1.3854474858380092e-001 	-2.7645436978266524e-004 	1.3826829421401823e-001
2.6399999999999999e+001 	1.3825549109375063e-001 	-2.7657432263061246e-004 	1.3797891677111998e-001
2.8000000000000000e+001 	1.3792474410358518e-001 	-2.7669856113748671e-004 	1.3764804554244775e-001
2.9600000000000001e+001 	1.3755357419332501e-001 	-2.7682671306658541e-004 	1.3727674748025850e-001
3.1199999999999999e+001 	1.3714328437144294e-001 	-2.7695837795512667e-004 	1.3686632599348775e-001
3.2800000000000004e+001 	1.3669538091795394e-001 	-2.7709313380395762e-004 	1.3641828778414999e-001
3.4399999999999999e+001 	1.3621153919857548e-001 	-2.7723054002505896e-004 	1.3593430865855036e-001
3.6000000000000000e+001 	1.3569356856396006e-001 	-2.7737014027763595e-004 	1.3541619842368238e-001
3.7600000000000001e+001 	1.3514337736830914e-001 	-2.7751174998331252e-004 	1.3486586561832575e-001
4.0800000000000004e+001 	1.3401661336661252e-001 	-2.7779739779110158e-004 	1.3373881596882137e-001
4.4000000000000000e+001 	1.3266629565612656e-001 	-2.7808297378587607e-004 	1.3238821268234066e-001
4.7199999999999996e+001 	1.3128644287743971e-001 	-2.7836619574612238e-004 	1.3100807668169359e-001
5.0399999999999999e+001 	1.2983192452155309e-001 	-2.7864422243812416e-004 	1.2955328029911500e-001
5.3600000000000001e+001 	1.2831636417848524e-001 	-2.7891449554877276e-004 	1.2803744968293648e-001
5.6800000000000004e+001 	1.2675217096222716e-001 	-2.7917487456511199e-004 	1.2647299608766208e-001
6.0000000000000000e+001 	1.2515043174206367e-001 	-2.7942367727471905e-004 	1.2487100806478901e-001
6.3200000000000003e+001 	1.2352090723049600e-001 	-2.7965966991530441e-004 	1.2324124756058062e-001
6.6400000000000006e+001 	1.2187209240624346e-001 	-2.7988203008736702e-004 	1.2159221037615608e-001
6.9599999999999994e+001 	1.2021131377944906e-001 	-2.8009029633656871e-004 	1.1993122348311251e-001
7.2799999999999997e+001 	1.1854484424355025e-001 	-2.8027897112779739e-004 	1.1826456527242243e-001
7.9200000000000003e+001 	1.1525185570749279e-001 	-2.8061368016260514e-004 	1.1497124202733018e-001
8.5599999999999994e+001 	1.1192633069260394e-001 	-2.8090653758771429e-004 	1.1164542415501622e-001
9.2000000000000000e+001 	1.0868481584650318e-001 	-2.8115279020643594e-004 	1.0840366305629674e-001
9.8400000000000006e+001 	1.0551263737150307e-001 	-2.8135651723196794e-004 	1.0523128085427111e-001
1.0480000000000001e+002 	1.0242140184310689e-001 	-2.8152256207011433e-004 	1.0213987928103684e-001
1.1119999999999999e+002 	9.9418700739927979e-002 	-2.8165561210719237e-004 	9.9137045127820789e-002
1.1759999999999999e+002 	9.6509090234606507e-002 	-2.8175967961286997e-004 	9.6227330554993648e-002
1.2400000000000000e+002 	9.3694880993625357e-002 	-2.8183781430911846e-004 	9.3413043179316230e-002
1.3039999999999998e+002 	9.0976741668960595e-002 	-2.8189197493904230e-004 	9.0694849694021584e-002
1.3680000000000001e+002 	8.8354149947198368e-002 	-2.8192301223124494e-004 	8.8072226934967149e-002
1.4319999999999999e+002 	8.5825727205990257e-002 	-2.8192025481795131e-004 	8.5543806951172280e-002
1.5600000000000000e+002 	8.1092225655219577e-002 	-2.8183082007839652e-004 	8.0810394835141158e-002
1.6880000000000001e+002 	7.6599555425315741e-002 	-2.8163823512113693e-004 	7.6317917190194581e-002
1.8160000000000002e+002 	7.2483849905264588e-002 	-2.8130515194713503e-004 	7.2202544753317513e-002
1.9439999999999998e+002 	6.8669154033012741e-002 	-2.8080667094083548e-004 	6.8388347362071944e-002
2.0719999999999999e+002 	6.5132219354351692e-002 	-2.8012016803599790e-004 	6.4852099186315709e-002
2.2000000000000000e+002 	6.1850617973351341e-002 	-2.7922695434771808e-004 	6.1571391019003642e-002
2.3280000000000001e+002 	5.8803199214490051e-002 	-2.7811354365345447e-004 	5.8525085670836571e-002
2.4560000000000002e+002 	5.5970309549494307e-002 	-2.7677227024792620e-004 	5.5693537279246384e-002
2.5840000000000003e+002 	5.3333861850904343e-002 	-2.7520129569247754e-004 	5.3058660555211891e-002
2.7119999999999999e+002 	5.0877313896035253e-002 	-2.7340414477892191e-004 	5.0603909751256337e-002
2.8400000000000000e+002 	4.8585595741153710e-002 	-2.7138893893759988e-004 	4.8314206802216139e-002
2.9680000000000001e+002 	4.6445011110516222e-002 	-2.6916748411569751e-004 	4.6175843626400516e-002
3.0959999999999997e+002 	4.4443128215189968e-002 	-2.6669385345111813e-004 	4.4176434361738876e-002
3.3519999999999999e+002 	4.0853070909402017e-002 	-2.6125758760517788e-004 	4.0591813321796850e-002
3.6080000000000001e+002 	3.7587271489549275e-002 	-2.5541060063928556e-004 	3.7331860888909996e-002
3.8640000000000003e+002 	3.4746586483205999e-002 	-2.4916382584548379e-004 	3.4497422657360506e-002
4.1200000000000000e+002 	3.2223786630278591e-002 	-2.4262522408669904e-004 	3.1981161406191894e-002
4.3759999999999997e+002 	2.9973920481111138e-002 	-2.3589887225868432e-004 	2.9738021608852448e-002
4.6319999999999999e+002 	2.7959269213974253e-002 	-2.2907619296674741e-004 	2.7730193021007495e-002
4.8880000000000001e+002 	2.6148196935752852e-002 	-2.2223377393762540e-004 	2.5925963161815224e-002
5.1439999999999998e+002 	2.4514099725045476e-002 	-2.1543364393636599e-004 	2.4298666081109119e-002
5.4000000000000000e+002 	2.3034517377017460e-002 	-2.0872442092099579e-004 	2.2825792956096463e-002
5.6560000000000002e+002 	2.1690404424681845e-002 	-2.0214288473461390e-004 	2.1488261539947234e-002
5.9119999999999993e+002 	2.0465538087081160e-002 	-1.9571578494253746e-004 	2.0269822302138633e-002
6.1680000000000007e+002 	1.9346038448570510e-002 	-1.8953594595949737e-004 	1.9156502502611014e-002
6.6800000000000000e+002 	1.7400875817396140e-002 	-1.7776342742322840e-004 	1.7223112389972903e-002
7.1919999999999993e+002 	1.5683557097532757e-002 	-1.6661852596598994e-004 	1.5516938571566769e-002
7.7039999999999998e+002 	1.4245775867942493e-002 	-1.5621212002022320e-004 	1.4089563747922262e-002
8.2160000000000002e+002 	1.3006486784245787e-002 	-1.4652906898388990e-004 	1.2859957715261897e-002
8.7280000000000007e+002 	1.1929896440180937e-002 	-1.3753314418492836e-004 	1.1792363295996016e-002
9.2400000000000000e+002 	1.0987802691727867e-002 	-1.2917875482664311e-004 	1.0858623936901228e-002
9.7519999999999993e+002 	1.0157889486133213e-002 	-1.2141719471019356e-004 	1.0036472291423019e-002
1.0264000000000001e+003 	9.4223574212589922e-003 	-1.1420000241363647e-004 	9.3081574188453604e-003
1.0775999999999999e+003 	8.7668783517863193e-003 	-1.0748082881673056e-004 	8.6593975229695887e-003
1.1288000000000000e+003 	8.1798105272398586e-003 	-1.0121646179368118e-004 	8.0785940654461760e-003
1.1800000000000000e+003 	7.6516101549755399e-003 	-9.5500663795087639e-005 	7.5561094911804514e-003
1.2824000000000001e+003 	6.7518608918597693e-003 	-8.5155041110861020e-005 	6.6667058507489116e-003
1.3848000000000000e+003 	5.9743727350051682e-003 	-7.5792115994445679e-005 	5.8985806190107234e-003
1.4872000000000000e+003 	5.3391147352927224e-003 	-6.7487698191777992e-005 	5.2716270371009439e-003
1.5895999999999999e+003 	4.8023209213488129e-003 	-6.0116431435361007e-005 	4.7422044899134534e-003
1.6920000000000000e+003 	4.3442513429287734e-003 	-5.3556829846016705e-005 	4.2906945130827554e-003
1.7944000000000001e+003 	3.9499141980462223e-003 	-4.7704035850932482e-005 	3.9022101621952895e-003
1.8968000000000000e+003 	3.6078161955337145e-003 	-4.2471167739688195e-005 	3.5653450277940259e-003
1.9992000000000000e+003 	3.3090268518431933e-003 	-3.7786246582575614e-005 	3.2712406052606189e-003
2.1015999999999999e+003 	3.0465066534690554e-003 	-3.3588639968803168e-005 	3.0129180135002502e-003
2.2040000000000000e+003 	2.8146298675617762e-003 	-2.9826353002272401e-005 	2.7848035145595028e-003
2.3064000000000001e+003 	2.6088440739642170e-003 	-2.6573057000138135e-005 	2.5822710169640809e-003
2.5112000000000003e+003 	2.2647636189793300e-003 	-2.1051948512885106e-005 	2.2437116704664456e-003
2.7160000000000000e+003 	1.9747703583886645e-003 	-1.6399971128044290e-005 	1.9583703872606199e-003
2.9207999999999997e+003 	1.7443359469405107e-003 	-1.2653733416697642e-005 	1.7316822135238137e-003
3.1255999999999999e+003 	1.5546060689537883e-003 	-9.6619568463629336e-006 	1.5449441121074259e-003
3.3304000000000001e+003 	1.3966460683099986e-003 	-7.2833578102848450e-006 	1.3893627104997141e-003
3.5352000000000003e+003 	1.2637556791038882e-003 	-5.3995404963362899e-006 	1.2583561386075518e-003
3.7400000000000000e+003 	1.1508735502665608e-003 	-3.9136977130278818e-006 	1.1469598525535331e-003
3.9447999999999997e+003 	1.0541338683889992e-003 	-2.7467538046413791e-006 	1.0513871145843583e-003
4.1496000000000004e+003 	9.7054859961549127e-004 	-1.8342919193982812e-006 	9.6871430769609329e-004
4.3543999999999996e+003 	8.9778161729105633e-004 	-1.1241723597896295e-006 	8.9665744493126667e-004
4.5591999999999998e+003 	8.3398719918555803e-004 	-5.7447073829348549e-007 	8.3341272844726438e-004
4.7640000000000000e+003 	7.7769315324563069e-004 	-1.5164712882278414e-007 	7.7754150611680783e-004
4.9688000000000002e+003 	7.2771505311271863e-004 	1.4920743731495524e-007 	7.2786426055003353e-004
5.3783999999999996e+003 	6.4395106946160392e-004 	5.4949563330157552e-007 	6.4450056509490544e-004
5.7880000000000000e+003 	5.7262955676054170e-004 	8.0241144970940096e-007 	5.7343196821025113e-004
6.1976000000000004e+003 	5.1531269782639322e-004 	9.2750628438648477e-007 	5.1624020411077999e-004
6.6071999999999998e+003 	4.6734150444275213e-004 	9.7286123175170437e-007 	4.6831436567450392e-004
7.0168000000000002e+003 	4.2661815627019343e-004 	9.7107305152531912e-007 	4.2758922932171865e-004
7.4264000000000005e+003 	3.9161096098093548e-004 	9.4238553978431940e-007 	3.9255334652071991e-004
7.8360000000000000e+003 	3.6119038737259792e-004 	8.9940838530199429e-007 	3.6208979575789985e-004
8.2456000000000004e+003 	3.3451019986144716e-004 	8.4997220324958025e-007 	3.3536017206469673e-004
8.6552000000000007e+003 	3.1092491786460482e-004 	7.9877539913432714e-007 	3.1172369326373919e-004
9.0647999999999993e+003 	2.8993326012976005e-004 	7.4848287426948569e-007 	2.9068174300402944e-004
9.4743999999999996e+003 	2.7113930313606339e-004 	7.0331509575313344e-007 	2.7184261823181644e-004
1.0293600000000000e+004 	2.3945078981250348e-004 	6.2155167823512338e-007 	2.4007234149073866e-004
1.1112799999999999e+004 	2.1188593256378608e-004 	5.4444345174907676e-007 	2.1243037601553514e-004
1.1932000000000000e+004 	1.8960131586291847e-004 	4.7774695366735467e-007 	1.9007906281658582e-004
1.2751200000000001e+004 	1.7082042441621495e-004 	4.2196425886339221e-007 	1.7124238867507837e-004
1.3570400000000000e+004 	1.5481912162007867e-004 	3.7496099170310650e-007 	1.5519408261178172e-004
1.4389600000000000e+004 	1.4105411146491352e-004 	3.3475041834862270e-007 	1.4138886188326213e-004
1.5208799999999999e+004 	1.2911263174671106e-004 	3.0005875179147073e-007 	1.2941269049850259e-004
1.6027999999999998e+004 	1.1867614755764210e-004 	2.7002714206833496e-007 	1.1894617469971049e-004
1.6847200000000001e+004 	1.0949498668116077e-004 	2.4398870056892662e-007 	1.0973897538172977e-004
1.7666399999999998e+004 	1.0137065992643815e-004 	2.2138779646027405e-007 	1.0159204772289843e-004
1.8485600000000002e+004 	9.4143387865103936e-005 	2.0338780855250335e-007 	9.4346775673656431e-005
2.0124000000000000e+004 	8.2102395621863944e-005 	1.7369659487578911e-007 	8.2276092216739761e-005
2.1762399999999998e+004 	7.1708703184934135e-005 	1.4759163287759303e-007 	7.1856294817811736e-005
2.3400799999999999e+004 	6.3453497982479014e-005 	1.2782891186161093e-007 	6.3581326894340630e-005
2.5039200000000001e+004 	5.6592083172109746e-005 	1.1318756463171668e-007 	5.6705270736741470e-005
2.6677600000000002e+004 	5.0822740727682535e-005 	1.0204869660881577e-007 	5.0924789424291347e-005
2.8316000000000000e+004 	4.5920608784448784e-005 	9.2336718292187600e-008 	4.6012945502740960e-005
-1600 0
-1.6000000000000000e+003 0.0000000000000000e+000 0.0000000000000000e+000
1
1 1 1 1
1
         t, ms                         dVp, mV                         dVs, mV                         dV, mV
5.0000000000000000e-001 	1.1037266996812206e-001 	-2.9033854983575490e-004 	1.1008233141828627e-001
5.9999999999999998e-001 	1.1051154623532561e-001 	-2.8999150950265060e-004 	1.1022155472582297e-001
6.9999999999999996e-001 	1.1060283511041166e-001 	-2.8967195975134581e-004 	1.1031316315066028e-001
8.0000000000000004e-001 	1.1067472187519606e-001 	-2.8940152235067552e-004 	1.1038532035284536e-001
9.0000000000000002e-001 	1.1073553579454001e-001 	-2.8916972701636663e-004 	1.1044636606752367e-001
1.0000000000000000e+000 	1.1078847569296464e-001 	-2.8896853652190656e-004 	1.1049950715644277e-001
1.1000000000000001e+000 	1.1083524128383743e-001 	-2.8879196803531488e-004 	1.1054644931580207e-001
1.2000000000000000e+000 	1.1087696580889768e-001 	-2.8863556252478091e-004 	1.1058833024637295e-001
1.3000000000000000e+000 	1.1091449040961014e-001 	-2.8849594207862474e-004 	1.1062599446753155e-001
1.3999999999999999e+000 	1.1094846873927645e-001 	-2.8837452726459189e-004 	1.1066009421201181e-001
1.6000000000000001e+000 	1.1207774191597436e-001 	-2.8816486265206555e-004 	1.1178957705332228e-001
1.8000000000000000e+000 	1.1105877904265879e-001 	-2.8798242315781147e-004 	1.1077079661950100e-001
2.0000000000000000e+000 	1.1110212601824278e-001 	-2.8782746741139105e-004 	1.1081429855083139e-001
2.2000000000000002e+000 	1.1113981666739860e-001 	-2.8769465247013810e-004 	1.1085212201492846e-001
2.3999999999999999e+000 	1.1117298937621518e-001 	-2.8757941939666799e-004 	1.1088540995681850e-001
2.6000000000000001e+000 	1.1120249063099519e-001 	-2.8747814214132841e-004 	1.1091501248885385e-001
2.7999999999999998e+000 	1.1122895942173269e-001 	-2.8738800220463108e-004 	1.1094157141952811e-001
3.0000000000000000e+000 	1.1125288723604439e-001 	-2.8730681795308420e-004 	1.1096558041809131e-001
3.2000000000000002e+000 	1.1127465921231519e-001 	-2.8723289455503823e-004 	1.1098742631776018e-001
3.3999999999999999e+000 	1.1129458226505180e-001 	-2.8716490660772359e-004 	1.1100741735844412e-001
3.6000000000000001e+000 	1.1131290457554738e-001 	-2.8710313067312139e-004 	1.1102580144487427e-001
4.0000000000000000e+000 	1.1173716804408287e-001 	-2.8699050668496361e-004 	1.1145017753739787e-001
4.4000000000000004e+000 	1.1137413514133700e-001 	-2.8688648834152946e-004 	1.1108724865299544e-001
4.7999999999999998e+000 	1.1139903566468426e-001 	-2.8679097795689535e-004 	1.1111224468672734e-001
5.2000000000000002e+000 	1.1142114291460177e-001 	-2.8670218007628809e-004 	1.1113444073452551e-001
5.5999999999999996e+000 	1.1144105059388840e-001 	-2.8661870901709074e-004 	1.1115443188487134e-001
6.0000000000000000e+000 	1.1145925538195603e-001 	-2.8653958905606937e-004 	1.1117271579289999e-001
6.4000000000000004e+000 	1.1147617468719043e-001 	-2.8646416755605996e-004 	1.1118971051963439e-001
6.7999999999999998e+000 	1.1149215305376542e-001 	-2.8639202383283144e-004 	1.1120576102993265e-001
7.2000000000000002e+000 	1.1150746288977267e-001 	-2.8632289560360868e-004 	1.1122113999416913e-001
7.5999999999999996e+000 	1.1152230445439258e-001 	-2.8625662483575495e-004 	1.1123604782955676e-001
8.0000000000000000e+000 	1.1153680799591263e-001 	-2.8619416234061521e-004 	1.1125061383357199e-001
8.8000000000000007e+000 	1.1177871814783370e-001 	-2.8607759411885663e-004 	1.1149264055371487e-001
9.5999999999999996e+000 	1.1159169724073835e-001 	-2.8596962149009828e-004 	1.1130572761924833e-001
1.0400000000000000e+001 	1.1161638152127903e-001 	-2.8587177651836837e-004 	1.1133050974476064e-001
1.1199999999999999e+001 	1.1163810940861893e-001 	-2.8578395495052801e-004 	1.1135232545366837e-001
1.2000000000000000e+001 	1.1165585416211997e-001 	-2.8570584108102224e-004 	1.1137014832103895e-001
1.2800000000000001e+001 	1.1166858932839152e-001 	-2.8563698840398277e-004 	1.1138295233998745e-001
1.3600000000000000e+001 	1.1167536662117476e-001 	-2.8557686183110909e-004 	1.1138978975934360e-001
1.4400000000000000e+001 	1.1167535497904173e-001 	-2.8552486974099770e-004 	1.1138983010930070e-001
1.5199999999999999e+001 	1.1166785166905242e-001 	-2.8548039172166456e-004 	1.1138237127733075e-001
1.6000000000000000e+001 	1.1165227634815321e-001 	-2.8544280212256207e-004 	1.1136683354603068e-001
1.6800000000000001e+001 	1.1162815665836240e-001 	-2.8541148881682996e-004 	1.1134274516954556e-001
1.7600000000000001e+001 	1.1159511113969917e-001 	-2.8538586704205640e-004 	1.1130972527265709e-001
1.8399999999999999e+001 	1.1155283285069972e-001 	-2.8536700195890214e-004 	1.1126746584874082e-001
2.0000000000000000e+001 	1.1155576924605172e-001 	-2.8534238128463863e-004 	1.1127042686476707e-001
2.1600000000000001e+001 	1.1128683229315793e-001 	-2.8532921881543427e-004 	1.1100150307434245e-001
2.3199999999999999e+001 	1.1109425535524889e-001 	-2.8532802728061614e-004 	1.1080892732796825e-001
2.4800000000000001e+001 	1.1086131208152790e-001 	-2.8533695080594382e-004 	1.1057597513072195e-001
2.6399999999999999e+001 	1.1058800344870201e-001 	-2.8535428075622413e-004 	1.1030264916794577e-001
2.8000000000000000e+001 	1.1027469537396997e-001 	-2.8537857015132798e-004 	1.0998931680381865e-001
2.9600000000000001e+001 	1.0992209079300606e-001 	-2.8540862259436643e-004 	1.0963668217041170e-001
3.1199999999999999e+001 	1.0953119800343772e-001 	-2.8544344678795356e-004 	1.0924575455664974e-001
3.2800000000000004e+001 	1.0910329466061845e-001 	-2.8548220896736646e-004 	1.0881781245165112e-001
3.4399999999999999e+001 	1.0863988794102770e-001 	-2.8552419346046016e-004 	1.0835436374756724e-001
3.6000000000000000e+001 	1.0814267242484760e-001 	-2.8556877325157506e-004 	1.0785710365159608e-001
3.7600000000000001e+001 	1.0761348765763432e-001 	-2.8561579565853187e-004 	1.0732787186197582e-001
4.0800000000000004e+001 	1.0651538055543745e-001 	-2.8571328598146192e-004 	1.0622966726945596e-001
4.4000000000000000e+001 	1.0522293939996301e-001 	-2.8581209501562062e-004 	1.0493712730494736e-001
4.7199999999999996e+001 	1.0388841774442649e-001 	-2.8591070346531817e-004 	1.0360250704096116e-001
5.0399999999999999e+001 	1.0248128716039853e-001 	-2.8600701287103612e-004 	1.0219528014752753e-001
5.3600000000000001e+001 	1.0101579913965114e-001 	-2.8609925137186213e-004 	1.0072969988827928e-001
5.6800000000000004e+001 	9.9505001150505409e-002 	-2.8618604068374783e-004 	9.9218815109821668e-002
6.0000000000000000e+001 	9.7960578831308293e-002 	-2.8626638637641071e-004 	9.7674312444931841e-002
6.3200000000000003e+001 	9.6392819325363463e-002 	-2.8633963758771400e-004 	9.6106479687775734e-002
6.6400000000000006e+001 	9.4810653303755224e-002 	-2.8640543594751148e-004 	9.4524247867807720e-002
6.9599999999999994e+001 	9.3221744750661278e-002 	-2.8646366311008430e-004 	9.2935281087551197e-002
7.2799999999999997e+001 	9.1632606104810485e-002 	-2.8651172049897551e-004 	9.1346094384311571e-002
7.9200000000000003e+001 	8.8505429570245209e-002 	-2.8658645416568940e-004 	8.8218843116079540e-002
8.5599999999999994e+001 	8.5379469734402413e-002 	-2.8664120893456189e-004 	8.5092828525467817e-002
9.2000000000000000e+001 	8.2353343138294913e-002 	-2.8667466541359938e-004 	8.2066668472881313e-002
9.8400000000000006e+001 	7.9416763921893577e-002 	-2.8668993488187007e-004 	7.9130073987011676e-002
1.0480000000000001e+002 	7.6579583434206913e-002 	-2.8669030721965367e-004 	7.6292893126987282e-002
1.1119999999999999e+002 	7.3847401115505057e-002 	-2.8667868679589241e-004 	7.3560722428709160e-002
1.1759999999999999e+002 	7.1222689186105859e-002 	-2.8665724525923643e-004 	7.0936031940846606e-002
1.2400000000000000e+002 	6.8705688517758781e-002 	-2.8662720371439672e-004 	6.8419061314044363e-002
1.3039999999999998e+002 	6.6295083214960249e-002 	-2.8658871354348358e-004 	6.6008494501416798e-002
1.3680000000000001e+002 	6.3988494862794842e-002 	-2.8654081903220296e-004 	6.3701954043762637e-002
1.4319999999999999e+002 	6.1782839806481908e-002 	-2.8647406326238382e-004 	6.1496365743219525e-002
1.5600000000000000e+002 	5.7700330591785254e-002 	-2.8628155814053118e-004 	5.7414049033644735e-002
1.6880000000000001e+002 	5.3883634154818540e-002 	-2.8600072861597974e-004 	5.3597633426202551e-002
1.8160000000000002e+002 	5.0439581027143632e-002 	-2.8558677325730416e-004 	5.0153994253886336e-002
1.9439999999999998e+002 	4.7293026844972871e-002 	-2.8500177843562147e-004 	4.7008025066537236e-002
2.0719999999999999e+002 	4.4415771394685208e-002 	-2.8421093139891835e-004 	4.4131560463286292e-002
2.2000000000000000e+002 	4.1781646065935700e-002 	-2.8318525644849762e-004 	4.1498460809487187e-002
2.3280000000000001e+002 	3.9366750158909045e-002 	-2.8190339111024842e-004 	3.9084846767798796e-002
2.4560000000000002e+002 	3.7149470724845639e-002 	-2.8035233450567618e-004 	3.6869118390339947e-002
2.5840000000000003e+002 	3.5110384121202050e-002 	-2.7852732180516171e-004 	3.4831856799396904e-002
2.7119999999999999e+002 	3.3232098856613608e-002 	-2.7643106148005168e-004 	3.2955667795133543e-002
2.8400000000000000e+002 	3.1499074966713649e-002 	-2.7407258623431585e-004 	3.1225002380479334e-002
2.9680000000000001e+002 	2.9897439965791747e-002 	-2.7146593889987232e-004 	2.9625974026891870e-002
3.0959999999999997e+002 	2.8414812165685678e-002 	-2.6855660533544375e-004 	2.8146255560350230e-002
3.3519999999999999e+002 	2.5794564911092398e-002 	-2.6215350911533561e-004 	2.5532411401977068e-002
3.6080000000000001e+002 	2.3446904653752678e-002 	-2.5526356418998687e-004 	2.3191641089562690e-002
3.8640000000000003e+002 	2.1443115768438901e-002 	-2.4790418369302267e-004 	2.1195211584745879e-002
4.1200000000000000e+002 	1.9691838784616587e-002 	-2.4020908508991985e-004 	1.9451629699526678e-002
4.3759999999999997e+002 	1.8153012806261346e-002 	-2.3230712072654452e-004 	1.7920705685534798e-002
4.6319999999999999e+002 	1.6793801730456824e-002 	-2.2431140116561818e-004 	1.6569490329291212e-002
4.8880000000000001e+002 	1.5587283771228715e-002 	-2.1631634223497751e-004 	1.5370967428993739e-002
5.1439999999999998e+002 	1.4511304611553772e-002 	-2.0839795599314164e-004 	1.4302906655560627e-002
5.4000000000000000e+002 	1.3547539398757327e-002 	-2.0061544582178708e-004 	1.3346923952935543e-002
5.6560000000000002e+002 	1.2680744974623308e-002 	-1.9301334915452351e-004 	1.2487731625468790e-002
5.9119999999999993e+002 	1.1898168790940838e-002 	-1.8562386349128522e-004 	1.1712544927449544e-002
6.1680000000000007e+002 	1.1189081993685126e-002 	-1.7856824066021719e-004 	1.1010513753024902e-002
6.6800000000000000e+002 	9.9713515860089513e-003 	-1.6524171429022750e-004 	9.8061098717187323e-003
7.1919999999999993e+002 	8.9086488633244483e-003 	-1.5274669464680651e-004 	8.7559021686776355e-003
7.7039999999999998e+002 	8.0318505317003176e-003 	-1.4122540142917701e-004 	7.8906251302711394e-003
8.2160000000000002e+002 	7.2848332855576384e-003 	-1.3065210248010411e-004 	7.1541811830775348e-003
8.7280000000000007e+002 	6.6425447908974563e-003 	-1.2097330222748729e-004 	6.5215714886699694e-003
9.2400000000000000e+002 	6.0856213017164108e-003 	-1.1212301921879006e-004 	5.9734982824976215e-003
9.7519999999999993e+002 	5.5990107751087044e-003 	-1.0403129700477606e-004 	5.4949794781039285e-003
1.0264000000000001e+003 	5.1708995041057533e-003 	-9.6629006635884156e-005 	5.0742704974698688e-003
1.0775999999999999e+003 	4.7919136830783119e-003 	-8.9850489373194327e-005 	4.7020631937051173e-003
1.1288000000000000e+003 	4.4545340384427581e-003 	-8.3634905683839915e-005 	4.3708991327589212e-003
1.1800000000000000e+003 	4.1526664350998730e-003 	-7.8085771613972433e-005 	4.0745806634859012e-003
1.2824000000000001e+003 	3.6420669124708933e-003 	-6.8282459572478415e-005 	3.5737844528984145e-003
1.3848000000000000e+003 	3.2042519222335287e-003 	-5.9619598123936901e-005 	3.1446323241095899e-003
1.4872000000000000e+003 	2.8496875401358727e-003 	-5.2158628458596440e-005 	2.7975289116772767e-003
1.5895999999999999e+003 	2.5522188171153253e-003 	-4.5725362035633779e-005 	2.5064934550796921e-003
1.6920000000000000e+003 	2.2999698043404738e-003 	-4.0157515029171297e-005 	2.2598122893113014e-003
1.7944000000000001e+003 	2.0840212706844351e-003 	-3.5317882257613226e-005 	2.0487033884268218e-003
1.8968000000000000e+003 	1.8976054314446462e-003 	-3.1094504776805916e-005 	1.8665109266678406e-003
1.9992000000000000e+003 	1.7355120917941190e-003 	-2.7396532570145495e-005 	1.7081155592239734e-003
2.1015999999999999e+003 	1.5936679977776752e-003 	-2.4149693291338803e-005 	1.5695183044863363e-003
2.2040000000000000e+003 	1.4688417362915876e-003 	-2.1292612642241780e-005 	1.4475491236493464e-003
2.3064000000000001e+003 	1.3584355259741668e-003 	-1.8872534724719810e-005 	1.3395629912494474e-003
2.5112000000000003e+003 	1.1745959449069683e-003 	-1.4848263510989338e-005 	1.1597476813959794e-003
2.7160000000000000e+003 	1.0204332485426626e-003 	-1.1512821348975677e-005 	1.0089204271936864e-003
2.9207999999999997e+003 	8.9859139318145583e-004 	-8.8781514413586332e-006 	8.8971324174009689e-004
3.1255999999999999e+003 	7.9872275036203875e-004 	-6.8096560996345127e-006 	7.9191309426240408e-004
3.3304000000000001e+003 	7.1590659899112795e-004 	-5.1885982791580394e-006 	7.1071800071197003e-004
3.5352000000000003e+003 	6.4647800019178726e-004 	-3.9193923429782600e-006 	6.4255860784880893e-004
3.7400000000000000e+003 	5.8768596091461666e-004 	-2.9268209151332546e-006 	5.8475913999948338e-004
3.9447999999999997e+003 	5.3744122293919330e-004 	-2.1517030518913000e-006 	5.3528951988730204e-004
4.1496000000000004e+003 	4.9413702980329315e-004 	-1.5474123498572422e-006 	4.9258961745343569e-004
4.3543999999999996e+003 	4.5652273577675707e-004 	-1.0772454303293032e-006 	4.5544549034642776e-004
4.5591999999999998e+003 	4.2361410190966777e-004 	-7.1235099420341322e-007 	4.2290175091546419e-004
4.7640000000000000e+003 	3.9462881569794675e-004 	-4.3006884772234449e-007 	3.9419874685022452e-004
4.9688000000000002e+003 	3.6893945735716563e-004 	-2.2693571170055869e-007 	3.6871252164546509e-004
5.3783999999999996e+003 	3.2597710881175667e-004 	4.9491819760961882e-008 	3.2602660063151765e-004
5.7880000000000000e+003 	2.8947731952916697e-004 	2.3195527061528086e-007 	2.8970927479978230e-004
6.1976000000000004e+003 	2.6022336994345957e-004 	3.3232909165257086e-007 	2.6055569903511206e-004
6.6071999999999998e+003 	2.3578927601893476e-004 	3.8069960734877404e-007 	2.3616997562628359e-004
7.0168000000000002e+003 	2.1508245349695170e-004 	3.9763736531931176e-007 	2.1548009086227099e-004
7.4264000000000005e+003 	1.9730781815070381e-004 	3.9605544110495272e-007 	1.9770387359180881e-004
7.8360000000000000e+003 	1.8188085205738899e-004 	3.8402934622009938e-007 	1.8226488140360913e-004
8.2456000000000004e+003 	1.6836485030767993e-004 	3.6658679252681930e-007 	1.6873143710020679e-004
8.6552000000000007e+003 	1.5642751599570975e-004 	3.4677594510567932e-007 	1.5677429194081542e-004
9.0647999999999993e+003 	1.4581132907085824e-004 	3.2637218322884623e-007 	1.4613770125408707e-004
9.4743999999999996e+003 	1.3631326483894097e-004 	3.0760879648304183e-007 	1.3662087363542396e-004
1.0293600000000000e+004 	1.2031379264157012e-004 	2.7288362099296798e-007 	1.2058667626256312e-004
1.1112799999999999e+004 	1.0640579000843432e-004 	2.3938929947075892e-007 	1.0664517930790506e-004
1.1932000000000000e+004 	9.5174673822840536e-005 	2.1009601734277863e-007 	9.5384769840183280e-005
1.2751200000000001e+004 	8.5716695981324415e-005 	1.8552408341947364e-007 	8.5902220064743858e-005
1.3570400000000000e+004 	7.7663749362251062e-005 	1.6478330308431719e-007 	7.7828532665335398e-005
1.4389600000000000e+004 	7.0740077901136961e-005 	1.4700249952945652e-007 	7.0887080400666391e-005
1.5208799999999999e+004 	6.4736465426725628e-005 	1.3163507520664299e-007 	6.4868100501932273e-005
1.6027999999999998e+004 	5.9491647308692443e-005 	1.1831969640774440e-007 	5.9609967005100185e-005
1.6847200000000001e+004 	5.4879349512354315e-005 	1.0677453343210602e-007 	5.4986124045786411e-005
1.7666399999999998e+004 	5.0799270835613023e-005 	9.6761352188558939e-008 	5.0896032187801573e-005
1.8485600000000002e+004 	4.7170731080243270e-005 	8.8850838039485686e-008 	4.7259581918282762e-005
2.0124000000000000e+004 	4.1127779517571621e-005 	7.5822418497520045e-008 	4.1203601936069130e-005
2.1762399999999998e+004 	3.5912919054211720e-005 	6.4295052425939475e-008 	3.5977214106637657e-005
2.3400799999999999e+004 	3.1772972738470292e-005 	5.5659034796472240e-008 	3.1828631773266759e-005
2.5039200000000001e+004 	2.8333098853264172e-005 	4.9361254682923493e-008 	2.8382460107947094e-005
2.6677600000000002e+004 	2.5441489336234367e-005 	4.4636867502156473e-008 	2.5486126203736524e-005
2.8316000000000000e+004 	2.2985076773184802e-005 	4.0547120575919973e-008 	2.3025623893760727e-005
-1000 0
-1.0000000000000000e+003 0.0000000000000000e+000 0.0000000000000000e+000
1
1 1 1 1
1
         t, ms                         dVp, mV                         dVs, mV                         dV, mV
5.0000000000000000e-001 	2.9778777829691773e-002 	2.4458910977369991e-005 	2.9803236740669137e-002
5.9999999999999998e-001 	2.9822024013029809e-002 	2.2668888036459479e-005 	2.9844692901066266e-002
6.9999999999999996e-001 	2.9850451038495478e-002 	2.1025017894491603e-005 	2.9871476056389956e-002
8.0000000000000004e-001 	2.9872836331744545e-002 	1.9641870814049827e-005 	2.9892478202558595e-002
9.0000000000000002e-001 	2.9891773685135889e-002 	1.8462920760325346e-005 	2.9910236605896208e-002
1.0000000000000000e+000 	2.9908259183700998e-002 	1.7444519469347201e-005 	2.9925703703170343e-002
1.1000000000000001e+000 	2.9922822084768302e-002 	1.6554088534224600e-005 	2.9939376173302529e-002
1.2000000000000000e+000 	2.9935815254022544e-002 	1.5767378087425131e-005 	2.9951582632109976e-002
1.3000000000000000e+000 	2.9947500604871880e-002 	1.5066116378619775e-005 	2.9962566721250496e-002
1.3999999999999999e+000 	2.9958081673300201e-002 	1.4456324170025553e-005 	2.9972537997470225e-002
1.6000000000000001e+000 	3.0309774361554895e-002 	1.3401764203396235e-005 	3.0323176125758289e-002
1.8000000000000000e+000 	2.9992433282943473e-002 	1.2481540655769818e-005 	3.0004914823599238e-002
2.0000000000000000e+000 	3.0005932052172293e-002 	1.1696699831317538e-005 	3.0017628752003610e-002
2.2000000000000002e+000 	3.0017669441414055e-002 	1.1021006445611316e-005 	3.0028690447859670e-002
2.3999999999999999e+000 	3.0027999937134182e-002 	1.0432602717012517e-005 	3.0038432539851195e-002
2.6000000000000001e+000 	3.0037187131392810e-002 	9.9145052759996737e-006 	3.0047101636668822e-002
2.7999999999999998e+000 	3.0045430003925327e-002 	9.4537944106612048e-006 	3.0054883798335982e-002
3.0000000000000000e+000 	3.0052881603928168e-002 	9.0406445272093422e-006 	3.0061922248455390e-002
3.2000000000000002e+000 	3.0059661863167574e-002 	8.6675112869671491e-006 	3.0068329374454538e-002
3.3999999999999999e+000 	3.0065866354861828e-002 	8.3285189297645230e-006 	3.0074194873791597e-002
3.6000000000000001e+000 	3.0071572362513333e-002 	8.0278092731916485e-006 	3.0079600171786524e-002
4.0000000000000000e+000 	3.0203702218801066e-002 	7.4982894193038473e-006 	3.0211200508220366e-002
4.4000000000000004e+000 	3.0090641191524697e-002 	7.0302146522513649e-006 	3.0097671406176946e-002
4.7999999999999998e+000 	3.0098396018476744e-002 	6.6260699208658211e-006 	3.0105022088397614e-002
5.2000000000000002e+000 	3.0105281246537236e-002 	6.2758359087283970e-006 	3.0111557082445957e-002
5.5999999999999996e+000 	3.0111482264849224e-002 	5.9706125670549695e-006 	3.0117452877416274e-002
6.0000000000000000e+000 	3.0117154741529196e-002 	5.7030287960541670e-006 	3.0122857770325244e-002
6.4000000000000004e+000 	3.0122430372059063e-002 	5.4670886239954497e-006 	3.0127897460683069e-002
6.7999999999999998e+000 	3.0127419098018936e-002 	5.2579122442598333e-006 	3.0132677010263204e-002
7.2000000000000002e+000 	3.0132209531318496e-002 	5.0715021746075684e-006 	3.0137281033493092e-002
7.5999999999999996e+000 	3.0136869098712948e-002 	4.9045585177843481e-006 	3.0141773657230732e-002
8.0000000000000000e+000 	3.0141444793756935e-002 	4.7591759590433577e-006 	3.0146203969715981e-002
8.8000000000000007e+000 	3.0217026328945726e-002 	4.5080819494394277e-006 	3.0221534410895173e-002
9.5999999999999996e+000 	3.0159201039702974e-002 	4.2897204753406085e-006 	3.0163490760178310e-002
1.0400000000000000e+001 	3.0167619312110573e-002 	4.1043904816535966e-006 	3.0171723702592232e-002
1.1199999999999999e+001 	3.0175517733753529e-002 	3.9456476462084787e-006 	3.0179463381399731e-002
1.2000000000000000e+001 	3.0182687982826802e-002 	3.8079776734143084e-006 	3.0186495960500211e-002
1.2800000000000001e+001 	3.0188925811835958e-002 	3.6869983854715691e-006 	3.0192612810221425e-002
1.3600000000000000e+001 	3.0194052699093463e-002 	3.5793133112704346e-006 	3.0197632012404729e-002
1.4400000000000000e+001 	3.0197926391334201e-002 	3.4823019816626089e-006 	3.0201408693315866e-002
1.5199999999999999e+001 	3.0200443506732750e-002 	3.3939330438511935e-006 	3.0203837439776601e-002
1.6000000000000000e+001 	3.0201537309399888e-002 	3.3126178147748834e-006 	3.0204849927214669e-002
1.6800000000000001e+001 	3.0201173056675901e-002 	3.2371008559182038e-006 	3.0204410157531822e-002
1.7600000000000001e+001 	3.0199342509409574e-002 	3.1663795218562190e-006 	3.0202508888931431e-002
1.8399999999999999e+001 	3.0196058535614818e-002 	3.1007242549189083e-006 	3.0199159259869737e-002
2.0000000000000000e+001 	3.0222014075310472e-002 	2.9783289629518636e-006 	3.0224992404273409e-002
2.1600000000000001e+001 	3.0169308809626993e-002 	2.8628552795908184e-006 	3.0172171664906589e-002
2.3199999999999999e+001 	3.0148447587031762e-002 	2.7540391973807955e-006 	3.0151201626229127e-002
2.4800000000000001e+001 	3.0123215919042171e-002 	2.6501687127549889e-006 	3.0125866087754909e-002
2.6399999999999999e+001 	3.0094099246982569e-002 	2.5498400054364417e-006 	3.0096649086988007e-002
2.8000000000000000e+001 	3.0061567695723903e-002 	2.4519851732871496e-006 	3.0064019680897194e-002
2.9600000000000001e+001 	3.0026060454900562e-002 	2.3558215680242127e-006 	3.0028416276468583e-002
3.1199999999999999e+001 	2.9987976687655821e-002 	2.2607908059280512e-006 	2.9990237478461749e-002
3.2800000000000004e+001 	2.9947671036101436e-002 	2.1665065065145569e-006 	2.9949837542607959e-002
3.4399999999999999e+001 	2.9905452271084737e-002 	2.0727135304204128e-006 	2.9907524984615155e-002
3.6000000000000000e+001 	2.9861584058567373e-002 	1.9792569595350090e-006 	2.9863563315526906e-002
3.7600000000000001e+001 	2.9816287129566545e-002 	1.8861678408408378e-006 	2.9818173297407376e-002
4.0800000000000004e+001 	2.9737261903636680e-002 	1.7008953813691143e-006 	2.9738962799018036e-002
4.4000000000000000e+001 	2.9624133857242056e-002 	1.5169305854029028e-006 	2.9625650787827456e-002
4.7199999999999996e+001 	2.9522502478377351e-002 	1.3350405964046457e-006 	2.9523837518973750e-002
5.0399999999999999e+001 	2.9417635088029172e-002 	1.1559881754357392e-006 	2.9418791076204608e-002
5.3600000000000001e+001 	2.9309601936798917e-002 	9.8057361070228705e-007 	2.9310582510409626e-002
5.6800000000000004e+001 	2.9198328807010870e-002 	8.0956713443165164e-007 	2.9199138374145298e-002
6.0000000000000000e+001 	2.9083659470264374e-002 	6.4366003342449950e-007 	2.9084303130297813e-002
6.3200000000000003e+001 	2.8965405399701154e-002 	4.8343559045782092e-007 	2.8965888835291598e-002
6.6400000000000006e+001 	2.8843381911860144e-002 	3.2935622660016265e-007 	2.8843711268086741e-002
6.9599999999999994e+001 	2.8717432210349857e-002 	1.8176228696027182e-007 	2.8717613972636821e-002
7.2799999999999997e+001 	2.8587441592650933e-002 	4.3530613287857444e-008 	2.8587485123264231e-002
7.9200000000000003e+001 	2.8321733218812321e-002 	-2.1182219270238922e-007 	2.8321521396619611e-002
8.5599999999999994e+001 	2.8026781192921655e-002 	-4.4547836131690846e-007 	2.8026335714560334e-002
9.2000000000000000e+001 	2.7723011709828743e-002 	-6.5405594075390767e-007 	2.7722357653887995e-002
9.8400000000000006e+001 	2.7405020525746431e-002 	-8.3854661603223745e-007 	2.7404181979130398e-002
1.0480000000000001e+002 	2.7074282422931958e-002 	-1.0005193290172144e-006 	2.7073281903602940e-002
1.1119999999999999e+002 	2.6732453923225555e-002 	-1.1417609428984210e-006 	2.6731312162282646e-002
1.1759999999999999e+002 	2.6381261389161925e-002 	-1.2641000720716532e-006 	2.6379997289089858e-002
1.2400000000000000e+002 	2.6022415839952229e-002 	-1.3693334561484946e-006 	2.6021046506496077e-002
1.3039999999999998e+002 	2.5657554144732548e-002 	-1.4592138658423621e-006 	2.5656094930866697e-002
1.3680000000000001e+002 	2.5288202494704919e-002 	-1.5354692967342882e-006 	2.5286667025408174e-002
1.4319999999999999e+002 	2.4915756970371752e-002 	-1.5966707249655070e-006 	2.4914160299646788e-002
1.5600000000000000e+002 	2.4176260918036787e-002 	-1.6932741161840269e-006 	2.4174567643920602e-002
1.6880000000000001e+002 	2.3420709003782722e-002 	-1.7732752764255461e-006 	2.3418935728506299e-002
1.8160000000000002e+002 	2.2680645928142788e-002 	-1.8429573058068188e-006 	2.2678802970836975e-002
1.9439999999999998e+002 	2.1952540075369946e-002 	-1.9142531628721430e-006 	2.1950625822207071e-002
2.0719999999999999e+002 	2.1240122271335406e-002 	-1.9983941100785697e-006 	2.1238123877225339e-002
2.2000000000000000e+002 	2.0546102383849969e-002 	-2.1049031652895463e-006 	2.0543997480684688e-002
2.3280000000000001e+002 	1.9872362959575455e-002 	-2.2411214189565573e-006 	1.9870121838156493e-002
2.4560000000000002e+002 	1.9220133208029209e-002 	-2.4120835304487783e-006 	1.9217721124498755e-002
2.5840000000000003e+002 	1.8590133691764977e-002 	-2.6206347168990366e-006 	1.8587513057048081e-002
2.7119999999999999e+002 	1.7982692543262218e-002 	-2.8677005646621130e-006 	1.7979824842697559e-002
2.8400000000000000e+002 	1.7397837345586118e-002 	-3.1526338632900705e-006 	1.7394684711722831e-002
2.9680000000000001e+002 	1.6835367320349050e-002 	-3.4735795802623093e-006 	1.6831893740768791e-002
3.0959999999999997e+002 	1.6294909967921708e-002 	-3.8379101213963004e-006 	1.6291072057800306e-002
3.3519999999999999e+002 	1.5289048219676433e-002 	-4.6483867128396141e-006 	1.5284399832963600e-002
3.6080000000000001e+002 	1.4339818448370213e-002 	-5.5238258096533778e-006 	1.4334294622560558e-002
3.8640000000000003e+002 	1.3477743376114940e-002 	-6.4582955489207164e-006 	1.3471285080566010e-002
4.1200000000000000e+002 	1.2685174941549863e-002 	-7.4292764992094159e-006 	1.2677745665050652e-002
4.3759999999999997e+002 	1.1956411021462802e-002 	-8.4150854784556006e-006 	1.1947995935984342e-002
4.6319999999999999e+002 	1.1285935782368809e-002 	-9.3967320294175934e-006 	1.1276539050339388e-002
4.8880000000000001e+002 	1.0668539918719995e-002 	-1.0358625121928324e-005 	1.0658181293598069e-002
5.1439999999999998e+002 	1.0099383972097628e-002 	-1.1288570315728780e-005 	1.0088095401781896e-002
5.4000000000000000e+002 	9.5740232144754193e-003 	-1.2177367125473389e-005 	9.5618458473499465e-003
5.6560000000000002e+002 	9.0884077867333761e-003 	-1.3018294819480323e-005 	9.0753894919138947e-003
5.9119999999999993e+002 	8.6388677757564345e-003 	-1.3806651570994922e-005 	8.6250611241854413e-003
6.1680000000000007e+002 	8.2220898219661324e-003 	-1.4517068242587798e-005 	8.2075727537235452e-003
6.6800000000000000e+002 	7.4842020319798195e-003 	-1.5760543769169017e-005 	7.4684414882106500e-003
7.1919999999999993e+002 	6.8208753111806356e-003 	-1.6821413394872869e-005 	6.8040538977857641e-003
7.7039999999999998e+002 	6.2531424054235200e-003 	-1.7671915338927674e-005 	6.2354704900845909e-003
8.2160000000000002e+002 	5.7554184499249532e-003 	-1.8321917213897701e-005 	5.7370965327110546e-003
8.7280000000000007e+002 	5.3166590631744262e-003 	-1.8787261338290755e-005 	5.2978718018361357e-003
9.2400000000000000e+002 	4.9278028125332250e-003 	-1.9086594098402279e-005 	4.9087162184348210e-003
9.7519999999999993e+002 	4.5814206008609575e-003 	-1.9239319187782782e-005 	4.5621812816731746e-003
1.0264000000000001e+003 	4.2714031019193983e-003 	-1.9264281512992727e-005 	4.2521388204064068e-003
1.0775999999999999e+003 	3.9927021308990823e-003 	-1.9179061548321328e-005 	3.9735230693507609e-003
1.1288000000000000e+003 	3.7411229990983643e-003 	-1.8999685605296855e-005 	3.7221233134930682e-003
1.1800000000000000e+003 	3.5131597630971723e-003 	-1.8718806990586899e-005 	3.4944409561065855e-003
1.2824000000000001e+003 	3.1213848944669433e-003 	-1.7979552827806158e-005 	3.1034053416391372e-003
1.3848000000000000e+003 	2.7795876078738329e-003 	-1.7109809714024954e-005 	2.7624777981598084e-003
1.4872000000000000e+003 	2.4972921589069517e-003 	-1.6124994695634200e-005 	2.4811671642113180e-003
1.5895999999999999e+003 	2.2567044024233767e-003 	-1.5069316675675448e-005 	2.2416350857477015e-003
1.6920000000000000e+003 	2.0498742533722049e-003 	-1.3979345024103229e-005 	2.0358949083481015e-003
1.7944000000000001e+003 	1.8706679495889332e-003 	-1.2883883847085047e-005 	1.8577840657418485e-003
1.8968000000000000e+003 	1.7143160069985810e-003 	-1.1805136525614391e-005 	1.7025108704729662e-003
1.9992000000000000e+003 	1.5770660013006605e-003 	-1.0759665482672691e-005 	1.5663063358179871e-003
2.1015999999999999e+003 	1.4559277607694861e-003 	-9.7592550039658406e-006 	1.4461685057655202e-003
2.2040000000000000e+003 	1.3484888593663564e-003 	-8.8117865633752243e-006 	1.3396770728029803e-003
2.3064000000000001e+003 	1.2527807303554124e-003 	-7.9441549730687021e-006 	1.2448365753823438e-003
2.5112000000000003e+003 	1.0920234345367197e-003 	-6.3924181106105234e-006 	1.0856310164261090e-003
2.7160000000000000e+003 	9.5579131588553127e-004 	-5.0319698301885880e-006 	9.5075934605534315e-004
2.9207999999999997e+003 	8.4690817924898279e-004 	-3.8872163583215795e-006 	8.4302096289066097e-004
3.1255999999999999e+003 	7.5682724561212749e-004 	-2.9389430358808049e-006 	7.5388830257624691e-004
3.3304000000000001e+003 	6.8151481445810212e-004 	-2.1625304100935879e-006 	6.7935228404800878e-004
3.5352000000000003e+003 	6.1792181644973942e-004 	-1.5335959156967961e-006 	6.1638822053404247e-004
3.7400000000000000e+003 	5.6372826375635822e-004 	-1.0293881903346606e-006 	5.6269887556602359e-004
3.9447999999999997e+003 	5.1715075937015754e-004 	-6.2915963873321159e-007 	5.1652159973142439e-004
4.1496000000000004e+003 	4.7680308748012637e-004 	-3.1449249645187011e-007 	4.7648859498367443e-004
4.3543999999999996e+003 	4.4159614652996800e-004 	-6.9486941450272487e-008 	4.4152665958851789e-004
4.5591999999999998e+003 	4.1066576019278453e-004 	1.1927453526594232e-007 	4.1078503472805056e-004
4.7640000000000000e+003 	3.8332001972495619e-004 	2.6292916961499276e-007 	3.8358294889457114e-004
4.9688000000000002e+003 	3.5900037182953520e-004 	3.6296623022715206e-007 	3.5936333805976255e-004
5.3783999999999996e+003 	3.1815103608113398e-004 	4.9017837200103548e-007 	3.1864121445313503e-004
5.7880000000000000e+003 	2.8329225006782342e-004 	5.6309062548693334e-007 	2.8385534069331038e-004
6.1976000000000004e+003 	2.5520301721065870e-004 	5.8947204962336412e-007 	2.5579248926028205e-004
6.6071999999999998e+003 	2.3164608298945861e-004 	5.8758315803775638e-007 	2.3223366614749636e-004
7.0168000000000002e+003 	2.1161428655814846e-004 	5.6963805421202536e-007 	2.1218392461236048e-004
7.4264000000000005e+003 	1.9436973041609063e-004 	5.4309027297878088e-007 	1.9491282068906946e-004
7.8360000000000000e+003 	1.7936652966172025e-004 	5.1255194232998945e-007 	1.7987908160405024e-004
8.2456000000000004e+003 	1.6619455371512956e-004 	4.8087495973335163e-007 	1.6667542867486291e-004
8.6552000000000007e+003 	1.5454019674262354e-004 	4.4974035695198681e-007 	1.5498993709957547e-004
9.0647999999999993e+003 	1.4415939352093916e-004 	4.2005716554995790e-007 	1.4457945068648920e-004
9.4743999999999996e+003 	1.3485902139783314e-004 	3.9381808472922612e-007 	1.3525283948256236e-004
1.0293600000000000e+004 	1.1916310062998932e-004 	3.4704574243583428e-007 	1.1951014637242519e-004
1.1112799999999999e+004 	1.0550067929956642e-004 	3.0364996460695308e-007 	1.0580432926417333e-004
1.1932000000000000e+004 	9.4443240622250413e-005 	2.6642125692253617e-007 	9.4709661879172947e-005
1.2751200000000001e+004 	8.5117331666054584e-005 	2.3535318854093363e-007 	8.5352684854595511e-005
1.3570400000000000e+004 	7.7166655536650420e-005 	2.0920927544632130e-007 	7.7375864812096701e-005
1.4389600000000000e+004 	7.0323490314938984e-005 	1.8687925333175438e-007 	7.0510369568270735e-005
1.5208799999999999e+004 	6.4384164345247005e-005 	1.6763984273663212e-007 	6.4551804187983620e-005
1.6027999999999998e+004 	5.9191318830693641e-005 	1.5099647455331242e-007 	5.9342315305246961e-005
1.6847200000000001e+004 	5.4621491842700144e-005 	1.3656632107821895e-007 	5.4758058163778373e-005
1.7666399999999998e+004 	5.0576448541652461e-005 	1.2403369427951771e-007 	5.0700482235931972e-005
1.8485600000000002e+004 	4.6977054640970270e-005 	1.1399083839268005e-007 	4.7091045479362952e-005
2.0124000000000000e+004 	4.0978017035875531e-005 	9.7405738394025706e-008 	4.1075422774269568e-005
2.1762399999999998e+004 	3.5798385260860328e-005 	8.2893264093872021e-008 	3.5881278524954203e-005
2.3400799999999999e+004 	3.1682578259016916e-005 	7.1819704269954524e-008 	3.1754397963286871e-005
2.5039200000000001e+004 	2.8260630266537274e-005 	6.3519768438644212e-008 	2.8324150034975917e-005
2.6677600000000002e+004 	2.5382589199971661e-005 	5.7141308050477679e-008 	2.5439730508022144e-005
2.8316000000000000e+004 	2.2936632357119439e-005 	5.1551723820791852e-008 	2.2988184080940233e-005
