-1550 0
-1.5500000000000000e+003 0.0000000000000000e+000 0.0000000000000000e+000
1
1 1 1 1
1
         t, ms                         dVp, mV                         dVs, mV                         dV, mV
5.0000000000000000e-001 	1.3769920912665243e-001 	-2.6459927595150667e-004 	1.3743460985070086e-001
5.9999999999999998e-001 	1.3787825850263788e-001 	-2.6614256527392779e-004 	1.3761211593736400e-001
6.9999999999999996e-001 	1.3799595432703210e-001 	-2.6755902518931792e-004 	1.3772839530184280e-001
8.0000000000000004e-001 	1.3808863565261739e-001 	-2.6874930373997532e-004 	1.3781988634887749e-001
9.0000000000000002e-001 	1.3816704122719173e-001 	-2.6976261200055234e-004 	1.3789727861519110e-001
1.0000000000000000e+000 	1.3823529517353586e-001 	-2.7063699544367198e-004 	1.3796465817809225e-001
1.1000000000000001e+000 	1.3829558884786367e-001 	-2.7140086577274975e-004 	1.3802418798209093e-001
1.2000000000000000e+000 	1.3834938327942897e-001 	-2.7207536556776566e-004 	1.3807730791386127e-001
1.3000000000000000e+000 	1.3839776290725667e-001 	-2.7267640755968589e-004 	1.3812508649969690e-001
1.3999999999999999e+000 	1.3844157045689037e-001 	-2.7319904658699057e-004 	1.3816837141030333e-001
1.6000000000000001e+000 	1.3989755019814790e-001 	-2.7410318387620570e-004 	1.3962344701427171e-001
1.8000000000000000e+000 	1.3858379153177855e-001 	-2.7489264771496087e-004 	1.3830889888406353e-001
2.0000000000000000e+000 	1.3863967815282674e-001 	-2.7556659029694819e-004 	1.3836411156252987e-001
2.2000000000000002e+000 	1.3868827223122845e-001 	-2.7614738184723219e-004 	1.3841212484938123e-001
2.3999999999999999e+000 	1.3873104144821877e-001 	-2.7665355573467109e-004 	1.3845438789248413e-001
2.6000000000000001e+000 	1.3876907715086370e-001 	-2.7709943094548573e-004 	1.3849197771991822e-001
2.7999999999999998e+000 	1.3880320316914677e-001 	-2.7749584193132479e-004 	1.3852570732721542e-001
3.0000000000000000e+000 	1.3883405316381181e-001 	-2.7785099127374013e-004 	1.3855620217253808e-001
3.2000000000000002e+000 	1.3886212368304218e-001 	-2.7817115783195125e-004 	1.3858395252521027e-001
3.3999999999999999e+000 	1.3888781042260656e-001 	-2.7846122637610019e-004 	1.3860934919623036e-001
3.6000000000000001e+000 	1.3891143335601466e-001 	-2.7871711443812022e-004 	1.3863271624157641e-001
4.0000000000000000e+000 	1.3945843954765441e-001 	-2.7916397682944516e-004 	1.3917927557082496e-001
4.4000000000000004e+000 	1.3899037803170292e-001 	-2.7955465065059465e-004 	1.3871082338105228e-001
4.7999999999999998e+000 	1.3902248247572099e-001 	-2.7988642966981988e-004 	1.3874259604605113e-001
5.2000000000000002e+000 	1.3905098587265860e-001 	-2.8016809425837933e-004 	1.3877081777840014e-001
5.5999999999999996e+000 	1.3907665421688087e-001 	-2.8040764756735612e-004 	1.3879624656931347e-001
6.0000000000000000e+000 	1.3910012894304977e-001 	-2.8061188533276619e-004 	1.3881951705771700e-001
6.4000000000000004e+000 	1.3912195005228753e-001 	-2.8078647301271932e-004 	1.3884116357927478e-001
6.7999999999999998e+000 	1.3914256461398250e-001 	-2.8093612922769421e-004 	1.3886162848475483e-001
7.2000000000000002e+000 	1.3916232791831304e-001 	-2.8106479988817054e-004 	1.3888126311842483e-001
7.5999999999999996e+000 	1.3918150362326132e-001 	-2.8117579959030130e-004 	1.3890032782367109e-001
8.0000000000000000e+000 	1.3920026660612031e-001 	-2.8126785643059645e-004 	1.3891899874968966e-001
8.8000000000000007e+000 	1.3951242522535445e-001 	-2.8141843837322668e-004 	1.3923100678698117e-001
9.5999999999999996e+000 	1.3927175123626540e-001 	-2.8154301980351276e-004 	1.3899020821646185e-001
1.0400000000000000e+001 	1.3930436861619758e-001 	-2.8164278820503067e-004 	1.3902272582799247e-001
1.1199999999999999e+001 	1.3933361134115849e-001 	-2.8172441866192486e-004 	1.3905188692249659e-001
1.2000000000000000e+001 	1.3935827953751198e-001 	-2.8179339934405594e-004 	1.3907648613816795e-001
1.2800000000000001e+001 	1.3937717955790893e-001 	-2.8185389729039453e-004 	1.3909532566061858e-001
1.3600000000000000e+001 	1.3938922167354750e-001 	-2.8190895354338806e-004 	1.3910731272000409e-001
1.4400000000000000e+001 	1.3939346860464522e-001 	-2.8196073537993283e-004 	1.3911150786926535e-001
1.5199999999999999e+001 	1.3938914866910335e-001 	-2.8201076069589253e-004 	1.3910713790840745e-001
1.6000000000000000e+001 	1.3937564733371011e-001 	-2.8206007596449277e-004 	1.3909358725774559e-001
1.6800000000000001e+001 	1.3935248797731606e-001 	-2.8210939061970651e-004 	1.3907037858669644e-001
1.7600000000000001e+001 	1.3931930914760599e-001 	-2.8215917607068676e-004 	1.3903714997153530e-001
1.8399999999999999e+001 	1.3927584259768361e-001 	-2.8221015225035270e-004 	1.3899363244543322e-001
2.0000000000000000e+001 	1.3930770253776181e-001 	-2.8231533100699633e-004 	1.3902538720675478e-001
2.1600000000000001e+001 	1.3899591727027955e-001 	-2.8242420523343331e-004 	1.3871349306504602e-001
2.3199999999999999e+001 	1.3879172014178268e-001 	-2.8253752912913213e-004 	1.3850918261265366e-001
2.4800000000000001e+001 	1.3854474858380231e-001 	-2.8265532554121322e-004 	1.3826209325826105e-001
2.6399999999999999e+001 	1.3825549109376456e-001 	-2.8277745801980948e-004 	1.3797271363574479e-001
2.8000000000000000e+001 	1.3792474410356700e-001 	-2.8290370377093371e-004 	1.3764184039979607e-001
2.9600000000000001e+001 	1.3755357419332859e-001 	-2.8303378743216187e-004 	1.3727054040589640e-001
3.1199999999999999e+001 	1.3714328437144266e-001 	-2.8316739364187606e-004 	1.3686011697780084e-001
3.2800000000000004e+001 	1.3669538091794081e-001 	-2.8330417030160540e-004 	1.3641207674763911e-001
3.4399999999999999e+001 	1.3621153919858167e-001 	-2.8344372961855858e-004 	1.3592809546896314e-001
3.6000000000000000e+001 	1.3569356856395048e-001 	-2.8358565040058803e-004 	1.3540998291354991e-001
3.7600000000000001e+001 	1.3514337736831938e-001 	-2.8372983175554940e-004 	1.3485964753656390e-001
4.0800000000000004e+001 	1.3401661336660936e-001 	-2.8402113653686398e-004 	1.3373259223007247e-001
4.4000000000000000e+001 	1.3266629565612878e-001 	-2.8431275409728136e-004 	1.3238198290203149e-001
4.7199999999999996e+001 	1.3128644287744337e-001 	-2.8460226165028429e-004 	1.3100184061579315e-001
5.0399999999999999e+001 	1.2983192452155021e-001 	-2.8488650523669063e-004 	1.2954703801631351e-001
5.3600000000000001e+001 	1.2831636417848408e-001 	-2.8516257471374615e-004 	1.2803120160377038e-001
5.6800000000000004e+001 	1.2675217096223088e-001 	-2.8542797664573064e-004 	1.2646674298558516e-001
6.0000000000000000e+001 	1.2515043174206236e-001 	-2.8568070141658499e-004 	1.2486475104064580e-001
6.3200000000000003e+001 	1.2352090723049511e-001 	-2.8591923018194792e-004 	1.2323498800031313e-001
6.6400000000000006e+001 	1.2187209240624540e-001 	-2.8614250649676751e-004 	1.2158594989974862e-001
6.9599999999999994e+001 	1.2021131377944654e-001 	-2.8634988843565982e-004 	1.1992496389101083e-001
7.2799999999999997e+001 	1.1854484424355048e-001 	-2.8653495800623550e-004 	1.1825830928554419e-001
7.9200000000000003e+001 	1.1525185570749152e-001 	-2.8685617929928944e-004 	1.1496499952819221e-001
8.5599999999999994e+001 	1.1192633069260406e-001 	-2.8712900931230181e-004 	1.1163920168329176e-001
9.2000000000000000e+001 	1.0868481584650416e-001 	-2.8734767403784596e-004 	1.0839746817246632e-001
9.8400000000000006e+001 	1.0551263737150239e-001 	-2.8751659564378574e-004 	1.0522512077585865e-001
1.0480000000000001e+002 	1.0242140184310829e-001 	-2.8764119420065007e-004 	1.0213376064890761e-001
1.1119999999999999e+002 	9.9418700739927507e-002 	-2.8772684355866072e-004 	9.9130973896368851e-002
1.1759999999999999e+002 	9.6509090234607117e-002 	-2.8777828064527810e-004 	9.6221311953961844e-002
1.2400000000000000e+002 	9.3694880993623567e-002 	-2.8779927582172813e-004 	9.3407081717801876e-002
1.3039999999999998e+002 	9.0976741668960581e-002 	-2.8779248064772473e-004 	9.0688949188312912e-002
1.3680000000000001e+002 	8.8354149947198882e-002 	-2.8775939867398831e-004 	8.8066390548524914e-002
1.4319999999999999e+002 	8.5825727205991270e-002 	-2.8768940413672836e-004 	8.5538037801854552e-002
1.5600000000000000e+002 	8.1092225655219868e-002 	-2.8746077885723485e-004 	8.0804764876362650e-002
1.6880000000000001e+002 	7.6599555425315796e-002 	-2.8712664548117173e-004 	7.6312428779834657e-002
1.8160000000000002e+002 	7.2483849905262646e-002 	-2.8665120454024695e-004 	7.2197198700722456e-002
1.9439999999999998e+002 	6.8669154033014296e-002 	-2.8601191836663558e-004 	6.8383142114647646e-002
2.0719999999999999e+002 	6.5132219354350263e-002 	-2.8518818070791225e-004 	6.4847031173642364e-002
2.2000000000000000e+002 	6.1850617973351729e-002 	-2.8416289870953579e-004 	6.1566455074642194e-002
2.3280000000000001e+002 	5.8803199214488816e-002 	-2.8292377196967094e-004 	5.8520275442519143e-002
2.4560000000000002e+002 	5.5970309549494987e-002 	-2.8146395534773010e-004 	5.5688845594147232e-002
2.5840000000000003e+002 	5.3333861850904080e-002 	-2.7978212135553837e-004 	5.3054079729548537e-002
2.7119999999999999e+002 	5.0877313896034913e-002 	-2.7788205245123288e-004 	5.0599431843583696e-002
2.8400000000000000e+002 	4.8585595741154917e-002 	-2.7577192672115664e-004 	4.8309823814433772e-002
2.9680000000000001e+002 	4.6445011110515300e-002 	-2.7346345177781757e-004 	4.6171547658737468e-002
3.0959999999999997e+002 	4.4443128215189892e-002 	-2.7091319743534825e-004 	4.4172215017754542e-002
3.3519999999999999e+002 	4.0853070909402066e-002 	-2.6534544150727193e-004 	4.0587725467894790e-002
3.6080000000000001e+002 	3.7587271489549427e-002 	-2.5938748014920596e-004 	3.7327884009400236e-002
3.8640000000000003e+002 	3.4746586483205527e-002 	-2.5305202090180603e-004 	3.4493534462303715e-002
4.1200000000000000e+002 	3.2223786630278743e-002 	-2.4644441415498051e-004 	3.1977342216123764e-002
4.3759999999999997e+002 	2.9973920481111072e-002 	-2.3966586905641778e-004 	2.9734254612054659e-002
4.6319999999999999e+002 	2.7959269213973827e-002 	-2.3280503657190492e-004 	2.7726464177401919e-002
4.8880000000000001e+002 	2.6148196935753477e-002 	-2.2593597198787121e-004 	2.5922260963765615e-002
5.1439999999999998e+002 	2.4514099725045195e-002 	-2.1911846129466365e-004 	2.4294981263750539e-002
5.4000000000000000e+002 	2.3034517377017553e-002 	-2.1239917533169076e-004 	2.2822118201685861e-002
5.6560000000000002e+002 	2.1690404424681752e-002 	-2.0581322656487865e-004 	2.1484591198116881e-002
5.9119999999999993e+002 	2.0465538087081171e-002 	-1.9938595086289800e-004 	2.0266152136218275e-002
6.1680000000000007e+002 	1.9346038448570458e-002 	-1.9320945133364912e-004 	1.9152828997236800e-002
6.6800000000000000e+002 	1.7400875817396039e-002 	-1.8144779580665495e-004 	1.7219428021589385e-002
7.1919999999999993e+002 	1.5683557097532736e-002 	-1.7031447338197690e-004 	1.5513242624150759e-002
7.7039999999999998e+002 	1.4245775867942585e-002 	-1.5991811066345396e-004 	1.4085857757279130e-002
8.2160000000000002e+002 	1.3006486784245644e-002 	-1.5024096698713628e-004 	1.2856245817258508e-002
8.7280000000000007e+002 	1.1929896440180721e-002 	-1.4124494464283545e-004 	1.1788651495537881e-002
9.2400000000000000e+002 	1.0987802691727978e-002 	-1.3288325985314904e-004 	1.0854919431874829e-002
9.7519999999999993e+002 	1.0157889486133276e-002 	-1.2510656386313887e-004 	1.0032782922270134e-002
1.0264000000000001e+003 	9.4223574212591032e-003 	-1.1786617672491542e-004 	9.3044912445341896e-003
1.0775999999999999e+003 	8.7668783517862829e-003 	-1.1111584694010245e-004 	8.6557625048461814e-003
1.1288000000000000e+003 	8.1798105272398881e-003 	-1.0481268899563555e-004 	8.0749978382442470e-003
1.1800000000000000e+003 	7.6516101549753829e-003 	-9.9048691755949808e-005 	7.5525614632194326e-003
1.2824000000000001e+003 	6.7518608918598734e-003 	-8.8588413610279570e-005 	6.6632724782495958e-003
1.3848000000000000e+003 	5.9743727350051422e-003 	-7.9095591844896294e-005 	5.8952771431602432e-003
1.4872000000000000e+003 	5.3391147352927623e-003 	-7.0646617906201724e-005 	5.2684681173865607e-003
1.5895999999999999e+003 	4.8023209213487661e-003 	-6.3120403087610740e-005 	4.7392005182611534e-003
1.6920000000000000e+003 	4.3442513429287899e-003 	-5.6399615923655055e-005 	4.2878517270051346e-003
1.7944000000000001e+003 	3.9499141980461755e-003 	-5.0383069907183532e-005 	3.8995311281389920e-003
1.8968000000000000e+003 	3.6078161955337934e-003 	-4.4986947411402889e-005 	3.5628292481223911e-003
1.9992000000000000e+003 	3.3090268518431660e-003 	-4.0141716682158722e-005 	3.2688851351610057e-003
2.1015999999999999e+003 	3.0465066534691053e-003 	-3.5788620491345510e-005 	3.0107180329777597e-003
2.2040000000000000e+003 	2.8146298675617212e-003 	-3.1877036572159533e-005 	2.7827528309895618e-003
2.3064000000000001e+003 	2.6088440739642483e-003 	-2.8484684021910850e-005 	2.5803593899423384e-003
2.5112000000000003e+003 	2.2647636189793456e-003 	-2.2709898333488864e-005 	2.2420537206458559e-003
2.7160000000000000e+003 	1.9747703583886610e-003 	-1.7830061757051384e-005 	1.9569402966316102e-003
2.9207999999999997e+003 	1.7443359469405016e-003 	-1.3885722054630378e-005 	1.7304502248858705e-003
3.1255999999999999e+003 	1.5546060689537982e-003 	-1.0724008681335953e-005 	1.5438820602724620e-003
3.3304000000000001e+003 	1.3966460683099997e-003 	-8.2010162162471442e-006 	1.3884450520937528e-003
3.5352000000000003e+003 	1.2637556791039034e-003 	-6.1953111914402566e-006 	1.2575603679124635e-003
3.7400000000000000e+003 	1.1508735502665530e-003 	-4.6070034141863887e-006 	1.1462665468523667e-003
3.9447999999999997e+003 	1.0541338683889886e-003 	-3.3541042925350674e-006 	1.0507797640964534e-003
4.1496000000000004e+003 	9.7054859961548075e-004 	-2.3695658531939852e-006 	9.6817903376228659e-004
4.3543999999999996e+003 	8.9778161729105351e-004 	-1.5989434344042055e-006 	8.9618267385664933e-004
4.5591999999999998e+003 	8.3398719918556942e-004 	-9.9833693509889817e-007 	8.3298886225047046e-004
4.7640000000000000e+003 	7.7769315324562158e-004 	-5.3253963195393556e-007 	7.7716061361366752e-004
4.9688000000000002e+003 	7.2771505311272037e-004 	-1.9697810588805694e-007 	7.2751807500683258e-004
5.3783999999999996e+003 	6.4395106946160306e-004 	2.5842379521036435e-007 	6.4420949325681329e-004
5.7880000000000000e+003 	5.7262955676054984e-004 	5.5560490794472129e-007 	5.7318516166849460e-004
6.1976000000000004e+003 	5.1531269782639170e-004 	7.1465015042199544e-007 	5.1602734797681388e-004
6.6071999999999998e+003 	4.6734150444275165e-004 	7.8637099429728021e-007 	4.6812787543704896e-004
7.0168000000000002e+003 	4.2661815627019245e-004 	8.0548360644022059e-007 	4.2742363987663265e-004
7.4264000000000005e+003 	3.9161096098093347e-004 	7.9375027644617828e-007 	3.9240471125737960e-004
7.8360000000000000e+003 	3.6119038737259955e-004 	7.6483315415095361e-007 	3.6195522052675041e-004
8.2456000000000004e+003 	3.3451019986144726e-004 	7.2728647455602204e-007 	3.3523748633600326e-004
8.6552000000000007e+003 	3.1092491786460536e-004 	6.8630946651112650e-007 	3.1161122733111660e-004
9.0647999999999993e+003 	2.8993326012975831e-004 	6.4491912625133129e-007 	2.9057817925600977e-004
9.4743999999999996e+003 	2.7113930313606355e-004 	6.0730013925290421e-007 	2.7174660327531643e-004
1.0293600000000000e+004 	2.3945078981250581e-004 	5.3825539962331809e-007 	2.3998904521212909e-004
1.1112799999999999e+004 	2.1188593256378388e-004 	4.7197545467256697e-007 	2.1235790801845634e-004
1.1932000000000000e+004 	1.8960131586291871e-004 	4.1422374401752282e-007 	1.9001553960693618e-004
1.2751200000000001e+004 	1.7082042441621370e-004 	3.6588812402190536e-007 	1.7118631254023562e-004
1.3570400000000000e+004 	1.5481912162007856e-004 	3.2514382619204589e-007 	1.5514426544627059e-004
1.4389600000000000e+004 	1.4105411146491344e-004 	2.9024147187210001e-007 	1.4134435293678554e-004
1.5208799999999999e+004 	1.2911263174671114e-004 	2.6009002392828651e-007 	1.2937272177063942e-004
1.6027999999999998e+004 	1.1867614755764225e-004 	2.3397243465834978e-007 	1.1891011999230063e-004
1.6847200000000001e+004 	1.0949498668115980e-004 	2.1133231241089923e-007 	1.0970631899357070e-004
1.7666399999999998e+004 	1.0137065992644094e-004 	1.9170072309694105e-007 	1.0156236064953788e-004
1.8485600000000002e+004 	9.4143387865103069e-005 	1.7620693905912563e-007 	9.4319594804162185e-005
2.0124000000000000e+004 	8.2102395621863809e-005 	1.5069293281874340e-007 	8.2253088554682562e-005
2.1762399999999998e+004 	7.1708703184933782e-005 	1.2809621060198576e-007 	7.1836799395535750e-005
2.3400799999999999e+004 	6.3453497982478649e-005 	1.1117640678689312e-007 	6.3564674389265545e-005
2.5039200000000001e+004 	5.6592083172110234e-005 	9.8846847441455837e-008 	5.6690930019551721e-005
2.6677600000000002e+004 	5.0822740727682888e-005 	8.9599108231814510e-008 	5.0912339835914702e-005
2.8316000000000000e+004 	4.5920608784448756e-005 	8.1592626847274168e-008 	4.6002201411296039e-005
-1850 0
-1.8500000000000000e+003 0.0000000000000000e+000 0.0000000000000000e+000
1
1 1 1 1
1
         t, ms                         dVp, mV                         dVs, mV                         dV, mV
5.0000000000000000e-001 	1.1037266996818913e-001 	-2.9149105428220856e-004 	1.1008117891390691e-001
5.9999999999999998e-001 	1.1051154623524255e-001 	-2.9119203457717962e-004 	1.1022035420066546e-001
6.9999999999999996e-001 	1.1060283511033454e-001 	-2.9091658439640378e-004 	1.1031191852593814e-001
8.0000000000000004e-001 	1.1067472187517781e-001 	-2.9068325213430738e-004 	1.1038403862304351e-001
9.0000000000000002e-001 	1.1073553579455669e-001 	-2.9048308444319941e-004 	1.1044505271011354e-001
1.0000000000000000e+000 	1.1078847569303715e-001 	-2.9030921505561469e-004 	1.1049816647798151e-001
1.1000000000000001e+000 	1.1083524128373469e-001 	-2.9015653488915295e-004 	1.1054508474884558e-001
1.2000000000000000e+000 	1.1087696580882894e-001 	-2.9002123516431511e-004 	1.1058694457366464e-001
1.3000000000000000e+000 	1.1091449040949683e-001 	-2.8990042786405739e-004 	1.1062458998163278e-001
1.3999999999999999e+000 	1.1094846873940709e-001 	-2.8979537153364697e-004 	1.1065867336787345e-001
1.6000000000000001e+000 	1.1207774191600253e-001 	-2.8961399462063301e-004 	1.1178812792138193e-001
1.8000000000000000e+000 	1.1105877904254502e-001 	-2.8945623673241091e-004 	1.1076932280581260e-001
2.0000000000000000e+000 	1.1110212601825854e-001 	-2.8932232834197644e-004 	1.1081280368991656e-001
2.2000000000000002e+000 	1.1113981666751573e-001 	-2.8920763088695838e-004 	1.1085060903662880e-001
2.3999999999999999e+000 	1.1117298937621396e-001 	-2.8910817252821052e-004 	1.1088388120368578e-001
2.6000000000000001e+000 	1.1120249063095264e-001 	-2.8902078355498329e-004 	1.1091346984739758e-001
2.7999999999999998e+000 	1.1122895942174195e-001 	-2.8894299270766129e-004 	1.1094001642903427e-001
3.0000000000000000e+000 	1.1125288723594434e-001 	-2.8887288246392710e-004 	1.1096401435348044e-001
3.2000000000000002e+000 	1.1127465921242759e-001 	-2.8880896077259651e-004 	1.1098585025165500e-001
3.3999999999999999e+000 	1.1129458226502259e-001 	-2.8875006013068830e-004 	1.1100583220489192e-001
3.6000000000000001e+000 	1.1131290457559888e-001 	-2.8869634687991500e-004 	1.1102420822871897e-001
4.0000000000000000e+000 	1.1173716804411951e-001 	-2.8859792506235585e-004 	1.1144857011905719e-001
4.4000000000000004e+000 	1.1137413514131414e-001 	-2.8850646653717451e-004 	1.1108562867477696e-001
4.7999999999999998e+000 	1.1139903566469088e-001 	-2.8842180806216760e-004 	1.1111061385662867e-001
5.2000000000000002e+000 	1.1142114291461107e-001 	-2.8834242291956165e-004 	1.1113280049169154e-001
5.5999999999999996e+000 	1.1144105059383104e-001 	-2.8826716398577790e-004 	1.1115278342984525e-001
6.0000000000000000e+000 	1.1145925538200845e-001 	-2.8819525304264531e-004 	1.1117106012896580e-001
6.4000000000000004e+000 	1.1147617468715941e-001 	-2.8812619810987550e-004 	1.1118804848904960e-001
6.7999999999999998e+000 	1.1149215305380578e-001 	-2.8805970931876276e-004 	1.1120409334448703e-001
7.2000000000000002e+000 	1.1150746288971987e-001 	-2.8799563167137898e-004 	1.1121946725804843e-001
7.5999999999999996e+000 	1.1152230445443166e-001 	-2.8793389586304877e-004 	1.1123437055856866e-001
8.0000000000000000e+000 	1.1153680799590410e-001 	-2.8787539999124091e-004 	1.1124893259591284e-001
8.8000000000000007e+000 	1.1177871814781801e-001 	-2.8776572557498805e-004 	1.1149095242224304e-001
9.5999999999999996e+000 	1.1159169724075171e-001 	-2.8766379742630594e-004 	1.1130403344332539e-001
1.0400000000000000e+001 	1.1161638152126090e-001 	-2.8757114695915727e-004 	1.1132881037430171e-001
1.1199999999999999e+001 	1.1163810940863106e-001 	-2.8748784422242510e-004 	1.1135062156440864e-001
1.2000000000000000e+001 	1.1165585416211894e-001 	-2.8741372015007231e-004 	1.1136844044196888e-001
1.2800000000000001e+001 	1.1166858932839009e-001 	-2.8734844174565420e-004 	1.1138124088664446e-001
1.3600000000000000e+001 	1.1167536662118886e-001 	-2.8729155849908347e-004 	1.1138807506268975e-001
1.4400000000000000e+001 	1.1167535497902045e-001 	-2.8724254063830902e-004 	1.1138811243838215e-001
1.5199999999999999e+001 	1.1166785166906057e-001 	-2.8720081264983598e-004 	1.1138065085641072e-001
1.6000000000000000e+001 	1.1165227634815512e-001 	-2.8716578157795733e-004 	1.1136511056657714e-001
1.6800000000000001e+001 	1.1162815665837245e-001 	-2.8713685948312335e-004 	1.1134101979888937e-001
1.7600000000000001e+001 	1.1159511113968318e-001 	-2.8711348006482456e-004 	1.1130799765961838e-001
1.8399999999999999e+001 	1.1155283285070981e-001 	-2.8709668074424014e-004 	1.1126573616996559e-001
2.0000000000000000e+001 	1.1155576924605125e-001 	-2.8707584754061790e-004 	1.1126869339851060e-001
2.1600000000000001e+001 	1.1128683229315176e-001 	-2.8706617368134491e-004 	1.1099976611947045e-001
2.3199999999999999e+001 	1.1109425535525523e-001 	-2.8706816775358833e-004 	1.1080718718750163e-001
2.4800000000000001e+001 	1.1086131208152461e-001 	-2.8708004019145097e-004 	1.1057423204133314e-001
2.6399999999999999e+001 	1.1058800344869760e-001 	-2.8710015091449877e-004 	1.1030090329778312e-001
2.8000000000000000e+001 	1.1027469537396840e-001 	-2.8712711687863663e-004 	1.0998756825708979e-001
2.9600000000000001e+001 	1.0992209079300563e-001 	-2.8715979723810295e-004 	1.0963493099576752e-001
3.1199999999999999e+001 	1.0953119800344244e-001 	-2.8719724571171226e-004 	1.0924400075773075e-001
3.2800000000000004e+001 	1.0910329466061620e-001 	-2.8723866204733047e-004 	1.0881605599856886e-001
3.4399999999999999e+001 	1.0863988794102646e-001 	-2.8728335257650851e-004 	1.0835260458844992e-001
3.6000000000000000e+001 	1.0814267242484060e-001 	-2.8733070152247301e-004 	1.0785534172331811e-001
3.7600000000000001e+001 	1.0761348765763729e-001 	-2.8738057438868679e-004 	1.0732610708324855e-001
4.0800000000000004e+001 	1.0651538055543956e-001 	-2.8748389584906583e-004 	1.0622789665959051e-001
4.4000000000000000e+001 	1.0522293939996308e-001 	-2.8758857053688247e-004 	1.0493535082942622e-001
4.7199999999999996e+001 	1.0388841774442356e-001 	-2.8769297028434564e-004 	1.0360072477413923e-001
5.0399999999999999e+001 	1.0248128716039667e-001 	-2.8779484137871211e-004 	1.0219349231901800e-001
5.3600000000000001e+001 	1.0101579913965693e-001 	-2.8789225912149405e-004 	1.0072790688053547e-001
5.6800000000000004e+001 	9.9505001150501218e-002 	-2.8798371016796411e-004 	9.9217017440333247e-002
6.0000000000000000e+001 	9.7960578831307543e-002 	-2.8806809103655123e-004 	9.7672510740270960e-002
6.3200000000000003e+001 	9.6392819325364837e-002 	-2.8814467067391706e-004 	9.6104674654690914e-002
6.6400000000000006e+001 	9.4810653303756431e-002 	-2.8821303849068069e-004 	9.4522440265265753e-002
6.9599999999999994e+001 	9.3221744750659474e-002 	-2.8827304871289485e-004 	9.2933471701946588e-002
7.2799999999999997e+001 	9.1632606104809236e-002 	-2.8832180096127486e-004 	9.1344284303847945e-002
7.9200000000000003e+001 	8.8505429570243058e-002 	-2.8839556716899958e-004 	8.8217034003074069e-002
8.5599999999999994e+001 	8.5379469734404176e-002 	-2.8844704573908526e-004 	8.5091022688665127e-002
9.2000000000000000e+001 	8.2353343138295385e-002 	-2.8847464076500523e-004 	8.2064868497530377e-002
9.8400000000000006e+001 	7.9416763921893022e-002 	-2.8848165444127054e-004 	7.9128282267451777e-002
1.0480000000000001e+002 	7.6579583434207329e-002 	-2.8847159622396847e-004 	7.6291111837983372e-002
1.1119999999999999e+002 	7.3847401115503655e-002 	-2.8844758488197239e-004 	7.3558953530621696e-002
1.1759999999999999e+002 	7.1222689186106261e-002 	-2.8841199317671798e-004 	7.0934277192929551e-002
1.2400000000000000e+002 	6.8705688517755922e-002 	-2.8836623302761502e-004 	6.8417322284728327e-002
1.3039999999999998e+002 	6.6295083214962164e-002 	-2.8831064294840313e-004 	6.6006772572013747e-002
1.3680000000000001e+002 	6.3988494862795370e-002 	-2.8824445686318937e-004 	6.3700250405932149e-002
1.4319999999999999e+002 	6.1782839806482151e-002 	-2.8815819546407342e-004 	6.1494681611018100e-002
1.5600000000000000e+002 	5.7700330591786052e-002 	-2.8792486494310277e-004 	5.7412405726842940e-002
1.6880000000000001e+002 	5.3883634154818512e-002 	-2.8760247036920423e-004 	5.3596031684449284e-002
1.8160000000000002e+002 	5.0439581027142716e-002 	-2.8714706156604737e-004 	5.0152433965576657e-002
1.9439999999999998e+002 	4.7293026844974217e-002 	-2.8652191536384416e-004 	4.7006504929610358e-002
2.0719999999999999e+002 	4.4415771394685610e-002 	-2.8569321906890451e-004 	4.4130078175616712e-002
2.2000000000000000e+002 	4.1781646065935381e-002 	-2.8463272751482160e-004 	4.1497013338420582e-002
2.3280000000000001e+002 	3.9366750158909461e-002 	-2.8331952706159026e-004 	3.9083430631847903e-002
2.4560000000000002e+002 	3.7149470724845896e-002 	-2.8174081146800959e-004 	3.6867729913377896e-002
2.5840000000000003e+002 	3.5110384121201814e-002 	-2.7989180463564495e-004 	3.4830492316566181e-002
2.7119999999999999e+002 	3.3232098856612706e-002 	-2.7777505305378691e-004 	3.2954323803558921e-002
2.8400000000000000e+002 	3.1499074966714329e-002 	-2.7539932934064033e-004 	3.1223675637373695e-002
2.9680000000000001e+002 	2.9897439965791570e-002 	-2.7277836269076853e-004 	2.9624661603100795e-002
3.0959999999999997e+002 	2.8414812165685865e-002 	-2.6985806147117341e-004 	2.8144954104214692e-002
3.3519999999999999e+002 	2.5794564911092811e-002 	-2.6343921237962682e-004 	2.5531125698713183e-002
3.6080000000000001e+002 	2.3446904653752459e-002 	-2.5653849651522152e-004 	2.3190366157237248e-002
3.8640000000000003e+002 	2.1443115768438450e-002 	-2.4917319936622448e-004 	2.1193942569072231e-002
4.1200000000000000e+002 	1.9691838784616576e-002 	-2.4147586032916167e-004 	1.9450362924287409e-002
4.3759999999999997e+002 	1.8153012806261342e-002 	-2.3357433812240929e-004 	1.7919438468138933e-002
4.6319999999999999e+002 	1.6793801730456717e-002 	-2.2558097276045809e-004 	1.6568220757696258e-002
4.8880000000000001e+002 	1.5587283771228991e-002 	-2.1758960252333314e-004 	1.5369694168705659e-002
5.1439999999999998e+002 	1.4511304611553557e-002 	-2.0967581028227095e-004 	1.4301628801271284e-002
5.4000000000000000e+002 	1.3547539398757330e-002 	-2.0189847841945046e-004 	1.3345640920337879e-002
5.6560000000000002e+002 	1.2680744974623464e-002 	-1.9430190079388235e-004 	1.2486443073829581e-002
5.9119999999999993e+002 	1.1898168790940656e-002 	-1.8691808692639374e-004 	1.1711250704014263e-002
6.1680000000000007e+002 	1.1189081993685015e-002 	-1.7986806065578028e-004 	1.1009213933029236e-002
6.6800000000000000e+002 	9.9713515860091577e-003 	-1.6655213255821011e-004 	9.8047994534509481e-003
7.1919999999999993e+002 	8.9086488633243546e-003 	-1.5406667379625500e-004 	8.7545821895281019e-003
7.7039999999999998e+002 	8.0318505317004737e-003 	-1.4255342639397651e-004 	7.8892971053064961e-003
8.2160000000000002e+002 	7.2848332855574875e-003 	-1.3198632693498525e-004 	7.1528469586225017e-003
8.7280000000000007e+002 	6.6425447908975187e-003 	-1.2231163170833500e-004 	6.5202331591891829e-003
9.2400000000000000e+002 	6.0856213017164889e-003 	-1.1346318027964338e-004 	5.9721581214368432e-003
9.7519999999999993e+002 	5.5990107751087400e-003 	-1.0537089471697065e-004 	5.4936398803917680e-003
1.0264000000000001e+003 	5.1708995041056674e-003 	-9.7965574605548094e-005 	5.0729339295001192e-003
1.0775999999999999e+003 	4.7919136830782607e-003 	-9.1181535294163033e-005 	4.7007321477840983e-003
1.1288000000000000e+003 	4.4545340384426714e-003 	-8.4957953595544007e-005 	4.3695760848471250e-003
1.1800000000000000e+003 	4.1526664351000117e-003 	-7.9397550911898022e-005 	4.0732688841881139e-003
1.2824000000000001e+003 	3.6420669124708708e-003 	-6.9564900427279301e-005 	3.5725020120435914e-003
1.3848000000000000e+003 	3.2042519222335243e-003 	-6.0866449733117564e-005 	3.1433854725004063e-003
1.4872000000000000e+003 	2.8496875401358792e-003 	-5.3363367133262373e-005 	2.7963241730026168e-003
1.5895999999999999e+003 	2.5522188171152771e-003 	-4.6882666145841562e-005 	2.5053361509694357e-003
1.6920000000000000e+003 	2.2999698043404933e-003 	-4.1263396205013935e-005 	2.2587064081354791e-003
1.7944000000000001e+003 	2.0840212706844524e-003 	-3.6369660576014567e-005 	2.0476516101084388e-003
1.8968000000000000e+003 	1.8976054314446425e-003 	-3.2090700724331220e-005 	1.8655147307203113e-003
1.9992000000000000e+003 	1.7355120917941123e-003 	-2.8336715432025696e-005 	1.7071753763620865e-003
2.1015999999999999e+003 	1.5936679977776905e-003 	-2.5034311738343931e-005 	1.5686336860393469e-003
2.2040000000000000e+003 	1.4688417362915839e-003 	-2.2122824819656012e-005 	1.4467189114719275e-003
2.3064000000000001e+003 	1.3584355259741443e-003 	-1.9650971992668685e-005 	1.3387845539814755e-003
2.5112000000000003e+003 	1.1745959449069824e-003 	-1.5530321182805828e-005 	1.1590656237241768e-003
2.7160000000000000e+003 	1.0204332485426783e-003 	-1.2106856538643341e-005 	1.0083263920040351e-003
2.9207999999999997e+003 	8.9859139318143729e-004 	-9.3942578605169798e-006 	8.8919713532092037e-004
3.1255999999999999e+003 	7.9872275036205133e-004 	-7.2578707584105776e-006 	7.9146487960364055e-004
3.3304000000000001e+003 	7.1590659899112643e-004 	-5.5783744911960192e-006 	7.1032822449993034e-004
3.5352000000000003e+003 	6.4647800019180049e-004 	-4.2593051085415788e-006 	6.4221869508325913e-004
3.7400000000000000e+003 	5.8768596091460928e-004 	-3.2244393450046183e-006 	5.8446152156960477e-004
3.9447999999999997e+003 	5.3744122293920740e-004 	-2.4135754596440263e-006 	5.3502764747956366e-004
4.1496000000000004e+003 	4.9413702980328361e-004 	-1.7791205607143068e-006 	4.9235790924256938e-004
4.3543999999999996e+003 	4.5652273577675431e-004 	-1.2834961783333710e-006 	4.5523923959842093e-004
4.5591999999999998e+003 	4.2361410190967319e-004 	-8.9708261370728128e-007 	4.2271701929596584e-004
4.7640000000000000e+003 	3.9462881569793910e-004 	-5.9655953450488245e-007 	3.9403225616343427e-004
4.9688000000000002e+003 	3.6893945735716173e-004 	-3.7862912910553455e-007 	3.6856082822805632e-004
5.3783999999999996e+003 	3.2597710881175830e-004 	-7.8598620772082614e-008 	3.2589851019098617e-004
5.7880000000000000e+003 	2.8947731952916821e-004 	1.2289539313312731e-007 	2.8960021492230141e-004
6.1976000000000004e+003 	2.6022336994346244e-004 	2.3793926634512088e-007 	2.6046130920980758e-004
6.6071999999999998e+003 	2.3578927601893484e-004 	2.9775814282084557e-007 	2.3608703416175573e-004
7.0168000000000002e+003 	2.1508245349694921e-004 	3.2381155329613226e-007 	2.1540626505024536e-004
7.4264000000000005e+003 	1.9730781815070254e-004 	3.2965317092358869e-007 	1.9763747132162603e-004
7.8360000000000000e+003 	1.8188085205739194e-004 	3.2380469061262695e-007 	1.8220465674800455e-004
8.2456000000000004e+003 	1.6836485030767909e-004 	3.1160171678625456e-007 	1.6867645202446534e-004
8.6552000000000007e+003 	1.5642751599571062e-004 	2.9630615472340177e-007 	1.5672382215043407e-004
9.0647999999999993e+003 	1.4581132907085680e-004 	2.7984411997606572e-007 	1.4609117319083287e-004
9.4743999999999996e+003 	1.3631326483894084e-004 	2.6443047835423159e-007 	1.3657769531729504e-004
1.0293600000000000e+004 	1.2031379264157156e-004 	2.3536148658229309e-007 	1.2054915412815386e-004
1.1112799999999999e+004 	1.0640579000843285e-004 	2.0669255744122308e-007 	1.0661248256587402e-004
1.1932000000000000e+004 	9.5174673822840712e-005 	1.8139414540115744e-007 	9.5356067968241834e-005
1.2751200000000001e+004 	8.5716695981323928e-005 	1.6015398285188764e-007 	8.5876849964175800e-005
1.3570400000000000e+004 	7.7663749362250574e-005 	1.4221779661919777e-007 	7.7805967158869774e-005
1.4389600000000000e+004 	7.0740077901137503e-005 	1.2681920719875160e-007 	7.0866897108336221e-005
1.5208799999999999e+004 	6.4736465426724747e-005 	1.1349229884545371e-007 	6.4849957725570211e-005
1.6027999999999998e+004 	5.9491647308693697e-005 	1.0193834318336343e-007 	5.9593585651877061e-005
1.6847200000000001e+004 	5.4879349512353847e-005 	9.1924389551727488e-008 	5.4971273901905564e-005
1.7666399999999998e+004 	5.0799270835613694e-005 	8.3250650559897827e-008 	5.0882521486173598e-005
1.8485600000000002e+004 	4.7170731080243311e-005 	7.6471946178917156e-008 	4.7247203026422223e-005
2.0124000000000000e+004 	4.1127779517571241e-005 	6.5333056485911433e-008 	4.1193112574057162e-005
2.1762399999999998e+004 	3.5912919054211652e-005 	5.5395705792720451e-008 	3.5968314760004368e-005
2.3400799999999999e+004 	3.1772972738470312e-005 	4.8050216926209351e-008 	3.1821022955396528e-005
2.5039200000000001e+004 	2.8333098853264202e-005 	4.2803355336454384e-008 	2.8375902208600660e-005
2.6677600000000002e+004 	2.5441489336234431e-005 	3.8940069511152907e-008 	2.5480429405745577e-005
2.8316000000000000e+004 	2.2985076773184931e-005 	3.5627630848921554e-008 	2.3020704404033854e-005
-1250 0
-1.2500000000000000e+003 0.0000000000000000e+000 0.0000000000000000e+000
1
1 1 1 1
1
         t, ms                         dVp, mV                         dVs, mV                         dV, mV
5.0000000000000000e-001 	2.9778777829741681e-002 	2.0116303786219665e-005 	2.9798894133527900e-002
5.9999999999999998e-001 	2.9822024013099534e-002 	1.8322773765299292e-005 	2.9840346786864834e-002
6.9999999999999996e-001 	2.9850451038476562e-002 	1.6675676173030103e-005 	2.9867126714649594e-002
8.0000000000000004e-001 	2.9872836331898561e-002 	1.5289800583831249e-005 	2.9888126132482387e-002
9.0000000000000002e-001 	2.9891773685178879e-002 	1.4108513538411778e-005 	2.9905882198717287e-002
1.0000000000000000e+000 	2.9908259183563081e-002 	1.3088084624038853e-005 	2.9921347268187119e-002
1.1000000000000001e+000 	2.9922822084675213e-002 	1.2195874502053909e-005 	2.9935017959177260e-002
1.2000000000000000e+000 	2.9935815254334881e-002 	1.1407588037337959e-005 	2.9947222842372230e-002
1.3000000000000000e+000 	2.9947500604848420e-002 	1.0704919273930616e-005 	2.9958205524122351e-002
1.3999999999999999e+000 	2.9958081673287295e-002 	1.0093903073039204e-005 	2.9968175576360334e-002
1.6000000000000001e+000 	3.0309774361488972e-002 	9.0372282745155842e-006 	3.0318811589763472e-002
1.8000000000000000e+000 	2.9992433283049121e-002 	8.1151630149832830e-006 	3.0000548446064111e-002
2.0000000000000000e+000 	3.0005932052139330e-002 	7.3287559357351500e-006 	3.0013260808075055e-002
2.2000000000000002e+000 	3.0017669441384062e-002 	6.6517179161906277e-006 	3.0024321159300246e-002
2.3999999999999999e+000 	3.0027999937138419e-002 	6.0621453660918789e-006 	3.0034062082504503e-002
2.6000000000000001e+000 	3.0037187131382693e-002 	5.5430186225415405e-006 	3.0042730150005244e-002
2.7999999999999998e+000 	3.0045430003935950e-002 	5.0813899107929061e-006 	3.0050511393846742e-002
3.0000000000000000e+000 	3.0052881603940124e-002 	4.6674120545098142e-006 	3.0057549015994625e-002
3.2000000000000002e+000 	3.0059661863119314e-002 	4.2935240675987903e-006 	3.0063955387186907e-002
3.3999999999999999e+000 	3.0065866354826647e-002 	3.9538372664598233e-006 	3.0069820192093099e-002
3.6000000000000001e+000 	3.0071572362510134e-002 	3.6524972875288935e-006 	3.0075224859797651e-002
4.0000000000000000e+000 	3.0203702218820287e-002 	3.1218316933893798e-006 	3.0206824050513666e-002
4.4000000000000004e+000 	3.0090641191460658e-002 	2.6527042467689894e-006 	3.0093293895707439e-002
4.7999999999999998e+000 	3.0098396018530465e-002 	2.2476008877256593e-006 	3.0100643619418194e-002
5.2000000000000002e+000 	3.0105281246514345e-002 	1.8964849346345917e-006 	3.0107177731448973e-002
5.5999999999999996e+000 	3.0111482264924151e-002 	1.5904425330356322e-006 	3.0113072707457174e-002
6.0000000000000000e+000 	3.0117154741492128e-002 	1.3220924537443976e-006 	3.0118476833945876e-002
6.4000000000000004e+000 	3.0122430372074408e-002 	1.0854315168967375e-006 	3.0123515803591305e-002
6.7999999999999998e+000 	3.0127419098037289e-002 	8.7557481693183307e-007 	3.0128294672854227e-002
7.2000000000000002e+000 	3.0132209531307533e-002 	6.8852122594304421e-007 	3.0132898052533476e-002
7.5999999999999996e+000 	3.0136869098691840e-002 	5.2096817432363110e-007 	3.0137390066866172e-002
8.0000000000000000e+000 	3.0141444793757265e-002 	3.7501957443354944e-007 	3.0141819813331697e-002
8.8000000000000007e+000 	3.0217026328954674e-002 	1.2288416206737730e-007 	3.0217149213116738e-002
9.5999999999999996e+000 	3.0159201039687184e-002 	-9.6430927281204455e-008 	3.0159104608759896e-002
1.0400000000000000e+001 	3.0167619312134960e-002 	-2.8261551052631556e-007 	3.0167336696624452e-002
1.1199999999999999e+001 	3.0175517733733635e-002 	-4.4212001635194277e-007 	3.0175075613717288e-002
1.2000000000000000e+001 	3.0182687982847557e-002 	-5.8046568794133305e-007 	3.0182107517159631e-002
1.2800000000000001e+001 	3.0188925811829397e-002 	-7.0204132630470189e-007 	3.0188223770503092e-002
1.3600000000000000e+001 	3.0194052699062109e-002 	-8.1024920458577290e-007 	3.0193242449857525e-002
1.4400000000000000e+001 	3.0197926391363383e-002 	-9.0771457020282704e-007 	3.0197018676793176e-002
1.5199999999999999e+001 	3.0200443506732455e-002 	-9.9647250811418758e-007 	3.0199447034224360e-002
1.6000000000000000e+001 	3.0201537309383290e-002 	-1.0781144969704075e-006 	3.0200459194886314e-002
1.6800000000000001e+001 	3.0201173056660549e-002 	-1.1538980366883631e-006 	3.0200019158623862e-002
1.7600000000000001e+001 	3.0199342509409369e-002 	-1.2248273538160626e-006 	3.0198117682055554e-002
1.8399999999999999e+001 	3.0196058535600402e-002 	-1.2906125077441995e-006 	3.0194767923092648e-002
2.0000000000000000e+001 	3.0222014075316689e-002 	-1.4131009026467992e-006 	3.0220600974414039e-002
2.1600000000000001e+001 	3.0169308809636919e-002 	-1.5285076978777999e-006 	3.0167780301939041e-002
2.3199999999999999e+001 	3.0148447587028906e-002 	-1.6370844514104120e-006 	3.0146810502577497e-002
2.4800000000000001e+001 	3.0123215919046833e-002 	-1.7405700860981741e-006 	3.0121475348960744e-002
2.6399999999999999e+001 	3.0094099247000884e-002 	-1.8404038223344674e-006 	3.0092258843178565e-002
2.8000000000000000e+001 	3.0061567695707305e-002 	-1.9376935915301717e-006 	3.0059630002115784e-002
2.9600000000000001e+001 	3.0026060454904621e-002 	-2.0332635084778268e-006 	3.0024027191396144e-002
3.1199999999999999e+001 	2.9987976687651213e-002 	-2.1277120191999278e-006 	2.9985848975632005e-002
3.2800000000000004e+001 	2.9947671036090539e-002 	-2.2214617572834654e-006 	2.9945449574333264e-002
3.4399999999999999e+001 	2.9905452271092235e-002 	-2.3147984560400170e-006 	2.9903137472636187e-002
3.6000000000000000e+001 	2.9861584058564643e-002 	-2.4079007257484254e-006 	2.9859176157838889e-002
3.7600000000000001e+001 	2.9816287129573862e-002 	-2.5008017331148328e-006 	2.9813786327840743e-002
4.0800000000000004e+001 	2.9737261903631605e-002 	-2.6860728947926379e-006 	2.9734575830736801e-002
4.4000000000000000e+001 	2.9624133857244245e-002 	-2.8703775485934456e-006 	2.9621263479695653e-002
4.7199999999999996e+001 	2.9522502478384012e-002 	-3.0529157573943272e-006 	2.9519449562626601e-002
5.0399999999999999e+001 	2.9417635088028301e-002 	-3.2327684485974654e-006 	2.9414402319579716e-002
5.3600000000000001e+001 	2.9309601936791892e-002 	-3.4089382258604861e-006 	2.9306192998566020e-002
5.6800000000000004e+001 	2.9198328807018940e-002 	-3.5804393345298871e-006 	2.9194748367684400e-002
6.0000000000000000e+001 	2.9083659470263677e-002 	-3.7463646931451950e-006 	2.9079913105570537e-002
6.3200000000000003e+001 	2.8965405399698833e-002 	-3.9059287005935639e-006 	2.8961499470998249e-002
6.6400000000000006e+001 	2.8843381911861105e-002 	-4.0584895365299897e-006 	2.8839323422324582e-002
6.9599999999999994e+001 	2.8717432210348979e-002 	-4.2035559793906520e-006 	2.8713228654369587e-002
7.2799999999999997e+001 	2.8587441592652682e-002 	-4.3376380052881414e-006 	2.8583103954647401e-002
7.9200000000000003e+001 	2.8321733218813167e-002 	-4.5807996591251974e-006 	2.8317152419154036e-002
8.5599999999999994e+001 	2.8026781192920052e-002 	-4.7980663416793378e-006 	2.8021983126578377e-002
9.2000000000000000e+001 	2.7723011709829239e-002 	-4.9853179920617652e-006 	2.7718026391837187e-002
9.8400000000000006e+001 	2.7405020525746449e-002 	-5.1436968557472547e-006 	2.7399876828890706e-002
1.0480000000000001e+002 	2.7074282422932999e-002 	-5.2751248447485667e-006 	2.7069007298088255e-002
1.1119999999999999e+002 	2.6732453923226495e-002 	-5.3818552987487682e-006 	2.6727072067927737e-002
1.1759999999999999e+002 	2.6381261389162147e-002 	-5.4662343656351886e-006 	2.6375795154796523e-002
1.2400000000000000e+002 	2.6022415839953322e-002 	-5.5305830074331141e-006 	2.6016885256945888e-002
1.3039999999999998e+002 	2.5657554144730605e-002 	-5.5771550580232222e-006 	2.5651976989672583e-002
1.3680000000000001e+002 	2.5288202494705033e-002 	-5.6081383590951257e-006 	2.5282594356345934e-002
1.4319999999999999e+002 	2.4915756970372592e-002 	-5.6221722007700877e-006 	2.4910134798171828e-002
1.5600000000000000e+002 	2.4176260918036395e-002 	-5.6215573167952228e-006 	2.4170639360719594e-002
1.6880000000000001e+002 	2.3420709003782892e-002 	-5.6027471339481928e-006 	2.3415106256648943e-002
1.8160000000000002e+002 	2.2680645928141775e-002 	-5.5727334885977227e-006 	2.2675073194653169e-002
1.9439999999999998e+002 	2.1952540075370116e-002 	-5.5446281504015064e-006 	2.1946995447219710e-002
2.0719999999999999e+002 	2.1240122271333650e-002 	-5.5306834405776903e-006 	2.1234591587893065e-002
2.2000000000000000e+002 	2.0546102383850667e-002 	-5.5412858393710070e-006 	2.0540561098011306e-002
2.3280000000000001e+002 	1.9872362959573824e-002 	-5.5845060334494990e-006 	1.9866778453540387e-002
2.4560000000000002e+002 	1.9220133208029642e-002 	-5.6659928397086502e-006 	1.9214467215189938e-002
2.5840000000000003e+002 	1.8590133691764956e-002 	-5.7890990441144406e-006 	1.8584344592720837e-002
2.7119999999999999e+002 	1.7982692543262804e-002 	-5.9551539574958445e-006 	1.7976737389305320e-002
2.8400000000000000e+002 	1.7397837345586663e-002 	-6.1638113421073631e-006 	1.7391673534244565e-002
2.9680000000000001e+002 	1.6835367320348314e-002 	-6.4134169516327544e-006 	1.6828953903396688e-002
3.0959999999999997e+002 	1.6294909967921493e-002 	-6.7133796399967955e-006 	1.6288196588281494e-002
3.3519999999999999e+002 	1.5289048219676086e-002 	-7.4104995386649220e-006 	1.5281637720137417e-002
3.6080000000000001e+002 	1.4339818448370591e-002 	-8.1878859828874629e-006 	1.4331630562387700e-002
3.8640000000000003e+002 	1.3477743376114929e-002 	-9.0414590785666453e-006 	1.3468701917036365e-002
4.1200000000000000e+002 	1.2685174941550045e-002 	-9.9472666593706098e-006 	1.2675227674890672e-002
4.3759999999999997e+002 	1.1956411021462743e-002 	-1.0881767070129940e-005 	1.1945529254392608e-002
4.6319999999999999e+002 	1.1285935782368507e-002 	-1.1823994165401644e-005 	1.1274111788203103e-002
4.8880000000000001e+002 	1.0668539918720379e-002 	-1.2756432276969539e-005 	1.0655783486443410e-002
5.1439999999999998e+002 	1.0099383972097567e-002 	-1.3665104922624859e-005 	1.0085718867174940e-002
5.4000000000000000e+002 	9.5740232144755060e-003 	-1.4539215994391097e-005 	9.5594839984811143e-003
5.6560000000000002e+002 	9.0884077867331593e-003 	-1.5370649043922337e-005 	9.0730371376892358e-003
5.9119999999999993e+002 	8.6388677757566704e-003 	-1.6153501546838003e-005 	8.6227142742098303e-003
6.1680000000000007e+002 	8.2220898219661828e-003 	-1.6861918345507285e-005 	8.2052279036206720e-003
6.6800000000000000e+002 	7.4842020319795324e-003 	-1.8106049027532680e-005 	7.4660959829519992e-003
7.1919999999999993e+002 	6.8208753111807180e-003 	-1.9169265920043925e-005 	6.8017060452606713e-003
7.7039999999999998e+002 	6.2531424054234680e-003 	-2.0022064822332929e-005 	6.2331203406011341e-003
8.2160000000000002e+002 	5.7554184499249679e-003 	-2.0672089827201261e-005 	5.7347463600977673e-003
8.7280000000000007e+002 	5.3166590631741504e-003 	-2.1133593245443796e-005 	5.2955254699287059e-003
9.2400000000000000e+002 	4.9278028125332640e-003 	-2.1424225034876340e-005 	4.9063785874983862e-003
9.7519999999999993e+002 	4.5814206008609939e-003 	-2.1562874904920658e-005 	4.5598577259560718e-003
1.0264000000000001e+003 	4.2714031019195995e-003 	-2.1568240267157004e-005 	4.2498348616524404e-003
1.0775999999999999e+003 	3.9927021308991039e-003 	-2.1458019711452770e-005 	3.9712441111876507e-003
1.1288000000000000e+003 	3.7411229990984870e-003 	-2.1248541407765090e-005 	3.7198744576907219e-003
1.1800000000000000e+003 	3.5131597630968783e-003 	-2.0931479842680113e-005 	3.4922282832541983e-003
1.2824000000000001e+003 	3.1213848944670682e-003 	-2.0108488734816816e-005 	3.1012764057322512e-003
1.3848000000000000e+003 	2.7795876078738099e-003 	-1.9146056590922469e-005 	2.7604415512828867e-003
1.4872000000000000e+003 	2.4972921589069860e-003 	-1.8060424699300765e-005 	2.4792317342076844e-003
1.5895999999999999e+003 	2.2567044024233806e-003 	-1.6898825483670243e-005 	2.2398055769397096e-003
1.6920000000000000e+003 	2.0498742533722031e-003 	-1.5700617319668506e-005 	2.0341736360525347e-003
1.7944000000000001e+003 	1.8706679495888686e-003 	-1.4496945274204126e-005 	1.8561710043146649e-003
1.8968000000000000e+003 	1.7143160069986645e-003 	-1.3311863836221108e-005 	1.7010041431624434e-003
1.9992000000000000e+003 	1.5770660013006397e-003 	-1.2163328334368515e-005 	1.5649026729662712e-003
2.1015999999999999e+003 	1.4559277607695219e-003 	-1.1064118520003947e-005 	1.4448636422495175e-003
2.2040000000000000e+003 	1.3484888593663072e-003 	-1.0022782173752981e-005 	1.3384660771925540e-003
2.3064000000000001e+003 	1.2527807303554664e-003 	-9.0687616798350185e-006 	1.2437119686756317e-003
2.5112000000000003e+003 	1.0920234345367210e-003 	-7.3612517153217425e-006 	1.0846621828213994e-003
2.7160000000000000e+003 	9.5579131588551111e-004 	-5.8622580376751758e-006 	9.4992905784783608e-004
2.9207999999999997e+003 	8.4690817924899266e-004 	-4.5983787063014933e-006 	8.4230980054269134e-004
3.1255999999999999e+003 	7.5682724561212434e-004 	-3.5489027630173146e-006 	7.5327834284910731e-004
3.3304000000000001e+003 	6.8151481445810581e-004 	-2.6872104258476029e-006 	6.7882760403225803e-004
3.5352000000000003e+003 	6.1792181644974072e-004 	-1.9867926947234091e-006 	6.1593502375501734e-004
3.7400000000000000e+003 	5.6372826375635724e-004 	-1.4228483904541178e-006 	5.6230541536590327e-004
3.9447999999999997e+003 	5.1715075937013326e-004 	-9.7275985432348049e-007 	5.1617799951580979e-004
4.1496000000000004e+003 	4.7680308748012631e-004 	-6.1646229985982810e-007 	4.7618662518026647e-004
4.3543999999999996e+003 	4.4159614652996806e-004 	-3.3663997518490612e-007 	4.4125950655478309e-004
4.5591999999999998e+003 	4.1066576019279136e-004 	-1.1867905166859843e-007 	4.1054708114112283e-004
4.7640000000000000e+003 	3.8332001972495451e-004 	4.9555712393382514e-008 	3.8336957543734789e-004
4.9688000000000002e+003 	3.5900037182954101e-004 	1.6938339562064204e-007 	3.5916975522516165e-004
5.3783999999999996e+003 	3.1815103608113111e-004 	3.2792421029461305e-007 	3.1847896029142567e-004
5.7880000000000000e+003 	2.8329225006783020e-004 	4.2593011450782695e-007 	2.8371818018233793e-004
6.1976000000000004e+003 	2.5520301721065474e-004 	4.7148888603693665e-007 	2.5567450609669163e-004
6.6071999999999998e+003 	2.3164608298945790e-004 	4.8444146709652061e-007 	2.3213052445655443e-004
7.0168000000000002e+003 	2.1161428655815006e-004 	4.7822407363037453e-007 	2.1209251063178045e-004
7.4264000000000005e+003 	1.9436973041609011e-004 	4.6116241736417579e-007 	1.9483089283345433e-004
7.8360000000000000e+003 	1.7936652966171873e-004 	4.3847107995580667e-007 	1.7980500074167447e-004
8.2456000000000004e+003 	1.6619455371513059e-004 	4.1341513553884831e-007 	1.6660796885066946e-004
8.6552000000000007e+003 	1.5454019674262314e-004 	3.8796098509917534e-007 	1.5492815772772222e-004
9.0647999999999993e+003 	1.4415939352093902e-004 	3.6321785254593649e-007 	1.4452261137348497e-004
9.4743999999999996e+003 	1.3485902139783330e-004 	3.4116096605649226e-007 	1.3520018236388989e-004
1.0293600000000000e+004 	1.1916310062999016e-004 	3.0142347507271896e-007 	1.1946452410506289e-004
1.1112799999999999e+004 	1.0550067929956560e-004 	2.6400766748668962e-007 	1.0576468696705231e-004
1.1932000000000000e+004 	9.4443240622250549e-005 	2.3171046273438115e-007 	9.4674951084984947e-005
1.2751200000000001e+004 	8.5117331666053825e-005 	2.0474269385600614e-007 	8.5322074359909852e-005
1.3570400000000000e+004 	7.7166655536650718e-005 	1.8204079021538916e-007 	7.7348696326866100e-005
1.4389600000000000e+004 	7.0323490314938306e-005 	1.6262648892241339e-007 	7.0486116803860735e-005
1.5208799999999999e+004 	6.4384164345248008e-005 	1.4587814993706889e-007 	6.4530042495185085e-005
1.6027999999999998e+004 	5.9191318830692543e-005 	1.3138006905483002e-007 	5.9322698899747380e-005
1.6847200000000001e+004 	5.4621491842699541e-005 	1.1881078310312408e-007 	5.4740302625802653e-005
1.7666399999999998e+004 	5.0576448541654575e-005 	1.0790266048237221e-007 	5.0684351202136950e-005
1.8485600000000002e+004 	4.6977054640969437e-005 	9.9229733728135971e-008 	4.7076284374697572e-005
2.0124000000000000e+004 	4.0978017035875850e-005 	8.4925045875593382e-008 	4.1062942081751464e-005
2.1762399999999998e+004 	3.5798385260860003e-005 	7.2324883734532896e-008 	3.5870710144594544e-005
2.3400799999999999e+004 	3.1682578259016645e-005 	6.2799040001307969e-008 	3.1745377299017951e-005
2.5039200000000001e+004 	2.8260630266537745e-005 	5.5756261475175683e-008 	2.8316386528012930e-005
2.6677600000000002e+004 	2.5382589199971922e-005 	5.0404877269901368e-008 	2.5432994077241828e-005
2.8316000000000000e+004 	2.2936632357119310e-005 	4.5740865136664345e-008 	2.2982373222255978e-005
