-2050 0
-2.0500000000000000e+003 0.0000000000000000e+000 0.0000000000000000e+000
1
1 1 1 1
1
         t, ms                         dVp, mV                         dVs, mV                         dV, mV
5.0000000000000000e-001 	1.3769920912665240e-001 	-2.6783896190254791e-004 	1.3743137016474993e-001
5.9999999999999998e-001 	1.3787825850263793e-001 	-2.6942772234873132e-004 	1.3760883078028921e-001
6.9999999999999996e-001 	1.3799595432703213e-001 	-2.7088595397436549e-004 	1.3772506837305781e-001
8.0000000000000004e-001 	1.3808863565261742e-001 	-2.7211140489652420e-004 	1.3781652424772098e-001
9.0000000000000002e-001 	1.3816704122719176e-001 	-2.7315471558081141e-004 	1.3789388651161091e-001
1.0000000000000000e+000 	1.3823529517353594e-001 	-2.7405503297667363e-004 	1.3796124014055924e-001
1.1000000000000001e+000 	1.3829558884786375e-001 	-2.7484158984799299e-004 	1.3802074725801575e-001
1.2000000000000000e+000 	1.3834938327942900e-001 	-2.7553613966437409e-004 	1.3807384713976464e-001
1.3000000000000000e+000 	1.3839776290725669e-001 	-2.7615505565997694e-004 	1.3812160785159672e-001
1.3999999999999999e+000 	1.3844157045689043e-001 	-2.7669323377391391e-004 	1.3816487722311654e-001
1.6000000000000001e+000 	1.3989755019814792e-001 	-2.7762422916728261e-004 	1.3961992596898065e-001
1.8000000000000000e+000 	1.3858379153177861e-001 	-2.7843711051771057e-004 	1.3830535442126080e-001
2.0000000000000000e+000 	1.3863967815282677e-001 	-2.7913100234309561e-004 	1.3836054715048374e-001
2.2000000000000002e+000 	1.3868827223122843e-001 	-2.7972894784917483e-004 	1.3840854328337929e-001
2.3999999999999999e+000 	1.3873104144821882e-001 	-2.8025004386609940e-004 	1.3845079140435271e-001
2.6000000000000001e+000 	1.3876907715086373e-001 	-2.8070904939405479e-004 	1.3848836810146975e-001
2.7999999999999998e+000 	1.3880320316914685e-001 	-2.8111713523687346e-004 	1.3852208603390995e-001
3.0000000000000000e+000 	1.3883405316381184e-001 	-2.8148276081987146e-004 	1.3855257040299196e-001
3.2000000000000002e+000 	1.3886212368304224e-001 	-2.8181240275484574e-004 	1.3858031128028744e-001
3.3999999999999999e+000 	1.3888781042260656e-001 	-2.8211109997243748e-004 	1.3860569932263403e-001
3.6000000000000001e+000 	1.3891143335601466e-001 	-2.8237467953494828e-004 	1.3862905867647965e-001
4.0000000000000000e+000 	1.3945843954765444e-001 	-2.8283518509320633e-004 	1.3917560436256129e-001
4.4000000000000004e+000 	1.3899037803170294e-001 	-2.8323803522512197e-004 	1.3870713999647788e-001
4.7999999999999998e+000 	1.3902248247572102e-001 	-2.8358047647540998e-004 	1.3873890199924563e-001
5.2000000000000002e+000 	1.3905098587265866e-001 	-2.8387153914207831e-004 	1.3876711433351652e-001
5.5999999999999996e+000 	1.3907665421688095e-001 	-2.8411944287325467e-004 	1.3879253477400766e-001
6.0000000000000000e+000 	1.3910012894304977e-001 	-2.8433115824936953e-004 	1.3881579778480041e-001
6.4000000000000004e+000 	1.3912195005228756e-001 	-2.8451248927648283e-004 	1.3883743756301098e-001
6.7999999999999998e+000 	1.3914256461398258e-001 	-2.8466826434500451e-004 	1.3885789634963755e-001
7.2000000000000002e+000 	1.3916232791831307e-001 	-2.8480251688459742e-004 	1.3887752540142845e-001
7.5999999999999996e+000 	1.3918150362326137e-001 	-2.8491863180299528e-004 	1.3889658499145838e-001
8.0000000000000000e+000 	1.3920026660612034e-001 	-2.8501526788281295e-004 	1.3891525133823748e-001
8.8000000000000007e+000 	1.3951242522535454e-001 	-2.8517397904778176e-004 	1.3922725124630678e-001
9.5999999999999996e+000 	1.3927175123626542e-001 	-2.8530578264442065e-004 	1.3898644545362099e-001
1.0400000000000000e+001 	1.3930436861619760e-001 	-2.8541180555528682e-004 	1.3901895681064230e-001
1.1199999999999999e+001 	1.3933361134115849e-001 	-2.8549884364956386e-004 	1.3904811249750904e-001
1.2000000000000000e+001 	1.3935827953751204e-001 	-2.8557249692699114e-004 	1.3907270704058505e-001
1.2800000000000001e+001 	1.3937717955790899e-001 	-2.8563703067663939e-004 	1.3909154252723235e-001
1.3600000000000000e+001 	1.3938922167354750e-001 	-2.8569557288859711e-004 	1.3910352610065893e-001
1.4400000000000000e+001 	1.3939346860464527e-001 	-2.8575036928013623e-004 	1.3910771823536511e-001
1.5199999999999999e+001 	1.3938914866910335e-001 	-2.8580300938417101e-004 	1.3910334565971919e-001
1.6000000000000000e+001 	1.3937564733371011e-001 	-2.8585460510052989e-004 	1.3908979272860966e-001
1.6800000000000001e+001 	1.3935248797731609e-001 	-2.8590592495987923e-004 	1.3906658205235620e-001
1.7600000000000001e+001 	1.3931930914760601e-001 	-2.8595749271844513e-004 	1.3903335165488753e-001
1.8399999999999999e+001 	1.3927584259768364e-001 	-2.8601003060313695e-004 	1.3898983256708047e-001
2.0000000000000000e+001 	1.3930770253776190e-001 	-2.8611797051586419e-004 	1.3902158456724606e-001
2.1600000000000001e+001 	1.3899591727027955e-001 	-2.8622934046688427e-004 	1.3870968792981259e-001
2.3199999999999999e+001 	1.3879172014178273e-001 	-2.8634489156949906e-004 	1.3850537525021325e-001
2.4800000000000001e+001 	1.3854474858380231e-001 	-2.8646467268818998e-004 	1.3825828391111411e-001
2.6399999999999999e+001 	1.3825549109376462e-001 	-2.8658853547878176e-004 	1.3796890255828587e-001
2.8000000000000000e+001 	1.3792474410356706e-001 	-2.8671621783441902e-004 	1.3763802788573259e-001
2.9600000000000001e+001 	1.3755357419332864e-001 	-2.8684739218799959e-004 	1.3726672680114069e-001
3.1199999999999999e+001 	1.3714328437144269e-001 	-2.8698169127742610e-004 	1.3685630268016527e-001
3.2800000000000004e+001 	1.3669538091794081e-001 	-2.8711872131130989e-004 	1.3640826219662955e-001
3.4399999999999999e+001 	1.3621153919858175e-001 	-2.8725806927291713e-004 	1.3592428112930885e-001
3.6000000000000000e+001 	1.3569356856395051e-001 	-2.8739930823224748e-004 	1.3540616925571825e-001
3.7600000000000001e+001 	1.3514337736831936e-001 	-2.8754221081470825e-004 	1.3485583515750477e-001
4.0800000000000004e+001 	1.3401661336660944e-001 	-2.8782983338034826e-004 	1.3372878353322903e-001
4.4000000000000000e+001 	1.3266629565612881e-001 	-2.8811696501477695e-004 	1.3237817869111412e-001
4.7199999999999996e+001 	1.3128644287744343e-001 	-2.8840144357342970e-004 	1.3099804143387003e-001
5.0399999999999999e+001 	1.2983192452155023e-001 	-2.8868067689402096e-004 	1.2954324384465618e-001
5.3600000000000001e+001 	1.2831636417848410e-001 	-2.8895233919009765e-004 	1.2802741183929403e-001
5.6800000000000004e+001 	1.2675217096223093e-001 	-2.8921448614305559e-004 	1.2646295647608791e-001
6.0000000000000000e+001 	1.2515043174206239e-001 	-2.8946558808508186e-004 	1.2486096615397739e-001
6.3200000000000003e+001 	1.2352090723049511e-001 	-2.8970451990213984e-004 	1.2323120271059294e-001
6.6400000000000006e+001 	1.2187209240624543e-001 	-2.8993052777215468e-004 	1.2158216187847323e-001
6.9599999999999994e+001 	1.2021131377944656e-001 	-2.9014318467416201e-004 	1.1992117059477239e-001
7.2799999999999997e+001 	1.1854484424355051e-001 	-2.9033727177447944e-004 	1.1825450697177604e-001
7.9200000000000003e+001 	1.1525185570749152e-001 	-2.9068497782505848e-004 	1.1496117072966652e-001
8.5599999999999994e+001 	1.1192633069260412e-001 	-2.9099288269905128e-004 	1.1163533780990507e-001
9.2000000000000000e+001 	1.0868481584650418e-001 	-2.9125638910491077e-004 	1.0839355945739933e-001
9.8400000000000006e+001 	1.0551263737150239e-001 	-2.9147928882853491e-004 	1.0522115808267390e-001
1.0480000000000001e+002 	1.0242140184310831e-001 	-2.9166611967860876e-004 	1.0212973572342972e-001
1.1119999999999999e+002 	9.9418700739927507e-002 	-2.9182128884705163e-004 	9.9126879451080480e-002
1.1759999999999999e+002 	9.6509090234607145e-002 	-2.9194857002794221e-004 	9.6217141664579189e-002
1.2400000000000000e+002 	9.3694880993623622e-002 	-2.9205081847995853e-004 	9.3402830175143642e-002
1.3039999999999998e+002 	9.0976741668960609e-002 	-2.9212983837068426e-004 	9.0684611830589942e-002
1.3680000000000001e+002 	8.8354149947198937e-002 	-2.9218635876532111e-004 	8.8061963588433601e-002
1.4319999999999999e+002 	8.5825727205991312e-002 	-2.9220976066106921e-004 	8.5533517445330276e-002
1.5600000000000000e+002 	8.1092225655219882e-002 	-2.9217386164249001e-004 	8.0800051793577438e-002
1.6880000000000001e+002 	7.6599555425315838e-002 	-2.9203576480788082e-004 	7.6307519660507972e-002
1.8160000000000002e+002 	7.2483849905262715e-002 	-2.9175804435113147e-004 	7.2192091860911578e-002
1.9439999999999998e+002 	6.8669154033014324e-002 	-2.9131546533822780e-004 	6.8377838567676083e-002
2.0719999999999999e+002 	6.5132219354350276e-002 	-2.9068504673164758e-004 	6.4841534307618673e-002
2.2000000000000000e+002 	6.1850617973351757e-002 	-2.8984773068814354e-004 	6.1560770242663612e-002
2.3280000000000001e+002 	5.8803199214488844e-002 	-2.8878965284703123e-004 	5.8514409561641806e-002
2.4560000000000002e+002 	5.5970309549495001e-002 	-2.8750276306706556e-004 	5.5682806786427938e-002
2.5840000000000003e+002 	5.3333861850904093e-002 	-2.8598483654372750e-004 	5.3047877014360367e-002
2.7119999999999999e+002 	5.0877313896034948e-002 	-2.8423901548081714e-004 	5.0593074880554138e-002
2.8400000000000000e+002 	4.8585595741154931e-002 	-2.8227304908177151e-004 	4.8303322692073179e-002
2.9680000000000001e+002 	4.6445011110515314e-002 	-2.8009838840847460e-004 	4.6164912722106828e-002
3.0959999999999997e+002 	4.4443128215189920e-002 	-2.7766747573821981e-004 	4.4165460739451719e-002
3.3519999999999999e+002 	4.0853070909402080e-002 	-2.7230638949854522e-004 	4.0580764519903535e-002
3.6080000000000001e+002 	3.7587271489549448e-002 	-2.6652273409663970e-004 	3.7320748755452798e-002
3.8640000000000003e+002 	3.4746586483205541e-002 	-2.6032452601653673e-004 	3.4486261957189006e-002
4.1200000000000000e+002 	3.2223786630278750e-002 	-2.5381907293950894e-004 	3.1969967557339246e-002
4.3759999999999997e+002 	2.9973920481111083e-002 	-2.4711046955253654e-004 	2.9726810011558545e-002
4.6319999999999999e+002 	2.7959269213973830e-002 	-2.4029069524106374e-004 	2.7718978518732777e-002
4.8880000000000001e+002 	2.6148196935753491e-002 	-2.3343730854183376e-004 	2.5914759627211657e-002
5.1439999999999998e+002 	2.4514099725045205e-002 	-2.2661359678190909e-004 	2.4287486128263296e-002
5.4000000000000000e+002 	2.3034517377017564e-002 	-2.1986960387470949e-004 	2.2814647773142849e-002
5.6560000000000002e+002 	2.1690404424681758e-002 	-2.1324359692242249e-004 	2.1477160827759339e-002
5.9119999999999993e+002 	2.0465538087081177e-002 	-2.0676378768990842e-004 	2.0258774299391276e-002
6.1680000000000007e+002 	1.9346038448570465e-002 	-2.0052261486513192e-004 	1.9145515833705329e-002
6.6800000000000000e+002 	1.7400875817396043e-002 	-1.8861278841921636e-004 	1.7212263028976830e-002
7.1919999999999993e+002 	1.5683557097532736e-002 	-1.7731996827795315e-004 	1.5506237129254785e-002
7.7039999999999998e+002 	1.4245775867942586e-002 	-1.6675588845959868e-004 	1.4079019979482986e-002
8.2160000000000002e+002 	1.3006486784245645e-002 	-1.5690817710831327e-004 	1.2849578607137330e-002
8.7280000000000007e+002 	1.1929896440180724e-002 	-1.4774233820100496e-004 	1.1782154101979714e-002
9.2400000000000000e+002 	1.0987802691727982e-002 	-1.3921358229866589e-004 	1.0848589109429313e-002
9.7519999999999993e+002 	1.0157889486133274e-002 	-1.3127336288663283e-004 	1.0026616123246642e-002
1.0264000000000001e+003 	9.4223574212591067e-003 	-1.2387303234250393e-004 	9.2984843889166030e-003
1.0775999999999999e+003 	8.7668783517862846e-003 	-1.1696594542949653e-004 	8.6499124063567894e-003
1.1288000000000000e+003 	8.1798105272398898e-003 	-1.1050864499620221e-004 	8.0693018822436853e-003
1.1800000000000000e+003 	7.6516101549753846e-003 	-1.0459298909665652e-004 	7.5470171658787270e-003
1.2824000000000001e+003 	6.7518608918598752e-003 	-9.3833356788738522e-005 	6.6580275350711354e-003
1.3848000000000000e+003 	5.9743727350051430e-003 	-8.4044305976375459e-005 	5.8903284290287659e-003
1.4872000000000000e+003 	5.3391147352927631e-003 	-7.5302957978228840e-005 	5.2638117773145350e-003
1.5895999999999999e+003 	4.8023209213487669e-003 	-6.7489037916731892e-005 	4.7348318834320325e-003
1.6920000000000000e+003 	4.3442513429287899e-003 	-6.0486653098981895e-005 	4.2837646898298094e-003
1.7944000000000001e+003 	3.9499141980461755e-003 	-5.4196371200068439e-005 	3.8957178268461076e-003
1.8968000000000000e+003 	3.6078161955337938e-003 	-4.8536147734953364e-005 	3.5592800477988410e-003
1.9992000000000000e+003 	3.3090268518431664e-003 	-4.3438028851900795e-005 	3.2655888229912644e-003
2.1015999999999999e+003 	3.0465066534691057e-003 	-3.8844515939689100e-005 	3.0076621375294157e-003
2.2040000000000000e+003 	2.8146298675617220e-003 	-3.4705876433085178e-005 	2.7799239911286363e-003
2.3064000000000001e+003 	2.6088440739642487e-003 	-3.1105745393965350e-005 	2.5777383285702847e-003
2.5112000000000003e+003 	2.2647636189793456e-003 	-2.4958278134065970e-005 	2.2398053408452796e-003
2.7160000000000000e+003 	1.9747703583886610e-003 	-1.9748546867047683e-005 	1.9550218115216133e-003
2.9207999999999997e+003 	1.7443359469405018e-003 	-1.5522229762884210e-005 	1.7288137171776173e-003
3.1255999999999999e+003 	1.5546060689537980e-003 	-1.2122410256312856e-005 	1.5424836586974851e-003
3.3304000000000001e+003 	1.3966460683099999e-003 	-9.4000028759062966e-006 	1.3872460654340943e-003
3.5352000000000003e+003 	1.2637556791039038e-003 	-7.2281688406492577e-006 	1.2565275102632541e-003
3.7400000000000000e+003 	1.1508735502665530e-003 	-5.5018676718344341e-006 	1.1453716825947189e-003
3.9447999999999997e+003 	1.0541338683889888e-003 	-4.1344565507245165e-006 	1.0499994118382640e-003
4.1496000000000004e+003 	9.7054859961548108e-004 	-3.0548252048438692e-006 	9.6749377441063700e-004
4.3543999999999996e+003 	8.9778161729105340e-004 	-2.2050680881550296e-006 	8.9557654920289847e-004
4.5591999999999998e+003 	8.3398719918556942e-004 	-1.5383873724418521e-006 	8.3244881181312731e-004
4.7640000000000000e+003 	7.7769315324562158e-004 	-1.0171804646799394e-006 	7.7667597278094152e-004
4.9688000000000002e+003 	7.2771505311272047e-004 	-6.3716771116840634e-007 	7.2707788540155212e-004
5.3783999999999996e+003 	6.4395106946160316e-004 	-1.1160377006831682e-007 	6.4383946569153492e-004
5.7880000000000000e+003 	5.7262955676054984e-004 	2.4170318454589644e-007 	5.7287125994509558e-004
6.1976000000000004e+003 	5.1531269782639192e-004 	4.4361469153392204e-007 	5.1575631251792606e-004
6.6071999999999998e+003 	4.6734150444275170e-004 	5.4854176543202144e-007 	4.6789004620818370e-004
7.0168000000000002e+003 	4.2661815627019245e-004 	5.9395697282902220e-007 	4.2721211324302146e-004
7.4264000000000005e+003 	3.9161096098093358e-004 	6.0357358994864010e-007 	3.9221453457088208e-004
7.8360000000000000e+003 	3.6119038737259960e-004 	5.9239000664761523e-007 	3.6178277737924707e-004
8.2456000000000004e+003 	3.3451019986144732e-004 	5.6986911519646953e-007 	3.3508006897664370e-004
8.6552000000000007e+003 	3.1092491786460536e-004 	5.4183355697627504e-007 	3.1146675142158163e-004
9.0647999999999993e+003 	2.8993326012975831e-004 	5.1173612437175977e-007 	2.9044499625413003e-004
9.4743999999999996e+003 	2.7113930313606355e-004 	4.8370711484036362e-007 	2.7162301025090394e-004
1.0293600000000000e+004 	2.3945078981250584e-004 	4.3083814663093024e-007 	2.3988162795913679e-004
1.1112799999999999e+004 	2.1188593256378385e-004 	3.7833980303548328e-007 	2.1226427236681927e-004
1.1932000000000000e+004 	1.8960131586291871e-004 	3.3197507698641234e-007 	1.8993329093990516e-004
1.2751200000000001e+004 	1.7082042441621370e-004 	2.9311384722096208e-007 	1.7111353826343464e-004
1.3570400000000000e+004 	1.5481912162007851e-004 	2.6032275973636745e-007 	1.5507944437981493e-004
1.4389600000000000e+004 	1.4105411146491341e-004 	2.3215478440718220e-007 	1.4128626624932062e-004
1.5208799999999999e+004 	1.2911263174671114e-004 	2.0775279541625117e-007 	1.2932038454212740e-004
1.6027999999999998e+004 	1.1867614755764225e-004 	1.8658219918217511e-007 	1.1886272975682446e-004
1.6847200000000001e+004 	1.0949498668115980e-004 	1.6822954192732044e-007 	1.0966321622308709e-004
1.7666399999999998e+004 	1.0137065992644095e-004 	1.5233840085375695e-007 	1.0152299832729467e-004
1.8485600000000002e+004 	9.4143387865103082e-005 	1.3999607768593405e-007 	9.4283383942788998e-005
2.0124000000000000e+004 	8.2102395621863809e-005 	1.1973089694164652e-007 	8.2222126518805469e-005
2.1762399999999998e+004 	7.1708703184933782e-005 	1.0154886038752586e-007 	7.1810252045321306e-005
2.3400799999999999e+004 	6.3453497982478662e-005 	8.8215204158982722e-008 	6.3541713186637643e-005
2.5039200000000001e+004 	5.6592083172110234e-005 	7.8813445209530162e-008 	5.6670896617319776e-005
2.6677600000000002e+004 	5.0822740727682888e-005 	7.1974576663484764e-008 	5.0894715304346358e-005
2.8316000000000000e+004 	4.5920608784448756e-005 	6.6148504685799597e-008 	4.5986757289134562e-005
-2350 0
-2.3500000000000000e+003 0.0000000000000000e+000 0.0000000000000000e+000
1
1 1 1 1
1
         t, ms                         dVp, mV                         dVs, mV                         dV, mV
5.0000000000000000e-001 	1.1037266996818915e-001 	-2.9323742600610226e-004 	1.1007943254218308e-001
5.9999999999999998e-001 	1.1051154623524258e-001 	-2.9292672669927134e-004 	1.1021861950854335e-001
6.9999999999999996e-001 	1.1060283511033457e-001 	-2.9264055570652679e-004 	1.1031019455462800e-001
8.0000000000000004e-001 	1.1067472187517781e-001 	-2.9239821310326320e-004 	1.1038232366207455e-001
9.0000000000000002e-001 	1.1073553579455669e-001 	-2.9219037422939525e-004 	1.1044334542032726e-001
1.0000000000000000e+000 	1.1078847569303714e-001 	-2.9200988515912452e-004 	1.1049646580787803e-001
1.1000000000000001e+000 	1.1083524128373469e-001 	-2.9185142166716964e-004 	1.1054338986206753e-001
1.2000000000000000e+000 	1.1087696580882894e-001 	-2.9171101471790279e-004 	1.1058525479411102e-001
1.3000000000000000e+000 	1.1091449040949680e-001 	-2.9158565563294807e-004 	1.1062290475386390e-001
1.3999999999999999e+000 	1.1094846873940711e-001 	-2.9147663992935103e-004 	1.1065699209947770e-001
1.6000000000000001e+000 	1.1207774191600255e-001 	-2.9128841020110817e-004 	1.1178645350580145e-001
1.8000000000000000e+000 	1.1105877904254498e-001 	-2.9112466528002906e-004 	1.1076765437726495e-001
2.0000000000000000e+000 	1.1110212601825853e-001 	-2.9098564217360808e-004 	1.1081114037608487e-001
2.2000000000000002e+000 	1.1113981666751571e-001 	-2.9086653378297694e-004 	1.1084895013373273e-001
2.3999999999999999e+000 	1.1117298937621398e-001 	-2.9076322890086011e-004 	1.1088222614731312e-001
2.6000000000000001e+000 	1.1120249063095260e-001 	-2.9067245034853820e-004 	1.1091181818060408e-001
2.7999999999999998e+000 	1.1122895942174195e-001 	-2.9059164571170539e-004 	1.1093836777603019e-001
3.0000000000000000e+000 	1.1125288723594440e-001 	-2.9051883613002928e-004 	1.1096236839981434e-001
3.2000000000000002e+000 	1.1127465921242756e-001 	-2.9045248265163347e-004 	1.1098420672977594e-001
3.3999999999999999e+000 	1.1129458226502256e-001 	-2.9039138130049750e-004 	1.1100419088372206e-001
3.6000000000000001e+000 	1.1131290457559886e-001 	-2.9033573124526033e-004 	1.1102256884435363e-001
4.0000000000000000e+000 	1.1173716804411951e-001 	-2.9023393941248214e-004 	1.1144693410470705e-001
4.4000000000000004e+000 	1.1137413514131411e-001 	-2.9013954904059529e-004 	1.1108399559227357e-001
4.7999999999999998e+000 	1.1139903566469082e-001 	-2.9005241919588352e-004 	1.1110898324549497e-001
5.2000000000000002e+000 	1.1142114291461107e-001 	-2.8997095557911661e-004 	1.1113117195903198e-001
5.5999999999999996e+000 	1.1144105059383107e-001 	-2.8989394864056356e-004 	1.1115115664519047e-001
6.0000000000000000e+000 	1.1145925538200842e-001 	-2.8982056645703843e-004 	1.1116943481555136e-001
6.4000000000000004e+000 	1.1147617468715942e-001 	-2.8975027170021042e-004 	1.1118642441545923e-001
6.7999999999999998e+000 	1.1149215305380576e-001 	-2.8968273627765645e-004 	1.1120247031752814e-001
7.2000000000000002e+000 	1.1150746288971987e-001 	-2.8961777288404880e-004 	1.1121784511683580e-001
7.5999999999999996e+000 	1.1152230445443165e-001 	-2.8955528482438162e-004 	1.1123274916960726e-001
8.0000000000000000e+000 	1.1153680799590411e-001 	-2.8949617535669648e-004 	1.1124731182054734e-001
8.8000000000000007e+000 	1.1177871814781802e-001 	-2.8938550963532246e-004 	1.1148933263818270e-001
9.5999999999999996e+000 	1.1159169724075174e-001 	-2.8928276061469842e-004 	1.1130241448013700e-001
1.0400000000000000e+001 	1.1161638152126090e-001 	-2.8918944067181547e-004 	1.1132719208058904e-001
1.1199999999999999e+001 	1.1163810940863106e-001 	-2.8910556402851422e-004 	1.1134900384460254e-001
1.2000000000000000e+001 	1.1165585416211896e-001 	-2.8903091752471784e-004 	1.1136682324459421e-001
1.2800000000000001e+001 	1.1166858932839011e-001 	-2.8896513658253334e-004 	1.1137962419180758e-001
1.3600000000000000e+001 	1.1167536662118882e-001 	-2.8890774974466569e-004 	1.1138645887144417e-001
1.4400000000000000e+001 	1.1167535497902048e-001 	-2.8885821452589392e-004 	1.1138649676449457e-001
1.5199999999999999e+001 	1.1166785166906060e-001 	-2.8881594871812299e-004 	1.1137903572034244e-001
1.6000000000000000e+001 	1.1165227634815510e-001 	-2.8878035684726092e-004 	1.1136349599130786e-001
1.6800000000000001e+001 	1.1162815665837249e-001 	-2.8875085117337120e-004 	1.1133940580719913e-001
1.7600000000000001e+001 	1.1159511113968321e-001 	-2.8872686719969671e-004 	1.1130638427248350e-001
1.8399999999999999e+001 	1.1155283285070983e-001 	-2.8870943987287397e-004 	1.1126412341083697e-001
2.0000000000000000e+001 	1.1155576924605128e-001 	-2.8868730862317306e-004 	1.1126708193742813e-001
2.1600000000000001e+001 	1.1128683229315177e-001 	-2.8867630278679702e-004 	1.1099815599036499e-001
2.3199999999999999e+001 	1.1109425535525523e-001 	-2.8867692862552373e-004 	1.1080557842662965e-001
2.4800000000000001e+001 	1.1086131208152457e-001 	-2.8868739783744255e-004 	1.1057262468368713e-001
2.6399999999999999e+001 	1.1058800344869761e-001 	-2.8870606738678431e-004 	1.1029929738131082e-001
2.8000000000000000e+001 	1.1027469537396845e-001 	-2.8873154819419357e-004 	1.0998596382577421e-001
2.9600000000000001e+001 	1.0992209079300562e-001 	-2.8876269211944311e-004 	1.0963332810088620e-001
3.1199999999999999e+001 	1.0953119800344246e-001 	-2.8879854608875570e-004 	1.0924239945735369e-001
3.2800000000000004e+001 	1.0910329466061622e-001 	-2.8883830492566623e-004 	1.0881445635569052e-001
3.4399999999999999e+001 	1.0863988794102648e-001 	-2.8888127277397160e-004 	1.0835100666825254e-001
3.6000000000000000e+001 	1.0814267242484056e-001 	-2.8892683480056706e-004 	1.0785374559004003e-001
3.7600000000000001e+001 	1.0761348765763727e-001 	-2.8897484439225702e-004 	1.0732451281324494e-001
4.0800000000000004e+001 	1.0651538055543955e-001 	-2.8907430908981007e-004 	1.0622630624634978e-001
4.4000000000000000e+001 	1.0522293939996313e-001 	-2.8917505804044237e-004 	1.0493376434192270e-001
4.7199999999999996e+001 	1.0388841774442355e-001 	-2.8927552191953756e-004 	1.0359914222250396e-001
5.0399999999999999e+001 	1.0248128716039667e-001 	-2.8937354419559050e-004 	1.0219191361620107e-001
5.3600000000000001e+001 	1.0101579913965693e-001 	-2.8946729883609423e-004 	1.0072633184082085e-001
5.6800000000000004e+001 	9.9505001150501204e-002 	-2.8955536420388411e-004 	9.9215445786297304e-002
6.0000000000000000e+001 	9.7960578831307557e-002 	-2.8963671688155929e-004 	9.7670942114425965e-002
6.3200000000000003e+001 	9.6392819325364851e-002 	-2.8971069220282299e-004 	9.6103108633161988e-002
6.6400000000000006e+001 	9.4810653303756390e-002 	-2.8977693211419193e-004 	9.4520876371642262e-002
6.9599999999999994e+001 	9.3221744750659460e-002 	-2.8983533055793823e-004 	9.2931909420101502e-002
7.2799999999999997e+001 	9.1632606104809222e-002 	-2.8988323940743702e-004 	9.1342722865401821e-002
7.9200000000000003e+001 	8.8505429570243099e-002 	-2.8995709792103096e-004 	8.8215472472322032e-002
8.5599999999999994e+001 	8.5379469734404217e-002 	-2.9001056604413414e-004 	8.5089459168360082e-002
9.2000000000000000e+001 	8.2353343138295412e-002 	-2.9004242120744724e-004 	8.2063300717087950e-002
9.8400000000000006e+001 	7.9416763921893035e-002 	-2.9005598889298893e-004 	7.9126707933000029e-002
1.0480000000000001e+002 	7.6579583434207316e-002 	-2.9005475537810483e-004 	7.6289528678829224e-002
1.1119999999999999e+002 	7.3847401115503669e-002 	-2.9004178756314398e-004 	7.3557359327940539e-002
1.1759999999999999e+002 	7.1222689186106275e-002 	-2.9001938170197919e-004 	7.0932669804404297e-002
1.2400000000000000e+002 	6.8705688517755936e-002 	-2.8998884760186611e-004 	6.8415699670154054e-002
1.3039999999999998e+002 	6.6295083214962164e-002 	-2.8995039432619033e-004 	6.6005132820635956e-002
1.3680000000000001e+002 	6.3988494862795356e-002 	-2.8990309866580978e-004 	6.3698591764129550e-002
1.4319999999999999e+002 	6.1782839806482158e-002 	-2.8983773315951241e-004 	6.1493002073322631e-002
1.5600000000000000e+002 	5.7700330591786059e-002 	-2.8964973499883383e-004 	5.7410680856787223e-002
1.6880000000000001e+002 	5.3883634154818498e-002 	-2.8937510202622945e-004 	5.3594259052792262e-002
1.8160000000000002e+002 	5.0439581027142709e-002 	-2.8896921221073242e-004 	5.0150611814931967e-002
1.9439999999999998e+002 	4.7293026844974231e-002 	-2.8839396171262264e-004 	4.7004632883261573e-002
2.0719999999999999e+002 	4.4415771394685624e-002 	-2.8761429728715095e-004 	4.4128157097398479e-002
2.2000000000000000e+002 	4.1781646065935381e-002 	-2.8660098104002816e-004 	4.1495045084895370e-002
2.3280000000000001e+002 	3.9366750158909475e-002 	-2.8533238053510951e-004 	3.9081417778374365e-002
2.4560000000000002e+002 	3.7149470724845909e-002 	-2.8379522526307668e-004 	3.6865675499582820e-002
2.5840000000000003e+002 	3.5110384121201821e-002 	-2.8198448674614918e-004 	3.4828399634455671e-002
2.7119999999999999e+002 	3.3232098856612706e-002 	-2.7990262026380804e-004 	3.2952196236348909e-002
2.8400000000000000e+002 	3.1499074966714335e-002 	-2.7755841950622020e-004 	3.1221516547208117e-002
2.9680000000000001e+002 	2.9897439965791559e-002 	-2.7496570556021730e-004 	2.9622474260231343e-002
3.0959999999999997e+002 	2.8414812165685869e-002 	-2.7206941848079906e-004 	2.8142742747205067e-002
3.3519999999999999e+002 	2.5794564911092818e-002 	-2.6568974860937707e-004 	2.5528875162483432e-002
3.6080000000000001e+002 	2.3446904653752466e-002 	-2.5881975629812106e-004 	2.3188084897454352e-002
3.8640000000000003e+002 	2.1443115768438450e-002 	-2.5147577051275497e-004 	2.1191639997925699e-002
4.1200000000000000e+002 	1.9691838784616576e-002 	-2.4379108282686609e-004 	1.9448047701789713e-002
4.3759999999999997e+002 	1.8153012806261349e-002 	-2.3589441212098155e-004 	1.7917118394140362e-002
4.6319999999999999e+002 	1.6793801730456713e-002 	-2.2789898479419710e-004 	1.6565902745662529e-002
4.8880000000000001e+002 	1.5587283771228994e-002 	-2.1989952916338202e-004 	1.5367384242065608e-002
5.1439999999999998e+002 	1.4511304611553557e-002 	-2.1197251030628342e-004 	1.4299332101247276e-002
5.4000000000000000e+002 	1.3547539398757330e-002 	-2.0417767134250992e-004 	1.3343361727414819e-002
5.6560000000000002e+002 	1.2680744974623463e-002 	-1.9656012868007167e-004 	1.2484184845943392e-002
5.9119999999999993e+002 	1.1898168790940661e-002 	-1.8915265910901251e-004 	1.1709016131831645e-002
6.1680000000000007e+002 	1.1189081993685016e-002 	-1.8207665934052254e-004 	1.1007005334344492e-002
6.6800000000000000e+002 	9.9713515860091542e-003 	-1.6870590216739849e-004 	9.8026456838417545e-003
7.1919999999999993e+002 	8.9086488633243546e-003 	-1.5616489494600530e-004 	8.7524839683783481e-003
7.7039999999999998e+002 	8.0318505317004737e-003 	-1.4459664016992636e-004 	7.8872538915305476e-003
8.2160000000000002e+002 	7.2848332855574866e-003 	-1.3397644671320585e-004 	7.1508568388442819e-003
8.7280000000000007e+002 	6.6425447908975161e-003 	-1.2425133615737361e-004 	6.5182934547401436e-003
9.2400000000000000e+002 	6.0856213017164889e-003 	-1.1535538834757739e-004 	5.9702659133689107e-003
9.7519999999999993e+002 	5.5990107751087382e-003 	-1.0721838836444964e-004 	5.4917923867442873e-003
1.0264000000000001e+003 	5.1708995041056674e-003 	-9.9770767994301633e-005 	5.0711287361113657e-003
1.0775999999999999e+003 	4.7919136830782598e-003 	-9.2946363753976783e-005 	4.6989673193242815e-003
1.1288000000000000e+003 	4.4545340384426696e-003 	-8.6683849751226249e-005 	4.3678501886914439e-003
1.1800000000000000e+003 	4.1526664351000135e-003 	-8.1085575510877846e-005 	4.0715808595891342e-003
1.2824000000000001e+003 	3.6420669124708708e-003 	-7.1178175289025552e-005 	3.5708887371818450e-003
1.3848000000000000e+003 	3.2042519222335235e-003 	-6.2404869364144104e-005 	3.1418470528693804e-003
1.4872000000000000e+003 	2.8496875401358788e-003 	-5.4826393524198918e-005 	2.7948611466116807e-003
1.5895999999999999e+003 	2.5522188171152775e-003 	-4.8269593730019706e-005 	2.5039492233852583e-003
1.6920000000000000e+003 	2.2999698043404933e-003 	-4.2573806960606864e-005 	2.2573959973798863e-003
1.7944000000000001e+003 	2.0840212706844529e-003 	-3.7603722130892375e-005 	2.0464175485535607e-003
1.8968000000000000e+003 	1.8976054314446419e-003 	-3.3249303139634162e-005 	1.8643561283050085e-003
1.9992000000000000e+003 	1.7355120917941121e-003 	-2.9421482517866671e-005 	1.7060906092762462e-003
2.1015999999999999e+003 	1.5936679977776905e-003 	-2.6047530047130231e-005 	1.5676204677305605e-003
2.2040000000000000e+003 	1.4688417362915842e-003 	-2.3067327826643213e-005 	1.4457744084649404e-003
2.3064000000000001e+003 	1.3584355259741445e-003 	-2.0531432534555411e-005 	1.3379040934395890e-003
2.5112000000000003e+003 	1.1745959449069828e-003 	-1.6293908902788188e-005 	1.1583020360041939e-003
2.7160000000000000e+003 	1.0204332485426783e-003 	-1.2765502050302946e-005 	1.0076677464923754e-003
2.9207999999999997e+003 	8.9859139318143729e-004 	-9.9617656438339404e-006 	8.8862962753760342e-004
3.1255999999999999e+003 	7.9872275036205111e-004 	-7.7473488831872874e-006 	7.9097540147886390e-004
3.3304000000000001e+003 	7.1590659899112654e-004 	-6.0017212084359623e-006 	7.0990487778269020e-004
3.5352000000000003e+003 	6.4647800019180070e-004 	-4.6269896971186483e-006 	6.4185101049468187e-004
3.7400000000000000e+003 	5.8768596091460928e-004 	-3.5454691858789082e-006 	5.8414049172873035e-004
3.9447999999999997e+003 	5.3744122293920751e-004 	-2.6955745564742284e-006 	5.3474564838273324e-004
4.1496000000000004e+003 	4.9413702980328350e-004 	-2.0284663435566253e-006 	4.9210856345972690e-004
4.3543999999999996e+003 	4.5652273577675436e-004 	-1.5054792213608832e-006 	4.5501725655539352e-004
4.5591999999999998e+003 	4.2361410190967319e-004 	-1.0960675552996789e-006 	4.2251803435437360e-004
4.7640000000000000e+003 	3.9462881569793910e-004 	-7.7613508846393676e-007 	3.9385268060947517e-004
4.9688000000000002e+003 	3.6893945735716173e-004 	-5.4251395020482537e-007 	3.6839694340695689e-004
5.3783999999999996e+003 	3.2597710881175819e-004 	-2.1750456518783538e-007 	3.2575960424657049e-004
5.7880000000000000e+003 	2.8947731952916821e-004 	4.1350691975224477e-009 	2.8948145459836575e-004
6.1976000000000004e+003 	2.6022336994346233e-004 	1.3473451606942529e-007 	2.6035810445953182e-004
6.6071999999999998e+003 	2.3578927601893482e-004 	2.0673563833285861e-007 	2.3599601165726774e-004
7.0168000000000002e+003 	2.1508245349694921e-004 	2.4253682322524132e-007 	2.1532499032017447e-004
7.4264000000000005e+003 	1.9730781815070251e-004 	2.5636158103475161e-007 	1.9756417973173721e-004
7.8360000000000000e+003 	1.8188085205739194e-004 	2.5719394731188014e-007 	1.8213804600470380e-004
8.2456000000000004e+003 	1.6836485030767906e-004 	2.5068632062460884e-007 	1.6861553662830372e-004
8.6552000000000007e+003 	1.5642751599571059e-004 	2.4031974398222924e-007 	1.5666783573969287e-004
9.0647999999999993e+003 	1.4581132907085680e-004 	2.2817495290655475e-007 	1.4603950402376333e-004
9.4743999999999996e+003 	1.3631326483894081e-004 	2.1643964392651696e-007 	1.3652970448286729e-004
1.0293600000000000e+004 	1.2031379264157159e-004 	1.9359249794053110e-007 	1.2050738513951212e-004
1.1112799999999999e+004 	1.0640579000843285e-004 	1.7023567381144530e-007 	1.0657602568224427e-004
1.1932000000000000e+004 	9.5174673822840658e-005 	1.4933525370018496e-007 	9.5324009076540840e-005
1.2751200000000001e+004 	8.5716695981323900e-005 	1.3175905676355502e-007 	8.5848455038087419e-005
1.3570400000000000e+004 	7.7663749362250588e-005 	1.1690126509783886e-007 	7.7780650627348402e-005
1.4389600000000000e+004 	7.0740077901137503e-005 	1.0411115281012757e-007 	7.0844189053947615e-005
1.5208799999999999e+004 	6.4736465426724747e-005 	9.3012516674724018e-008 	6.4829477943399496e-005
1.6027999999999998e+004 	5.9491647308693697e-005 	8.3376750601551099e-008 	5.9575024059295264e-005
1.6847200000000001e+004 	5.4879349512353840e-005 	7.5026004202112862e-008 	5.4954375516555943e-005
1.7666399999999998e+004 	5.0799270835613687e-005 	6.7803972807939777e-008 	5.0867074808421630e-005
1.8485600000000002e+004 	4.7170731080243291e-005 	6.2249093727665633e-008 	4.7232980173970964e-005
2.0124000000000000e+004 	4.1127779517571241e-005 	5.3150836531412064e-008 	4.1180930354102658e-005
2.1762399999999998e+004 	3.5912919054211645e-005 	4.4932651624394249e-008 	3.5957851705836054e-005
2.3400799999999999e+004 	3.1772972738470312e-005 	3.8986071346082973e-008 	3.1811958809816384e-005
2.5039200000000001e+004 	2.8333098853264199e-005 	3.4883509240100590e-008 	2.8367982362504305e-005
2.6677600000000002e+004 	2.5441489336234435e-005 	3.1963922206964119e-008 	2.5473453258441405e-005
2.8316000000000000e+004 	2.2985076773184931e-005 	2.9506858589597379e-008 	2.3014583631774528e-005
-1750 0
-1.7500000000000000e+003 0.0000000000000000e+000 0.0000000000000000e+000
1
1 1 1 1
1
         t, ms                         dVp, mV                         dVs, mV                         dV, mV
5.0000000000000000e-001 	2.9778777829741671e-002 	1.8643194012982642e-005 	2.9797421023754649e-002
5.9999999999999998e-001 	2.9822024013099521e-002 	1.6793971185888034e-005 	2.9838817984285414e-002
6.9999999999999996e-001 	2.9850451038476552e-002 	1.5095719933067287e-005 	2.9865546758409623e-002
8.0000000000000004e-001 	2.9872836331898547e-002 	1.3666788108595702e-005 	2.9886503120007148e-002
9.0000000000000002e-001 	2.9891773685178865e-002 	1.2448787608091092e-005 	2.9904222472786963e-002
1.0000000000000000e+000 	2.9908259183563074e-002 	1.1396634455074324e-005 	2.9919655818018139e-002
1.1000000000000001e+000 	2.9922822084675199e-002 	1.0476679659091513e-005 	2.9933298764334284e-002
1.2000000000000000e+000 	2.9935815254334863e-002 	9.6638767022060191e-006 	2.9945479131037078e-002
1.3000000000000000e+000 	2.9947500604848406e-002 	8.9393533525578547e-006 	2.9956439958200954e-002
1.3999999999999999e+000 	2.9958081673287288e-002 	8.3093354580560591e-006 	2.9966391008745336e-002
1.6000000000000001e+000 	3.0309774361488958e-002 	7.2198089976030284e-006 	3.0316994170486555e-002
1.8000000000000000e+000 	2.9992433283049104e-002 	6.2690891549643606e-006 	2.9998702372204072e-002
2.0000000000000000e+000 	3.0005932052139320e-002 	5.4582579267669764e-006 	3.0011390310066079e-002
2.2000000000000002e+000 	3.0017669441384051e-002 	4.7602060100471697e-006 	3.0022429647394103e-002
2.3999999999999999e+000 	3.0027999937138405e-002 	4.1523447517126464e-006 	3.0032152281890129e-002
2.6000000000000001e+000 	3.0037187131382679e-002 	3.6171208038058814e-006 	3.0040804252186495e-002
2.7999999999999998e+000 	3.0045430003935936e-002 	3.1411793735355863e-006 	3.0048571183309458e-002
3.0000000000000000e+000 	3.0052881603940113e-002 	2.7143630738616714e-006 	3.0055595967013963e-002
3.2000000000000002e+000 	3.0059661863119300e-002 	2.3288723811227718e-006 	3.0061990735500411e-002
3.3999999999999999e+000 	3.0065866354826637e-002 	1.9786327380153461e-006 	3.0067844987564651e-002
3.6000000000000001e+000 	3.0071572362510124e-002 	1.6679096175222718e-006 	3.0073240272127631e-002
4.0000000000000000e+000 	3.0203702218820273e-002 	1.1206621050274115e-006 	3.0204822880925290e-002
4.4000000000000004e+000 	3.0090641191460644e-002 	6.3680714888982894e-007 	3.0091277998609538e-002
4.7999999999999998e+000 	3.0098396018530454e-002 	2.1889808464152112e-007 	3.0098614916615089e-002
5.2000000000000002e+000 	3.0105281246514334e-002 	-1.4341109899191878e-007 	3.0105137835415342e-002
5.5999999999999996e+000 	3.0111482264924133e-002 	-4.5930586470569203e-007 	3.0111022959059434e-002
6.0000000000000000e+000 	3.0117154741492118e-002 	-7.3638988630631189e-007 	3.0116418351605813e-002
6.4000000000000004e+000 	3.0122430372074398e-002 	-9.8084523217268520e-007 	3.0121449526842217e-002
6.7999999999999998e+000 	3.0127419098037275e-002 	-1.1977006922937213e-006 	3.0126221397344992e-002
7.2000000000000002e+000 	3.0132209531307522e-002 	-1.3910738299196384e-006 	3.0130818457477594e-002
7.5999999999999996e+000 	3.0136869098691826e-002 	-1.5643621008505976e-006 	3.0135304736590977e-002
8.0000000000000000e+000 	3.0141444793757251e-002 	-1.7153885859640892e-006 	3.0139729405171286e-002
8.8000000000000007e+000 	3.0217026328954660e-002 	-1.9764459994228168e-006 	3.0215049882955237e-002
9.5999999999999996e+000 	3.0159201039687177e-002 	-2.2036309686031333e-006 	3.0156997408718560e-002
1.0400000000000000e+001 	3.0167619312134950e-002 	-2.3965915886869870e-006 	3.0165222720546281e-002
1.1199999999999999e+001 	3.0175517733733621e-002 	-2.5619495124049402e-006 	3.0172955784221214e-002
1.2000000000000000e+001 	3.0182687982847546e-002 	-2.7053773912329372e-006 	3.0179982605456318e-002
1.2800000000000001e+001 	3.0188925811829383e-002 	-2.8313903364409507e-006 	3.0186094421492945e-002
1.3600000000000000e+001 	3.0194052699062099e-002 	-2.9434958320778110e-006 	3.0191109203230017e-002
1.4400000000000000e+001 	3.0197926391363369e-002 	-3.0444082344612743e-006 	3.0194881983128904e-002
1.5199999999999999e+001 	3.0200443506732438e-002 	-3.1362393870098361e-006 	3.0197307267345441e-002
1.6000000000000000e+001 	3.0201537309383276e-002 	-3.2206474866076659e-006 	3.0198316661896669e-002
1.6800000000000001e+001 	3.0201173056660539e-002 	-3.2989479622512202e-006 	3.0197874108698290e-002
1.7600000000000001e+001 	3.0199342509409352e-002 	-3.3721948146228692e-006 	3.0195970314594738e-002
1.8399999999999999e+001 	3.0196058535600385e-002 	-3.4401026744181104e-006 	3.0192618432925960e-002
2.0000000000000000e+001 	3.0222014075316675e-002 	-3.5665198083016220e-006 	3.0218447555508374e-002
2.1600000000000001e+001 	3.0169308809636908e-002 	-3.6856261617467987e-006 	3.0165623183475147e-002
2.3199999999999999e+001 	3.0148447587028896e-002 	-3.7976723758797084e-006 	3.0144649914653012e-002
2.4800000000000001e+001 	3.0123215919046823e-002 	-3.9044217468705273e-006 	3.0119311497299968e-002
2.6399999999999999e+001 	3.0094099247000874e-002 	-4.0073046318102989e-006 	3.0090091942369071e-002
2.8000000000000000e+001 	3.0061567695707288e-002 	-4.1073961072112130e-006 	3.0057460299600089e-002
2.9600000000000001e+001 	3.0026060454904607e-002 	-4.2054759977199906e-006 	3.0021854978906890e-002
3.1199999999999999e+001 	2.9987976687651196e-002 	-4.3020983202290865e-006 	2.9983674589330968e-002
3.2800000000000004e+001 	2.9947671036090525e-002 	-4.3976495680128040e-006 	2.9943273386522508e-002
3.4399999999999999e+001 	2.9905452271092224e-002 	-4.4923929401471074e-006 	2.9900959878152077e-002
3.6000000000000000e+001 	2.9861584058564632e-002 	-4.5865006958678959e-006 	2.9856997557868772e-002
3.7600000000000001e+001 	2.9816287129573849e-002 	-4.6798936358480178e-006 	2.9811607235937995e-002
4.0800000000000004e+001 	2.9737261903631594e-002 	-4.8651689574922341e-006 	2.9732396734674101e-002
4.4000000000000000e+001 	2.9624133857244234e-002 	-5.0487559545653318e-006 	2.9619085101289674e-002
4.7199999999999996e+001 	2.9522502478383998e-002 	-5.2300556594078814e-006 	2.9517272422724578e-002
5.0399999999999999e+001 	2.9417635088028291e-002 	-5.4086089225279126e-006 	2.9412226479105762e-002
5.3600000000000001e+001 	2.9309601936791885e-002 	-5.5838987006717022e-006 	2.9304018038091215e-002
5.6800000000000004e+001 	2.9198328807018930e-002 	-5.7553913019691629e-006 	2.9192573415716957e-002
6.0000000000000000e+001 	2.9083659470263663e-002 	-5.9225745950473933e-006 	2.9077736895668626e-002
6.3200000000000003e+001 	2.8965405399698829e-002 	-6.0849860618762585e-006 	2.8959320413636948e-002
6.6400000000000006e+001 	2.8843381911861091e-002 	-6.2422305168261683e-006 	2.8837139681344277e-002
6.9599999999999994e+001 	2.8717432210348965e-002 	-6.3939893209601850e-006 	2.8711038221028003e-002
7.2799999999999997e+001 	2.8587441592652668e-002 	-6.5377092261455943e-006 	2.8580903883426521e-002
7.9200000000000003e+001 	2.8321733218813153e-002 	-6.8067513112754923e-006 	2.8314926467501882e-002
8.5599999999999994e+001 	2.8026781192920038e-002 	-7.0565244152297774e-006 	2.8019724668504810e-002
9.2000000000000000e+001 	2.7723011709829225e-002 	-7.2837044460237657e-006 	2.7715728005383206e-002
9.8400000000000006e+001 	2.7405020525746435e-002 	-7.4887880608088229e-006 	2.7397531737685624e-002
1.0480000000000001e+002 	2.7074282422932992e-002 	-7.6728490002946568e-006 	2.7066609573932705e-002
1.1119999999999999e+002 	2.6732453923226488e-002 	-7.8372375200910838e-006 	2.6724616685706387e-002
1.1759999999999999e+002 	2.6381261389162133e-002 	-7.9834241726765190e-006 	2.6373277964989467e-002
1.2400000000000000e+002 	2.6022415839953312e-002 	-8.1129266200954507e-006 	2.6014302913333211e-002
1.3039999999999998e+002 	2.5657554144730595e-002 	-8.2272885584482856e-006 	2.5649326856172151e-002
1.3680000000000001e+002 	2.5288202494705026e-002 	-8.3280862840926711e-006 	2.5279874408420926e-002
1.4319999999999999e+002 	2.4915756970372582e-002 	-8.4137172302002348e-006 	2.4907343253142377e-002
1.5600000000000000e+002 	2.4176260918036381e-002 	-8.5586825311497878e-006 	2.4167702235505222e-002
1.6880000000000001e+002 	2.3420709003782882e-002 	-8.6863293601842211e-006 	2.3412022674422699e-002
1.8160000000000002e+002 	2.2680645928141768e-002 	-8.8026951496954391e-006 	2.2671843232992067e-002
1.9439999999999998e+002 	2.1952540075370106e-002 	-8.9195780408003522e-006 	2.1943620497329300e-002
2.0719999999999999e+002 	2.1240122271333640e-002 	-9.0481025508044915e-006 	2.1231074168782834e-002
2.2000000000000000e+002 	2.0546102383850660e-002 	-9.1976935407358987e-006 	2.0536904690309929e-002
2.3280000000000001e+002 	1.9872362959573817e-002 	-9.3755909187603713e-006 	1.9862987368655060e-002
2.4560000000000002e+002 	1.9220133208029636e-002 	-9.5867196113181093e-006 	1.9210546488418325e-002
2.5840000000000003e+002 	1.8590133691764949e-002 	-9.8338051644749545e-006 	1.8580299886600468e-002
2.7119999999999999e+002 	1.7982692543262797e-002 	-1.0117644870789555e-005 	1.7972574898392019e-002
2.8400000000000000e+002 	1.7397837345586656e-002 	-1.0437457681144257e-005 	1.7387399887905511e-002
2.9680000000000001e+002 	1.6835367320348311e-002 	-1.0791253362499550e-005 	1.6824576066985807e-002
3.0959999999999997e+002 	1.6294909967921486e-002 	-1.1185340320185466e-005 	1.6283724627601304e-002
3.3519999999999999e+002 	1.5289048219676077e-002 	-1.2047934965319989e-005 	1.5277000284710759e-002
3.6080000000000001e+002 	1.4339818448370586e-002 	-1.2967294710943131e-005 	1.4326851153659639e-002
3.8640000000000003e+002 	1.3477743376114924e-002 	-1.3935664072112412e-005 	1.3463807712042813e-002
4.1200000000000000e+002 	1.2685174941550043e-002 	-1.4930266510722455e-005 	1.2670244675039322e-002
4.3759999999999997e+002 	1.1956411021462741e-002 	-1.5929539643041895e-005 	1.1940481481819695e-002
4.6319999999999999e+002 	1.1285935782368504e-002 	-1.6914906213405254e-005 	1.1269020876155098e-002
4.8880000000000001e+002 	1.0668539918720375e-002 	-1.7871409669951441e-005 	1.0650668509050424e-002
5.1439999999999998e+002 	1.0099383972097564e-002 	-1.8787641401021259e-005 	1.0080596330696542e-002
5.4000000000000000e+002 	9.5740232144755008e-003 	-1.9655271343866275e-005 	9.5543679431316312e-003
5.6560000000000002e+002 	9.0884077867331558e-003 	-2.0468474767789825e-005 	9.0679393119653656e-003
5.9119999999999993e+002 	8.6388677757566670e-003 	-2.1223423497730479e-005 	8.6176443522589345e-003
6.1680000000000007e+002 	8.2220898219661793e-003 	-2.1894212185833192e-005 	8.2001956097803429e-003
6.6800000000000000e+002 	7.4842020319795307e-003 	-2.3047279841425391e-005 	7.4611547521381055e-003
7.1919999999999993e+002 	6.8208753111807172e-003 	-2.4008890645528253e-005 	6.7968664205351852e-003
7.7039999999999998e+002 	6.2531424054234680e-003 	-2.4751354732466495e-005 	6.2283910506909981e-003
8.2160000000000002e+002 	5.7554184499249679e-003 	-2.5286267645576205e-005 	5.7301321822793936e-003
8.7280000000000007e+002 	5.3166590631741487e-003 	-2.5630689278971685e-005 	5.2910283738951749e-003
9.2400000000000000e+002 	4.9278028125332640e-003 	-2.5804008052563034e-005 	4.9019988044806994e-003
9.7519999999999993e+002 	4.5814206008609930e-003 	-2.5826046260914150e-005 	4.5555945546000764e-003
1.0264000000000001e+003 	4.2714031019195995e-003 	-2.5715900115852619e-005 	4.2456872018037436e-003
1.0775999999999999e+003 	3.9927021308991031e-003 	-2.5491354700733568e-005 	3.9672107761983683e-003
1.1288000000000000e+003 	3.7411229990984857e-003 	-2.5168671727120139e-005 	3.7159543273713666e-003
1.1800000000000000e+003 	3.5131597630968774e-003 	-2.4739747898029245e-005 	3.4884200151988477e-003
1.2824000000000001e+003 	3.1213848944670669e-003 	-2.3695829096575807e-005 	3.0976890653704923e-003
1.3848000000000000e+003 	2.7795876078738086e-003 	-2.2515525186286018e-005 	2.7570720826875224e-003
1.4872000000000000e+003 	2.4972921589069860e-003 	-2.1216208563816104e-005 	2.4760759503431691e-003
1.5895999999999999e+003 	2.2567044024233806e-003 	-1.9846092838394842e-005 	2.2368583095849852e-003
1.6920000000000000e+003 	2.0498742533722027e-003 	-1.8445689282421837e-005 	2.0314285640897810e-003
1.7944000000000001e+003 	1.8706679495888682e-003 	-1.7047314408253709e-005 	1.8536206351806152e-003
1.8968000000000000e+003 	1.7143160069986645e-003 	-1.5676077736683681e-005 	1.6986399292619808e-003
1.9992000000000000e+003 	1.5770660013006397e-003 	-1.4350784634533524e-005 	1.5627152166661060e-003
2.1015999999999999e+003 	1.4559277607695215e-003 	-1.3084818120210390e-005 	1.4428429426493112e-003
2.2040000000000000e+003 	1.3484888593663072e-003 	-1.1887077425389249e-005 	1.3366017819409174e-003
2.3064000000000001e+003 	1.2527807303554664e-003 	-1.0791035304403781e-005 	1.2419896950510629e-003
2.5112000000000003e+003 	1.0920234345367208e-003 	-8.8306950997257761e-006 	1.0831927394369951e-003
2.7160000000000000e+003 	9.5579131588551111e-004 	-7.1093154934700542e-006 	9.4868200039204117e-004
2.9207999999999997e+003 	8.4690817924899266e-004 	-5.6567233056341233e-006 	8.4125145594335837e-004
3.1255999999999999e+003 	7.5682724561212434e-004 	-4.4489177505563381e-006 	7.5237832786156803e-004
3.3304000000000001e+003 	6.8151481445810570e-004 	-3.4553697046753963e-006 	6.7805944475343000e-004
3.5352000000000003e+003 	6.1792181644974061e-004 	-2.6456492922894729e-006 	6.1527616715745118e-004
3.7400000000000000e+003 	5.6372826375635714e-004 	-1.9913149995594345e-006 	5.6173694875679781e-004
3.9447999999999997e+003 	5.1715075937013326e-004 	-1.4665188080806300e-006 	5.1568424056205257e-004
4.1496000000000004e+003 	4.7680308748012631e-004 	-1.0484137278276815e-006 	4.7575467375229847e-004
4.3543999999999996e+003 	4.4159614652996806e-004 	-7.1733739970071979e-007 	4.4087880913026720e-004
4.5591999999999998e+003 	4.1066576019279136e-004 	-4.5672644210542844e-007 	4.1020903375068592e-004
4.7640000000000000e+003 	3.8332001972495451e-004 	-2.5284359233178073e-007 	3.8306717613262277e-004
4.9688000000000002e+003 	3.5900037182954101e-004 	-1.0453288133871169e-007 	3.5889583894820228e-004
5.3783999999999996e+003 	3.1815103608113105e-004 	9.8762009084687374e-008 	3.1824979809021576e-004
5.7880000000000000e+003 	2.8329225006783020e-004 	2.3241169184042008e-007 	2.8352466175967067e-004
6.1976000000000004e+003 	2.5520301721065468e-004 	3.0503123559478389e-007 	2.5550804844624945e-004
6.6071999999999998e+003 	2.3164608298945790e-004 	3.3881970466803212e-007 	2.3198490269412596e-004
7.0168000000000002e+003 	2.1161428655815006e-004 	3.4901223511378800e-007 	2.1196329879326388e-004
7.4264000000000005e+003 	1.9436973041609011e-004 	3.4520272861419650e-007 	1.9471493314470435e-004
7.8360000000000000e+003 	1.7936652966171870e-004 	3.3347093951831878e-007 	1.7970000060123705e-004
8.2456000000000004e+003 	1.6619455371513062e-004 	3.1766797001981613e-007 	1.6651222168515041e-004
8.6552000000000007e+003 	1.5454019674262311e-004 	3.0016056615235057e-007 	1.5484035730877545e-004
9.0647999999999993e+003 	1.4415939352093899e-004 	2.8233643966880496e-007 	1.4444172996060781e-004
9.4743999999999996e+003 	1.3485902139783333e-004 	2.6614360764237484e-007 	1.3512516500547575e-004
1.0293600000000000e+004 	1.1916310062999016e-004 	2.3628053728284893e-007 	1.1939938116727301e-004
1.1112799999999999e+004 	1.0550067929956562e-004 	2.0726699387266586e-007 	1.0570794629343829e-004
1.1932000000000000e+004 	9.4443240622250535e-005 	1.8190364449089698e-007 	9.4625144266741439e-005
1.2751200000000001e+004 	8.5117331666053852e-005 	1.6070065074064241e-007 	8.5278032316794510e-005
1.3570400000000000e+004 	7.7166655536650718e-005 	1.4283538181815696e-007 	7.7309490918468882e-005
1.4389600000000000e+004 	7.0323490314938293e-005 	1.2751475276436331e-007 	7.0451005067702666e-005
1.5208799999999999e+004 	6.4384164345248035e-005 	1.1426015817672582e-007 	6.4498424503424726e-005
1.6027999999999998e+004 	5.9191318830692536e-005 	1.0276732358998888e-007 	5.9294086154282539e-005
1.6847200000000001e+004 	5.4621491842699541e-005 	9.2801923996688963e-008 	5.4714293766696202e-005
1.7666399999999998e+004 	5.0576448541654575e-005 	8.4164810841170843e-008 	5.0660613352495766e-005
1.8485600000000002e+004 	4.6977054640969444e-005 	7.7404620229917891e-008 	4.7054459261199356e-005
2.0124000000000000e+004 	4.0978017035875856e-005 	6.6283432203601194e-008 	4.1044300468079462e-005
2.1762399999999998e+004 	3.5798385260860003e-005 	5.6358166264701642e-008 	3.5854743427124717e-005
2.3400799999999999e+004 	3.1682578259016652e-005 	4.9002929038020992e-008 	3.1731581188054658e-005
2.5039200000000001e+004 	2.8260630266537745e-005 	4.3730180379646447e-008 	2.8304360446917406e-005
2.6677600000000002e+004 	2.5382589199971919e-005 	3.9832992161715577e-008 	2.5422422192133645e-005
2.8316000000000000e+004 	2.2936632357119313e-005 	3.6484136456945603e-008 	2.2973116493576255e-005
