-2300 0
-2.3000000000000000e+003 0.0000000000000000e+000 0.0000000000000000e+000
1
1 1 1 1
1
         t, ms                         dVp, mV                         dVs, mV                         dV, mV
5.0000000000000000e-001 	1.3769920912653319e-001 	-2.7017679648309189e-004 	1.3742903233005016e-001
5.9999999999999998e-001 	1.3787825850265062e-001 	-2.7175690172966067e-004 	1.3760650160092097e-001
6.9999999999999996e-001 	1.3799595432713008e-001 	-2.7320717519625044e-004 	1.3772274715193381e-001
8.0000000000000004e-001 	1.3808863565248539e-001 	-2.7442591234631115e-004 	1.3781420974013919e-001
9.0000000000000002e-001 	1.3816704122713561e-001 	-2.7546348611972682e-004 	1.3789157774101582e-001
1.0000000000000000e+000 	1.3823529517360200e-001 	-2.7635883744986140e-004 	1.3795893633615217e-001
1.1000000000000001e+000 	1.3829558884805770e-001 	-2.7714104551421491e-004 	1.3801844780254344e-001
1.2000000000000000e+000 	1.3834938327918486e-001 	-2.7783174938303656e-004 	1.3807155152980177e-001
1.3000000000000000e+000 	1.3839776290739678e-001 	-2.7844723585796735e-004 	1.3811931567153884e-001
1.3999999999999999e+000 	1.3844157045676980e-001 	-2.7898243311111240e-004 	1.3816258802365872e-001
1.6000000000000001e+000 	1.3989755019818598e-001 	-2.7990828001791477e-004 	1.3961764191816811e-001
1.8000000000000000e+000 	1.3858379153178463e-001 	-2.8071667743675429e-004 	1.3830307485434787e-001
2.0000000000000000e+000 	1.3863967815284303e-001 	-2.8140675538551157e-004 	1.3835827139745754e-001
2.2000000000000002e+000 	1.3868827223113972e-001 	-2.8200142669529611e-004 	1.3840627080444437e-001
2.3999999999999999e+000 	1.3873104144821699e-001 	-2.8251967828991340e-004 	1.3844852176992714e-001
2.6000000000000001e+000 	1.3876907715091427e-001 	-2.8297618279082826e-004 	1.3848610096812347e-001
2.7999999999999998e+000 	1.3880320316912909e-001 	-2.8338204459658705e-004 	1.3851982112453243e-001
3.0000000000000000e+000 	1.3883405316390057e-001 	-2.8374567219342100e-004 	1.3855030749170719e-001
3.2000000000000002e+000 	1.3886212368297768e-001 	-2.8407350286186416e-004 	1.3857805018011582e-001
3.3999999999999999e+000 	1.3888781042267198e-001 	-2.8437054483598133e-004 	1.3860343987783594e-001
3.6000000000000001e+000 	1.3891143335596151e-001 	-2.8463263845590272e-004 	1.3862680071750560e-001
4.0000000000000000e+000 	1.3945843954760281e-001 	-2.8509048058046057e-004 	1.3917334906702228e-001
4.4000000000000004e+000 	1.3899037803179046e-001 	-2.8549092129973128e-004 	1.3870488711049075e-001
4.7999999999999998e+000 	1.3902248247566037e-001 	-2.8583121147623497e-004 	1.3873665126418414e-001
5.2000000000000002e+000 	1.3905098587267156e-001 	-2.8612033467889105e-004 	1.3876486553799258e-001
5.5999999999999996e+000 	1.3907665421686233e-001 	-2.8636647177639733e-004 	1.3879028774508603e-001
6.0000000000000000e+000 	1.3910012894303439e-001 	-2.8657656350605776e-004 	1.3881355237952828e-001
6.4000000000000004e+000 	1.3912195005230202e-001 	-2.8675639148579852e-004 	1.3883519366081629e-001
6.7999999999999998e+000 	1.3914256461392535e-001 	-2.8691076736957872e-004 	1.3885565384655577e-001
7.2000000000000002e+000 	1.3916232791837507e-001 	-2.8704371197379156e-004 	1.3887528420640127e-001
7.5999999999999996e+000 	1.3918150362324427e-001 	-2.8715860055927834e-004 	1.3889434502268500e-001
8.0000000000000000e+000 	1.3920026660612869e-001 	-2.8725410892097063e-004 	1.3891301249720775e-001
8.8000000000000007e+000 	1.3951242522536120e-001 	-2.8741076331647680e-004 	1.3922501446204469e-001
9.5999999999999996e+000 	1.3927175123626861e-001 	-2.8754069574865311e-004 	1.3898421054051999e-001
1.0400000000000000e+001 	1.3930436861618981e-001 	-2.8764505340528334e-004 	1.3901672356278449e-001
1.1199999999999999e+001 	1.3933361134116712e-001 	-2.8773061604954827e-004 	1.3904588072511764e-001
1.2000000000000000e+001 	1.3935827953749239e-001 	-2.8780296709207264e-004 	1.3907047657040023e-001
1.2800000000000001e+001 	1.3937717955791654e-001 	-2.8786635609311443e-004 	1.3908931320182341e-001
1.3600000000000000e+001 	1.3938922167356510e-001 	-2.8792389616733846e-004 	1.3910129777739785e-001
1.4400000000000000e+001 	1.3939346860463739e-001 	-2.8797781873934317e-004 	1.3910549078589812e-001
1.5199999999999999e+001 	1.3938914866909594e-001 	-2.8802969942354916e-004 	1.3910111896967234e-001
1.6000000000000000e+001 	1.3937564733372387e-001 	-2.8808063650503560e-004 	1.3908756669721886e-001
1.6800000000000001e+001 	1.3935248797732119e-001 	-2.8813138525713642e-004 	1.3906435659206409e-001
1.7600000000000001e+001 	1.3931930914762228e-001 	-2.8818245667969390e-004 	1.3903112669094264e-001
1.8399999999999999e+001 	1.3927584259768783e-001 	-2.8823457692251454e-004 	1.3898760802076529e-001
2.0000000000000000e+001 	1.3930770253775618e-001 	-2.8834181446088671e-004 	1.3901936072329527e-001
2.1600000000000001e+001 	1.3899591727027594e-001 	-2.8845257568979745e-004 	1.3870746469458611e-001
2.3199999999999999e+001 	1.3879172014177948e-001 	-2.8856760091742578e-004 	1.3850315254086201e-001
2.4800000000000001e+001 	1.3854474858380092e-001 	-2.8868691227191163e-004 	1.3825606167152901e-001
2.6399999999999999e+001 	1.3825549109375054e-001 	-2.8881034750908078e-004 	1.3796668074624147e-001
2.8000000000000000e+001 	1.3792474410358521e-001 	-2.8893764345607186e-004 	1.3763580646012921e-001
2.9600000000000001e+001 	1.3755357419332501e-001 	-2.8906848159531296e-004 	1.3726450571172977e-001
3.1199999999999999e+001 	1.3714328437144288e-001 	-2.8920251018331401e-004 	1.3685408186125958e-001
3.2800000000000004e+001 	1.3669538091795391e-001 	-2.8933935375590478e-004 	1.3640604156419808e-001
3.4399999999999999e+001 	1.3621153919857557e-001 	-2.8947861723561057e-004 	1.3592206058133990e-001
3.6000000000000000e+001 	1.3569356856396012e-001 	-2.8961988872986441e-004 	1.3540394867523023e-001
3.7600000000000001e+001 	1.3514337736830906e-001 	-2.8976300042117293e-004 	1.3485361436788793e-001
4.0800000000000004e+001 	1.3401661336661252e-001 	-2.9005142631201297e-004 	1.3372656194030050e-001
4.4000000000000000e+001 	1.3266629565612659e-001 	-2.9033970080974235e-004 	1.3237595595531684e-001
4.7199999999999996e+001 	1.3128644287743968e-001 	-2.9062561806999788e-004 	1.3099581725936971e-001
5.0399999999999999e+001 	1.2983192452155312e-001 	-2.9090641328315624e-004 	1.2954101810826996e-001
5.3600000000000001e+001 	1.2831636417848527e-001 	-2.9117954385290913e-004 	1.2802518463463233e-001
5.6800000000000004e+001 	1.2675217096222724e-001 	-2.9144282719766008e-004 	1.2646072813502954e-001
6.0000000000000000e+001 	1.2515043174206372e-001 	-2.9169449306371356e-004 	1.2485873724900001e-001
6.3200000000000003e+001 	1.2352090723049601e-001 	-2.9193318850093277e-004 	1.2322897404199497e-001
6.6400000000000006e+001 	1.2187209240624348e-001 	-2.9215795535305554e-004 	1.2157993445089040e-001
6.9599999999999994e+001 	1.2021131377944906e-001 	-2.9236819243739175e-004 	1.1991894558701165e-001
7.2799999999999997e+001 	1.1854484424355027e-001 	-2.9255795971783221e-004 	1.1825228628383244e-001
7.9200000000000003e+001 	1.1525185570749276e-001 	-2.9289244621249653e-004 	1.1495896326128026e-001
8.5599999999999994e+001 	1.1192633069260396e-001 	-2.9318215136501168e-004 	1.1163314854123887e-001
9.2000000000000000e+001 	1.0868481584650320e-001 	-2.9342155556614499e-004 	1.0839139429093701e-001
9.8400000000000006e+001 	1.0551263737150306e-001 	-2.9361456489911716e-004 	1.0521902280660396e-001
1.0480000000000001e+002 	1.0242140184310693e-001 	-2.9376607267792243e-004 	1.0212763577042897e-001
1.1119999999999999e+002 	9.9418700739928020e-002 	-2.9388098639641593e-004 	9.9124819753531587e-002
1.1759999999999999e+002 	9.6509090234606507e-002 	-2.9396365695815645e-004 	9.6215126577648372e-002
1.2400000000000000e+002 	9.3694880993625385e-002 	-2.9401754418316857e-004 	9.3400863449442192e-002
1.3039999999999998e+002 	9.0976741668960637e-002 	-2.9404504891624892e-004 	9.0682696620044398e-002
1.3680000000000001e+002 	8.8354149947198382e-002 	-2.9404746547349777e-004 	8.8060102481724870e-002
1.4319999999999999e+002 	8.5825727205990257e-002 	-2.9401424024339500e-004 	8.5531712965746839e-002
1.5600000000000000e+002 	8.1092225655219591e-002 	-2.9386125877092404e-004 	8.0798364396448691e-002
1.6880000000000001e+002 	7.6599555425315755e-002 	-2.9360404928667933e-004 	7.6305951376029066e-002
1.8160000000000002e+002 	7.2483849905264616e-002 	-2.9320626530445095e-004 	7.2190643639960222e-002
1.9439999999999998e+002 	6.8669154033012769e-002 	-2.9264441797077577e-004 	6.8376509615041992e-002
2.0719999999999999e+002 	6.5132219354351678e-002 	-2.9189709135749579e-004 	6.4840322262994216e-002
2.2000000000000000e+002 	6.1850617973351361e-002 	-2.9094661123339581e-004 	6.1559671362117950e-002
2.3280000000000001e+002 	5.8803199214490058e-002 	-2.8978034939084878e-004 	5.8513418865099219e-002
2.4560000000000002e+002 	5.5970309549494321e-002 	-2.8839136846254713e-004 	5.5681918181031784e-002
2.5840000000000003e+002 	5.3333861850904350e-002 	-2.8677843825420594e-004 	5.3047083412650166e-002
2.7119999999999999e+002 	5.0877313896035246e-002 	-2.8494556828852240e-004 	5.0592368327746724e-002
2.8400000000000000e+002 	4.8585595741153696e-002 	-2.8290123220642873e-004 	4.8302694508947308e-002
2.9680000000000001e+002 	4.6445011110516216e-002 	-2.8065744749717958e-004 	4.6164353663019027e-002
3.0959999999999997e+002 	4.4443128215189968e-002 	-2.7817088378429282e-004 	4.4164957331405678e-002
3.3519999999999999e+002 	4.0853070909402031e-002 	-2.7272889260895341e-004 	4.0580342016793058e-002
3.6080000000000001e+002 	3.7587271489549282e-002 	-2.6689519709649533e-004 	3.7320376292452787e-002
3.8640000000000003e+002 	3.4746586483205978e-002 	-2.6068176153750701e-004 	3.4485904721668480e-002
4.1200000000000000e+002 	3.2223786630278597e-002 	-2.5419294287533692e-004 	3.1969593687403257e-002
4.3759999999999997e+002 	2.9973920481111131e-002 	-2.4752856149433281e-004 	2.9726391919616808e-002
4.6319999999999999e+002 	2.7959269213974243e-002 	-2.4077569647224894e-004 	2.7718493517501996e-002
4.8880000000000001e+002 	2.6148196935752845e-002 	-2.3400685354048128e-004 	2.5914190082212366e-002
5.1439999999999998e+002 	2.4514099725045480e-002 	-2.2728044694634902e-004 	2.4286819278099135e-002
5.4000000000000000e+002 	2.3034517377017463e-002 	-2.2064204860604021e-004 	2.2813875328411427e-002
5.6560000000000002e+002 	2.1690404424681842e-002 	-2.1412598573900487e-004 	2.1476278438942842e-002
5.9119999999999993e+002 	2.0465538087081164e-002 	-2.0775712242332092e-004 	2.0257780964657832e-002
6.1680000000000007e+002 	1.9346038448570513e-002 	-2.0162300583377029e-004 	1.9144415442736741e-002
6.6800000000000000e+002 	1.7400875817396147e-002 	-1.8991125026749845e-004 	1.7210964567128638e-002
7.1919999999999993e+002 	1.5683557097532757e-002 	-1.7879378833920558e-004 	1.5504763309193556e-002
7.7039999999999998e+002 	1.4245775867942487e-002 	-1.6837564268103728e-004 	1.4077400225261452e-002
8.2160000000000002e+002 	1.3006486784245784e-002 	-1.5864275721515683e-004 	1.2847844027030630e-002
8.7280000000000007e+002 	1.1929896440180939e-002 	-1.4956140401222546e-004 	1.1780335036168713e-002
9.2400000000000000e+002 	1.0987802691727867e-002 	-1.4108917238046101e-004 	1.0846713519347405e-002
9.7519999999999993e+002 	1.0157889486133212e-002 	-1.3318077645582278e-004 	1.0024708709677387e-002
1.0264000000000001e+003 	9.4223574212589940e-003 	-1.2579116477926983e-004 	9.2965662564797272e-003
1.0775999999999999e+003 	8.7668783517863228e-003 	-1.1887725733923883e-004 	8.6480010944470793e-003
1.1288000000000000e+003 	8.1798105272398551e-003 	-1.1239891222502866e-004 	8.0674116150148256e-003
1.1800000000000000e+003 	7.6516101549755399e-003 	-1.0644840698842501e-004 	7.5451617479871183e-003
1.2824000000000001e+003 	6.7518608918597711e-003 	-9.5597658139551090e-005 	6.6562632337202211e-003
1.3848000000000000e+003 	5.9743727350051682e-003 	-8.5704540219923230e-005 	5.8886681947852432e-003
1.4872000000000000e+003 	5.3391147352927215e-003 	-7.6849735409612881e-005 	5.2622649998831121e-003
1.5895999999999999e+003 	4.8023209213488138e-003 	-6.8919298853086940e-005 	4.7334016224957259e-003
1.6920000000000000e+003 	4.3442513429287734e-003 	-6.1801908302353361e-005 	4.2824494346264206e-003
1.7944000000000001e+003 	3.9499141980462223e-003 	-5.5401093598725084e-005 	3.8945131044474963e-003
1.8968000000000000e+003 	3.6078161955337140e-003 	-4.9636548117215410e-005 	3.5581796474164992e-003
1.9992000000000000e+003 	3.3090268518431928e-003 	-4.4441201476790191e-005 	3.2645856503664026e-003
2.1015999999999999e+003 	3.0465066534690532e-003 	-3.9757873990319169e-005 	3.0067487794787342e-003
2.2040000000000000e+003 	2.8146298675617767e-003 	-3.5536794953934650e-005 	2.7790930726078415e-003
2.3064000000000001e+003 	2.6088440739642170e-003 	-3.1863771965656644e-005 	2.5769803019985607e-003
2.5112000000000003e+003 	2.2647636189793300e-003 	-2.5590062237508659e-005 	2.2391735567418220e-003
2.7160000000000000e+003 	1.9747703583886649e-003 	-2.0271963295426031e-005 	1.9544983950932388e-003
2.9207999999999997e+003 	1.7443359469405107e-003 	-1.5956284293710380e-005 	1.7283796626468011e-003
3.1255999999999999e+003 	1.5546060689537885e-003 	-1.2483435050808554e-005 	1.5421226339029802e-003
3.3304000000000001e+003 	1.3966460683099986e-003 	-9.7016312728174947e-006 	1.3869444370371809e-003
3.5352000000000003e+003 	1.2637556791038884e-003 	-7.4816002583979034e-006 	1.2562740788454902e-003
3.7400000000000000e+003 	1.1508735502665610e-003 	-5.7162129905297246e-006 	1.1451573372760308e-003
3.9447999999999997e+003 	1.0541338683889988e-003 	-4.3170815783737241e-006 	1.0498167868106254e-003
4.1496000000000004e+003 	9.7054859961549116e-004 	-3.2116611210329500e-006 	9.6733693849445832e-004
4.3543999999999996e+003 	8.9778161729105622e-004 	-2.3408791830459256e-006 	8.9544073810801054e-004
4.5591999999999998e+003 	8.3398719918555836e-004 	-1.6569956405360249e-006 	8.3233020354502203e-004
4.7640000000000000e+003 	7.7769315324563079e-004 	-1.1216507754460184e-006 	7.7657150247018459e-004
4.9688000000000002e+003 	7.2771505311271841e-004 	-7.3057697819405246e-007 	7.2698447613452478e-004
5.3783999999999996e+003 	6.4395106946160392e-004 	-1.8804627453687757e-007 	6.4376302318706695e-004
5.7880000000000000e+003 	5.7262955676054160e-004 	1.7846648702999439e-007 	5.7280802324757147e-004
6.1976000000000004e+003 	5.1531269782639322e-004 	3.9009423961031460e-007 	5.1570279206600365e-004
6.6071999999999998e+003 	4.6734150444275224e-004 	5.0226935542390521e-007 	4.6784377379817594e-004
7.0168000000000002e+003 	4.2661815627019327e-004 	5.5322765075170043e-007 	4.2717138392094501e-004
7.4264000000000005e+003 	3.9161096098093548e-004 	5.6720916895633520e-007 	3.9217817014989181e-004
7.8360000000000000e+003 	3.6119038737259803e-004 	5.5956296345370739e-007 	3.6174995033605157e-004
8.2456000000000004e+003 	3.3451019986144716e-004 	5.3998258655559216e-007 	3.3505018244800265e-004
8.6552000000000007e+003 	3.1092491786460487e-004 	5.1444315281357858e-007 	3.1143936101741838e-004
9.0647999999999993e+003 	2.8993326012975999e-004 	4.8649997760772998e-007 	2.9041976010736777e-004
9.4743999999999996e+003 	2.7113930313606350e-004 	4.6028082750425044e-007 	2.7159958396356763e-004
1.0293600000000000e+004 	2.3945078981250353e-004 	4.1043454483994632e-007 	2.3986122435734345e-004
1.1112799999999999e+004 	2.1188593256378608e-004 	3.6049155028492286e-007 	2.1224642411407101e-004
1.1932000000000000e+004 	1.8960131586291849e-004 	3.1621699544245085e-007 	1.8991753285836096e-004
1.2751200000000001e+004 	1.7082042441621495e-004 	2.7907669247337474e-007 	1.7109950110868837e-004
1.3570400000000000e+004 	1.5481912162007861e-004 	2.4771431696196311e-007 	1.5506683593704055e-004
1.4389600000000000e+004 	1.4105411146491352e-004 	2.2074207320630465e-007 	1.4127485353811984e-004
1.5208799999999999e+004 	1.2911263174671112e-004 	1.9734880350263425e-007 	1.2930998055021370e-004
1.6027999999999998e+004 	1.1867614755764214e-004 	1.7703608427575249e-007 	1.1885318364191790e-004
1.6847200000000001e+004 	1.0949498668116080e-004 	1.5941900353964902e-007 	1.0965440568470046e-004
1.7666399999999998e+004 	1.0137065992643815e-004 	1.4416367313558064e-007 	1.0151482359957369e-004
1.8485600000000002e+004 	9.4143387865103923e-005 	1.3235182336505851e-007 	9.4275739688469006e-005
2.0124000000000000e+004 	8.2102395621863944e-005 	1.1296483855149426e-007 	8.2215360460415434e-005
2.1762399999999998e+004 	7.1708703184934135e-005 	9.5524052096214557e-008 	7.1804227237030346e-005
2.3400799999999999e+004 	6.3453497982478987e-005 	8.2798498895854316e-008 	6.3536296481374861e-005
2.5039200000000001e+004 	5.6592083172109746e-005 	7.3901973947137462e-008 	5.6665985146056874e-005
2.6677600000000002e+004 	5.0822740727682542e-005 	6.7489104745072928e-008 	5.0890229832427614e-005
2.8316000000000000e+004 	4.5920608784448777e-005 	6.2054572214922902e-008 	4.5982663356663688e-005
-2600 0
-2.6000000000000000e+003 0.0000000000000000e+000 0.0000000000000000e+000
1
1 1 1 1
1
         t, ms                         dVp, mV                         dVs, mV                         dV, mV
5.0000000000000000e-001 	1.1037266996812205e-001 	-2.9361356971533640e-004 	1.1007905639840675e-001
5.9999999999999998e-001 	1.1051154623532562e-001 	-2.9332085181217431e-004 	1.1021822538351346e-001
6.9999999999999996e-001 	1.1060283511041159e-001 	-2.9305118641077534e-004 	1.1030978392400084e-001
8.0000000000000004e-001 	1.1067472187519604e-001 	-2.9282271735714210e-004 	1.1038189915783890e-001
9.0000000000000002e-001 	1.1073553579454004e-001 	-2.9262669234346293e-004 	1.1044290910219659e-001
1.0000000000000000e+000 	1.1078847569296463e-001 	-2.9245639992890696e-004 	1.1049601929303576e-001
1.1000000000000001e+000 	1.1083524128383745e-001 	-2.9230684633531920e-004 	1.1054293443750210e-001
1.2000000000000000e+000 	1.1087696580889771e-001 	-2.9217430844994421e-004 	1.1058479150044781e-001
1.3000000000000000e+000 	1.1091449040961016e-001 	-2.9205596270432494e-004 	1.1062243444690582e-001
1.3999999999999999e+000 	1.1094846873927647e-001 	-2.9195304666488313e-004 	1.1065651569261156e-001
1.6000000000000001e+000 	1.1207774191597435e-001 	-2.9177537090350401e-004 	1.1178596654507085e-001
1.8000000000000000e+000 	1.1105877904265879e-001 	-2.9162084256802374e-004 	1.1076715820009074e-001
2.0000000000000000e+000 	1.1110212601824274e-001 	-2.9148968844382785e-004 	1.1081063632979891e-001
2.2000000000000002e+000 	1.1113981666739862e-001 	-2.9137736205403318e-004 	1.1084843930534458e-001
2.3999999999999999e+000 	1.1117298937621521e-001 	-2.9127996828135839e-004 	1.1088170940793381e-001
2.6000000000000001e+000 	1.1120249063099517e-001 	-2.9119439704945635e-004 	1.1091129623394570e-001
2.7999999999999998e+000 	1.1122895942173273e-001 	-2.9111822249836206e-004 	1.1093784119923440e-001
3.0000000000000000e+000 	1.1125288723604436e-001 	-2.9104956165904266e-004 	1.1096183767438532e-001
3.2000000000000002e+000 	1.1127465921231521e-001 	-2.9098694903248522e-004 	1.1098367226328272e-001
3.3999999999999999e+000 	1.1129458226505184e-001 	-2.9092923780212938e-004 	1.1100365302724974e-001
3.6000000000000001e+000 	1.1131290457554739e-001 	-2.9087657989764799e-004 	1.1102202799564972e-001
4.0000000000000000e+000 	1.1173716804408289e-001 	-2.9078001707221086e-004 	1.1144638802701062e-001
4.4000000000000004e+000 	1.1137413514133696e-001 	-2.9069020239424879e-004 	1.1108344493894275e-001
4.7999999999999998e+000 	1.1139903566468426e-001 	-2.9060696374472427e-004 	1.1110842870093954e-001
5.2000000000000002e+000 	1.1142114291460180e-001 	-2.9052880923254439e-004 	1.1113061410536924e-001
5.5999999999999996e+000 	1.1144105059388842e-001 	-2.9045462263924566e-004 	1.1115059597124917e-001
6.0000000000000000e+000 	1.1145925538195606e-001 	-2.9038365133511509e-004 	1.1116887173062093e-001
6.4000000000000004e+000 	1.1147617468719044e-001 	-2.9031542415848571e-004 	1.1118585926303194e-001
6.7999999999999998e+000 	1.1149215305376547e-001 	-2.9024966817414039e-004 	1.1120190338559131e-001
7.2000000000000002e+000 	1.1150746288977270e-001 	-2.9018624221422698e-004 	1.1121727664755848e-001
7.5999999999999996e+000 	1.1152230445439254e-001 	-2.9012508831119811e-004 	1.1123217936608130e-001
8.0000000000000000e+000 	1.1153680799591260e-001 	-2.9006709584493900e-004 	1.1124674090006767e-001
8.8000000000000007e+000 	1.1177871814783372e-001 	-2.8995828069935584e-004 	1.1148875986713433e-001
9.5999999999999996e+000 	1.1159169724073836e-001 	-2.8985708544568609e-004 	1.1130184015529269e-001
1.0400000000000000e+001 	1.1161638152127899e-001 	-2.8976503578554471e-004 	1.1132661648549343e-001
1.1199999999999999e+001 	1.1163810940861893e-001 	-2.8968222158835859e-004 	1.1134842718703061e-001
1.2000000000000000e+001 	1.1165585416211998e-001 	-2.8960849164472733e-004 	1.1136624567047528e-001
1.2800000000000001e+001 	1.1166858932839148e-001 	-2.8954352841705037e-004 	1.1137904579997447e-001
1.3600000000000000e+001 	1.1167536662117473e-001 	-2.8948689497973999e-004 	1.1138587972619501e-001
1.4400000000000000e+001 	1.1167535497904175e-001 	-2.8943807376682624e-004 	1.1138591690527493e-001
1.5199999999999999e+001 	1.1166785166905242e-001 	-2.8939650033491204e-004 	1.1137845516871747e-001
1.6000000000000000e+001 	1.1165227634815320e-001 	-2.8936159168801073e-004 	1.1136291475646519e-001
1.6800000000000001e+001 	1.1162815665836240e-001 	-2.8933276863762897e-004 	1.1133882388972477e-001
1.7600000000000001e+001 	1.1159511113969912e-001 	-2.8930947229698116e-004 	1.1130580166740216e-001
1.8399999999999999e+001 	1.1155283285069971e-001 	-2.8929274497726376e-004 	1.1126354010572242e-001
2.0000000000000000e+001 	1.1155576924605171e-001 	-2.8927204435419076e-004 	1.1126649720169755e-001
2.1600000000000001e+001 	1.1128683229315793e-001 	-2.8926249817110168e-004 	1.1099756979498679e-001
2.3199999999999999e+001 	1.1109425535524885e-001 	-2.8926461124028995e-004 	1.1080499074400861e-001
2.4800000000000001e+001 	1.1086131208152787e-001 	-2.8927658551070588e-004 	1.1057203549601723e-001
2.6399999999999999e+001 	1.1058800344870201e-001 	-2.8929676757062368e-004 	1.1029870668113138e-001
2.8000000000000000e+001 	1.1027469537397000e-001 	-2.8932375949411844e-004 	1.0998537161447579e-001
2.9600000000000001e+001 	1.0992209079300604e-001 	-2.8935640697644159e-004 	1.0963273438602963e-001
3.1199999999999999e+001 	1.0953119800343775e-001 	-2.8939375379532042e-004 	1.0924180424964239e-001
3.2800000000000004e+001 	1.0910329466061848e-001 	-2.8943499439015922e-004 	1.0881385966622831e-001
3.4399999999999999e+001 	1.0863988794102775e-001 	-2.8947943467827188e-004 	1.0835040850634947e-001
3.6000000000000000e+001 	1.0814267242484764e-001 	-2.8952646298917523e-004 	1.0785314596185847e-001
3.7600000000000001e+001 	1.0761348765763434e-001 	-2.8957593795482154e-004 	1.0732391171967949e-001
4.0800000000000004e+001 	1.0651538055543741e-001 	-2.8967834229428756e-004 	1.0622570221314313e-001
4.4000000000000000e+001 	1.0522293939996297e-001 	-2.8978204425518219e-004 	1.0493315735570782e-001
4.7199999999999996e+001 	1.0388841774442650e-001 	-2.8988546654939957e-004 	1.0359853227787710e-001
5.0399999999999999e+001 	1.0248128716039855e-001 	-2.8998642637288616e-004 	1.0219130073402564e-001
5.3600000000000001e+001 	1.0101579913965116e-001 	-2.9008305438133950e-004 	1.0072571608526978e-001
5.6800000000000004e+001 	9.9505001150505409e-002 	-2.9017387220878611e-004 	9.9214827278296641e-002
6.0000000000000000e+001 	9.7960578831308279e-002 	-2.9025779137075661e-004 	9.7670321039937558e-002
6.3200000000000003e+001 	9.6392819325363449e-002 	-2.9033407913061396e-004 	9.6102485246232813e-002
6.6400000000000006e+001 	9.4810653303755210e-002 	-2.9040231113419137e-004 	9.4520250992621055e-002
6.9599999999999994e+001 	9.3221744750661251e-002 	-2.9046232055561066e-004 	9.2931282430105649e-002
7.2799999999999997e+001 	9.1632606104810485e-002 	-2.9051120936092554e-004 	9.1342094895449602e-002
7.9200000000000003e+001 	8.8505429570245223e-002 	-2.9058547404382118e-004 	8.8214844096201395e-002
8.5599999999999994e+001 	8.5379469734402441e-002 	-2.9063762071307057e-004 	8.5088832113689325e-002
9.2000000000000000e+001 	8.2353343138294899e-002 	-2.9066607888999905e-004 	8.2062677059404926e-002
9.8400000000000006e+001 	7.9416763921893563e-002 	-2.9067418575610845e-004 	7.9126089736137453e-002
1.0480000000000001e+002 	7.6579583434206913e-002 	-2.9066553746415777e-004 	7.6288917896742747e-002
1.1119999999999999e+002 	7.3847401115505057e-002 	-2.9064337824793703e-004 	7.3556757737257117e-002
1.1759999999999999e+002 	7.1222689186105859e-002 	-2.9061022571199793e-004 	7.0932078960393857e-002
1.2400000000000000e+002 	6.8705688517758753e-002 	-2.9056763626200552e-004 	6.8415120881496760e-002
1.3039999999999998e+002 	6.6295083214960249e-002 	-2.9051607588793498e-004 	6.6004567139072351e-002
1.3680000000000001e+002 	6.3988494862794842e-002 	-2.9045487708754896e-004 	6.3698039985707292e-002
1.4319999999999999e+002 	6.1782839806481922e-002 	-2.9037502018873404e-004 	6.1492464786293194e-002
1.5600000000000000e+002 	5.7700330591785247e-002 	-2.9015763853292958e-004 	5.7410172953252341e-002
1.6880000000000001e+002 	5.3883634154818547e-002 	-2.8985422041265214e-004 	5.3593779934405880e-002
1.8160000000000002e+002 	5.0439581027143646e-002 	-2.8942101550535806e-004 	5.0150160011638301e-002
1.9439999999999998e+002 	4.7293026844972864e-002 	-2.8882080584462743e-004 	4.7004206039128214e-002
2.0719999999999999e+002 	4.4415771394685194e-002 	-2.8801924715678319e-004 	4.4127752147528419e-002
2.2000000000000000e+002 	4.1781646065935700e-002 	-2.8698763786045325e-004 	4.1494658428075253e-002
2.3280000000000001e+002 	3.9366750158909045e-002 	-2.8570473442874933e-004 	3.9081045424480286e-002
2.4560000000000002e+002 	3.7149470724845639e-002 	-2.8415753411029272e-004 	3.6865313190735348e-002
2.5840000000000003e+002 	3.5110384121202050e-002 	-2.8234117559206522e-004 	3.4828042945609997e-002
2.7119999999999999e+002 	3.3232098856613615e-002 	-2.8025819499860870e-004 	3.2951840661615002e-002
2.8400000000000000e+002 	3.1499074966713649e-002 	-2.7791739023185028e-004 	3.1221157576481792e-002
2.9680000000000001e+002 	2.9897439965791747e-002 	-2.7533251714217965e-004 	2.9622107448649567e-002
3.0959999999999997e+002 	2.8414812165685685e-002 	-2.7244988345044650e-004 	2.8142362282235243e-002
3.3519999999999999e+002 	2.5794564911092395e-002 	-2.6610950613262127e-004 	2.5528455404959769e-002
3.6080000000000001e+002 	2.3446904653752678e-002 	-2.5928969210345062e-004 	2.3187614961649224e-002
3.8640000000000003e+002 	2.1443115768438898e-002 	-2.5200709427799291e-004 	2.1191108674160918e-002
4.1200000000000000e+002 	1.9691838784616597e-002 	-2.4439267973783168e-004 	1.9447446104878769e-002
4.3759999999999997e+002 	1.8153012806261339e-002 	-2.3657257502818590e-004 	1.7916440231233160e-002
4.6319999999999999e+002 	1.6793801730456824e-002 	-2.2865743500947595e-004 	1.6565144295447348e-002
4.8880000000000001e+002 	1.5587283771228724e-002 	-2.2073960176115110e-004 	1.5366544169467568e-002
5.1439999999999998e+002 	1.4511304611553767e-002 	-2.1289343428565084e-004 	1.4298411177268114e-002
5.4000000000000000e+002 	1.3547539398757328e-002 	-2.0517689766695577e-004 	1.3342362501090372e-002
5.6560000000000002e+002 	1.2680744974623313e-002 	-1.9763367252580518e-004 	1.2483111302097507e-002
5.9119999999999993e+002 	1.1898168790940834e-002 	-1.9029543257430767e-004 	1.1707873358366526e-002
6.1680000000000007e+002 	1.1189081993685126e-002 	-1.8328020384246702e-004 	1.1005801789842656e-002
6.6800000000000000e+002 	9.9713515860089513e-003 	-1.7001072259999702e-004 	9.8013408634089576e-003
7.1919999999999993e+002 	8.9086488633244466e-003 	-1.5754956692140478e-004 	8.7510992964030410e-003
7.7039999999999998e+002 	8.0318505317003158e-003 	-1.4603660287694891e-004 	7.8858139288233691e-003
8.2160000000000002e+002 	7.2848332855576384e-003 	-1.3544875060213186e-004 	7.1493845349555095e-003
8.7280000000000007e+002 	6.6425447908974554e-003 	-1.2573563231163643e-004 	6.5168091585858191e-003
9.2400000000000000e+002 	6.0856213017164091e-003 	-1.1683435250117220e-004 	5.9687869492152379e-003
9.7519999999999993e+002 	5.5990107751087044e-003 	-1.0867777946166647e-004 	5.4903329956470376e-003
1.0264000000000001e+003 	5.1708995041057524e-003 	-1.0119926059600058e-004 	5.0697002435097522e-003
1.0775999999999999e+003 	4.7919136830783119e-003 	-9.4335255424372825e-005 	4.6975784276539392e-003
1.1288000000000000e+003 	4.4545340384427590e-003 	-8.8026714115498818e-005 	4.3665073243272607e-003
1.1800000000000000e+003 	4.1526664350998730e-003 	-8.2377270129562288e-005 	4.0702891649703112e-003
1.2824000000000001e+003 	3.6420669124708929e-003 	-7.2361706347536444e-005 	3.5697052061233569e-003
1.3848000000000000e+003 	3.2042519222335291e-003 	-6.3479471492444717e-005 	3.1407724507410812e-003
1.4872000000000000e+003 	2.8496875401358727e-003 	-5.5794262623152956e-005 	2.7938932775127203e-003
1.5895999999999999e+003 	2.5522188171153253e-003 	-4.9136056106971871e-005 	2.5030827610083538e-003
1.6920000000000000e+003 	2.2999698043404738e-003 	-4.3346090617071912e-005 	2.2566237137234008e-003
1.7944000000000001e+003 	2.0840212706844351e-003 	-3.8289960477067162e-005 	2.0457313102073679e-003
1.8968000000000000e+003 	1.8976054314446466e-003 	-3.3857838712039365e-005 	1.8637475927326067e-003
1.9992000000000000e+003 	1.7355120917941192e-003 	-2.9960425847325503e-005 	1.7055516659467934e-003
2.1015999999999999e+003 	1.5936679977776754e-003 	-2.6524506001384160e-005 	1.5671434917762911e-003
2.2040000000000000e+003 	1.4688417362915883e-003 	-2.3489349125430563e-005 	1.4453523871661574e-003
2.3064000000000001e+003 	1.3584355259741671e-003 	-2.0906812242579500e-005 	1.3375287137315874e-003
2.5112000000000003e+003 	1.1745959449069683e-003 	-1.6591937631452492e-005 	1.1580040072755155e-003
2.7160000000000000e+003 	1.0204332485426624e-003 	-1.2999745032043549e-005 	1.0074335035106187e-003
2.9207999999999997e+003 	8.9859139318145562e-004 	-1.0146012709932269e-005 	8.8844538047152350e-004
3.1255999999999999e+003 	7.9872275036203886e-004 	-7.8927417876543608e-006 	7.9083000857438455e-004
3.3304000000000001e+003 	7.1590659899112795e-004 	-6.1170152446542752e-006 	7.0978958374647374e-004
3.5352000000000003e+003 	6.4647800019178726e-004 	-4.7189746792152287e-006 	6.4175902551257219e-004
3.7400000000000000e+003 	5.8768596091461677e-004 	-3.6193786076573090e-006 	5.8406658230695976e-004
3.9447999999999997e+003 	5.3744122293919320e-004 	-2.7554326841140863e-006 	5.3468579025507917e-004
4.1496000000000004e+003 	4.9413702980329293e-004 	-2.0773667417741946e-006 	4.9205966306151887e-004
4.3543999999999996e+003 	4.5652273577675702e-004 	-1.5458023111512044e-006 	4.5497693346560587e-004
4.5591999999999998e+003 	4.2361410190966777e-004 	-1.1296481458138957e-006 	4.2248445376385379e-004
4.7640000000000000e+003 	3.9462881569794685e-004 	-8.0439048255328199e-007 	3.9382442521539347e-004
4.9688000000000002e+003 	3.6893945735716574e-004 	-5.6680032027107406e-007 	3.6837265703689462e-004
5.3783999999999996e+003 	3.2597710881175662e-004 	-2.3603279519428805e-007 	3.2574107601656240e-004
5.7880000000000000e+003 	2.8947731952916697e-004 	-1.0145981890879767e-008 	2.8946717354727612e-004
6.1976000000000004e+003 	2.6022336994345951e-004 	1.2334389035607054e-007 	2.6034671383381563e-004
6.6071999999999998e+003 	2.3578927601893468e-004 	1.9732779503145738e-007 	2.3598660381396621e-004
7.0168000000000002e+003 	2.1508245349695170e-004 	2.3452407564769054e-007 	2.1531697757259943e-004
7.4264000000000005e+003 	1.9730781815070384e-004 	2.4936627240873267e-007 	1.9755718442311264e-004
7.8360000000000000e+003 	1.8188085205738896e-004 	2.5097082538013606e-007 	1.8213182288276912e-004
8.2456000000000004e+003 	1.6836485030767990e-004 	2.4507211025115172e-007 	1.6860992241793106e-004
8.6552000000000007e+003 	1.5642751599570967e-004 	2.3520183330689718e-007 	1.5666271782901664e-004
9.0647999999999993e+003 	1.4581132907085827e-004 	2.2347240657364671e-007 	1.4603480147743183e-004
9.4743999999999996e+003 	1.3631326483894097e-004 	2.1207648250686007e-007 	1.3652534132144783e-004
1.0293600000000000e+004 	1.2031379264157015e-004 	1.8978232660228930e-007 	1.2050357496817243e-004
1.1112799999999999e+004 	1.0640579000843432e-004 	1.6688410267770511e-007 	1.0657267411111197e-004
1.1932000000000000e+004 	9.5174673822840495e-005 	1.4634997718632761e-007 	9.5321023800026827e-005
1.2751200000000001e+004 	8.5716695981324375e-005 	1.2906831457998813e-007 	8.5845764295904386e-005
1.3570400000000000e+004 	7.7663749362251076e-005 	1.1444907484746571e-007 	7.7778198437098513e-005
1.4389600000000000e+004 	7.0740077901136961e-005 	1.0185340248626431e-007 	7.0841931303623217e-005
1.5208799999999999e+004 	6.4736465426725628e-005 	9.0914298981943311e-008 	6.4827379725707578e-005
1.6027999999999998e+004 	5.9491647308692443e-005 	8.1410490442629643e-008 	5.9573057799135073e-005
1.6847200000000001e+004 	5.4879349512354315e-005 	7.3169975047642958e-008 	5.4952519487401967e-005
1.7666399999999998e+004 	5.0799270835613010e-005 	6.6041082823913390e-008 	5.0865311918436936e-005
1.8485600000000002e+004 	4.7170731080243270e-005 	6.0562166647441720e-008 	4.7231293246890708e-005
2.0124000000000000e+004 	4.1127779517571621e-005 	5.1588126498290013e-008 	4.1179367644069905e-005
2.1762399999999998e+004 	3.5912919054211720e-005 	4.3476192145141683e-008 	3.5956395246356856e-005
2.3400799999999999e+004 	3.1772972738470285e-005 	3.7619658404906894e-008 	3.1810592396875188e-005
2.5039200000000001e+004 	2.8333098853264161e-005 	3.3595816993870403e-008 	2.8366694670258043e-005
2.6677600000000002e+004 	2.5441489336234370e-005 	3.0746935933804180e-008 	2.5472236272168167e-005
2.8316000000000000e+004 	2.2985076773184806e-005 	2.8357248702864095e-008 	2.3013434021887679e-005
-2000 0
-2.0000000000000000e+003 0.0000000000000000e+000 0.0000000000000000e+000
1
1 1 1 1
1
         t, ms                         dVp, mV                         dVs, mV                         dV, mV
5.0000000000000000e-001 	2.9778777829691776e-002 	1.6669756315523114e-005 	2.9795447586007308e-002
5.9999999999999998e-001 	2.9822024013029819e-002 	1.4846066626665031e-005 	2.9836870079656484e-002
6.9999999999999996e-001 	2.9850451038495488e-002 	1.3171266302656623e-005 	2.9863622304798151e-002
8.0000000000000004e-001 	2.9872836331744569e-002 	1.1762070637591008e-005 	2.9884598402382161e-002
9.0000000000000002e-001 	2.9891773685135889e-002 	1.0560896242300827e-005 	2.9902334581378198e-002
1.0000000000000000e+000 	2.9908259183701005e-002 	9.5232804413978417e-006 	2.9917782464142405e-002
1.1000000000000001e+000 	2.9922822084768319e-002 	8.6160379581551654e-006 	2.9931438122726476e-002
1.2000000000000000e+000 	2.9935815254022575e-002 	7.8144674738881178e-006 	2.9943629721496463e-002
1.3000000000000000e+000 	2.9947500604871904e-002 	7.0999569177127250e-006 	2.9954600561789616e-002
1.3999999999999999e+000 	2.9958081673300219e-002 	6.4786454731122558e-006 	2.9964560318773314e-002
1.6000000000000001e+000 	3.0309774361554909e-002 	5.4041741015864651e-006 	3.0315178535656493e-002
1.8000000000000000e+000 	2.9992433282943473e-002 	4.4665893009974536e-006 	2.9996899872244485e-002
2.0000000000000000e+000 	3.0005932052172307e-002 	3.6669579670351750e-006 	3.0009599010139335e-002
2.2000000000000002e+000 	3.0017669441414069e-002 	2.9785458420577660e-006 	3.0020647987256115e-002
2.3999999999999999e+000 	3.0027999937134196e-002 	2.3790770606726289e-006 	3.0030379014194874e-002
2.6000000000000001e+000 	3.0037187131392834e-002 	1.8512415567310285e-006 	3.0039038372949564e-002
2.7999999999999998e+000 	3.0045430003925330e-002 	1.3818697847568057e-006 	3.0046811873710094e-002
3.0000000000000000e+000 	3.0052881603928192e-002 	9.6094535341100163e-007 	3.0053842549281600e-002
3.2000000000000002e+000 	3.0059661863167601e-002 	5.8077706017167899e-007 	3.0060242640227757e-002
3.3999999999999999e+000 	3.0065866354861841e-002 	2.3537473397050625e-007 	3.0066101729595812e-002
3.6000000000000001e+000 	3.0071572362513364e-002 	-7.1053654292718769e-008 	3.0071501308859053e-002
4.0000000000000000e+000 	3.0203702218801091e-002 	-6.1072843286729286e-007 	3.0203091490368213e-002
4.4000000000000004e+000 	3.0090641191524711e-002 	-1.0878771577183350e-006 	3.0089553314366999e-002
4.7999999999999998e+000 	3.0098396018476754e-002 	-1.4999799480654284e-006 	3.0096896038528692e-002
5.2000000000000002e+000 	3.0105281246537240e-002 	-1.8572399945102071e-006 	3.0103424006542735e-002
5.5999999999999996e+000 	3.0111482264849242e-002 	-2.1687164601868479e-006 	3.0109313548389052e-002
6.0000000000000000e+000 	3.0117154741529206e-002 	-2.4419088659202066e-006 	3.0114712832663273e-002
6.4000000000000004e+000 	3.0122430372059080e-002 	-2.6829149232166238e-006 	3.0119747457135866e-002
6.7999999999999998e+000 	3.0127419098018960e-002 	-2.8966950596043594e-006 	3.0124522402959351e-002
7.2000000000000002e+000 	3.0132209531318514e-002 	-3.0873110661342354e-006 	3.0129122220252377e-002
7.5999999999999996e+000 	3.0136869098712955e-002 	-3.2581145430212971e-006 	3.0133610984169942e-002
8.0000000000000000e+000 	3.0141444793756945e-002 	-3.4069588590700531e-006 	3.0138037834897886e-002
8.8000000000000007e+000 	3.0217026328945747e-002 	-3.6642113717518178e-006 	3.0213362117573993e-002
9.5999999999999996e+000 	3.0159201039702991e-002 	-3.8880570410012795e-006 	3.0155312982662000e-002
1.0400000000000000e+001 	3.0167619312110594e-002 	-4.0781523483281657e-006 	3.0163541159762268e-002
1.1199999999999999e+001 	3.0175517733753543e-002 	-4.2410321729607081e-006 	3.0171276701580572e-002
1.2000000000000000e+001 	3.0182687982826820e-002 	-4.3822946017011923e-006 	3.0178305688225111e-002
1.2800000000000001e+001 	3.0188925811835972e-002 	-4.5063948909005515e-006 	3.0184419416945062e-002
1.3600000000000000e+001 	3.0194052699093477e-002 	-4.6167931485629708e-006 	3.0189435905944913e-002
1.4400000000000000e+001 	3.0197926391334215e-002 	-4.7161658791047740e-006 	3.0193210225455121e-002
1.5199999999999999e+001 	3.0200443506732760e-002 	-4.8065941157178238e-006 	3.0195636912617042e-002
1.6000000000000000e+001 	3.0201537309399909e-002 	-4.8897104915812069e-006 	3.0196647598908326e-002
1.6800000000000001e+001 	3.0201173056675922e-002 	-4.9668089181987918e-006 	3.0196206247757731e-002
1.7600000000000001e+001 	3.0199342509409591e-002 	-5.0389251595851461e-006 	3.0194303584250008e-002
1.8399999999999999e+001 	3.0196058535614842e-002 	-5.1057710242797032e-006 	3.0190952764590554e-002
2.0000000000000000e+001 	3.0222014075310485e-002 	-5.2301712476415986e-006 	3.0216783904062849e-002
2.1600000000000001e+001 	3.0169308809627017e-002 	-5.3473296574523062e-006 	3.0163961479969574e-002
2.3199999999999999e+001 	3.0148447587031772e-002 	-5.4574876786648364e-006 	3.0142990099353097e-002
2.4800000000000001e+001 	3.0123215919042177e-002 	-5.5623907586954429e-006 	3.0117653528283488e-002
2.6399999999999999e+001 	3.0094099246982593e-002 	-5.6634648246762655e-006 	3.0088435782157908e-002
2.8000000000000000e+001 	3.0061567695723913e-002 	-5.7617918800579343e-006 	3.0055805903843852e-002
2.9600000000000001e+001 	3.0026060454900590e-002 	-5.8581661974627715e-006 	3.0020202288703120e-002
3.1199999999999999e+001 	2.9987976687655838e-002 	-5.9531597896225461e-006 	2.9982023527866213e-002
3.2800000000000004e+001 	2.9947671036101454e-002 	-6.0471772798322833e-006 	2.9941623858821619e-002
3.4399999999999999e+001 	2.9905452271084751e-002 	-6.1404975323243355e-006 	2.9899311773552418e-002
3.6000000000000000e+001 	2.9861584058567384e-002 	-6.2333042516389809e-006 	2.9855350754315748e-002
3.7600000000000001e+001 	2.9816287129566556e-002 	-6.3255713926802950e-006 	2.9809961558173882e-002
4.0800000000000004e+001 	2.9737261903636698e-002 	-6.5089651472996199e-006 	2.9730752938489379e-002
4.4000000000000000e+001 	2.9624133857242069e-002 	-6.6909891528097199e-006 	2.9617442868089261e-002
4.7199999999999996e+001 	2.9522502478377361e-002 	-6.8710065558651367e-006 	2.9515631471821492e-002
5.0399999999999999e+001 	2.9417635088029196e-002 	-7.0484110777999680e-006 	2.9410586676951393e-002
5.3600000000000001e+001 	2.9309601936798931e-002 	-7.2225119041014524e-006 	2.9302379424894838e-002
5.6800000000000004e+001 	2.9198328807010877e-002 	-7.3925939425859719e-006 	2.9190936213068296e-002
6.0000000000000000e+001 	2.9083659470264398e-002 	-7.5579700185434188e-006 	2.9076101500245862e-002
6.3200000000000003e+001 	2.8965405399701168e-002 	-7.7180186018544941e-006 	2.8957687381099315e-002
6.6400000000000006e+001 	2.8843381911860155e-002 	-7.8722074423841306e-006 	2.8835509704417783e-002
6.9599999999999994e+001 	2.8717432210349884e-002 	-8.0201056296983012e-006 	2.8709412104720177e-002
7.2799999999999997e+001 	2.8587441592650951e-002 	-8.1586884662307434e-006 	2.8579282904184721e-002
7.9200000000000003e+001 	2.8321733218812331e-002 	-8.4144187951589686e-006 	2.8313318800017178e-002
8.5599999999999994e+001 	2.8026781192921665e-002 	-8.6476219463350555e-006 	2.8018133570975337e-002
9.2000000000000000e+001 	2.7723011709828764e-002 	-8.8544033000261132e-006 	2.7714157306528729e-002
9.8400000000000006e+001 	2.7405020525746438e-002 	-9.0353678839470849e-006 	2.7395985157862495e-002
1.0480000000000001e+002 	2.7074282422931958e-002 	-9.1918399629386647e-006 	2.7065090582969034e-002
1.1119999999999999e+002 	2.6732453923225551e-002 	-9.3254967771619277e-006 	2.6723128426448393e-002
1.1759999999999999e+002 	2.6381261389161935e-002 	-9.4381681483396295e-006 	2.6371823221013609e-002
1.2400000000000000e+002 	2.6022415839952236e-002 	-9.5317328119559523e-006 	2.6012884107140283e-002
1.3039999999999998e+002 	2.5657554144732555e-002 	-9.6080772395405625e-006 	2.5647946067493016e-002
1.3680000000000001e+002 	2.5288202494704929e-002 	-9.6690902872745152e-006 	2.5278533404417644e-002
1.4319999999999999e+002 	2.4915756970371766e-002 	-9.7130429220859464e-006 	2.4906043927449689e-002
1.5600000000000000e+002 	2.4176260918036797e-002 	-9.7713261532496819e-006 	2.4166489591883542e-002
1.6880000000000001e+002 	2.3420709003782732e-002 	-9.8097758516400260e-006 	2.3410899227931093e-002
1.8160000000000002e+002 	2.2680645928142784e-002 	-9.8346577657686520e-006 	2.2670811270377025e-002
1.9439999999999998e+002 	2.1952540075369949e-002 	-9.8586235258241407e-006 	2.1942681451844127e-002
2.0719999999999999e+002 	2.1240122271335416e-002 	-9.8936362496702319e-006 	2.1230228635085741e-002
2.2000000000000000e+002 	2.0546102383849980e-002 	-9.9499424594474005e-006 	2.0536152441390527e-002
2.3280000000000001e+002 	1.9872362959575469e-002 	-1.0035598615072765e-005 	1.9862327360960393e-002
2.4560000000000002e+002 	1.9220133208029212e-002 	-1.0156341919631794e-005 	1.9209976866109580e-002
2.5840000000000003e+002 	1.8590133691764987e-002 	-1.0315693167808763e-005 	1.8579817998597179e-002
2.7119999999999999e+002 	1.7982692543262221e-002 	-1.0515206429099141e-005 	1.7972177336833126e-002
2.8400000000000000e+002 	1.7397837345586118e-002 	-1.0754794958758007e-005 	1.7387082550627361e-002
2.9680000000000001e+002 	1.6835367320349050e-002 	-1.1033078701846526e-005 	1.6824334241647209e-002
3.0959999999999997e+002 	1.6294909967921708e-002 	-1.1359160190555725e-005 	1.6283550807731157e-002
3.3519999999999999e+002 	1.5289048219676440e-002 	-1.2103773066633187e-005 	1.5276944446609805e-002
3.6080000000000001e+002 	1.4339818448370218e-002 	-1.2924709152760676e-005 	1.4326893739217453e-002
3.8640000000000003e+002 	1.3477743376114938e-002 	-1.3817759504368714e-005 	1.3463925616610570e-002
4.1200000000000000e+002 	1.2685174941549865e-002 	-1.4759533490636713e-005 	1.2670415408059226e-002
4.3759999999999997e+002 	1.1956411021462793e-002 	-1.5726820703278806e-005 	1.1940684200759518e-002
4.6319999999999999e+002 	1.1285935782368809e-002 	-1.6698761089383741e-005 	1.1269237021279424e-002
4.8880000000000001e+002 	1.0668539918719994e-002 	-1.7657782791434304e-005 	1.0650882135928562e-002
5.1439999999999998e+002 	1.0099383972097626e-002 	-1.8589762173620032e-005 	1.0080794209924002e-002
5.4000000000000000e+002 	9.5740232144754193e-003 	-1.9483724993712708e-005 	9.5545394894817094e-003
5.6560000000000002e+002 	9.0884077867333761e-003 	-2.0331388329673284e-005 	9.0680763984037020e-003
5.9119999999999993e+002 	8.6388677757564345e-003 	-2.1126720615248409e-005 	8.6177410551411902e-003
6.1680000000000007e+002 	8.2220898219661324e-003 	-2.1842304545264009e-005 	8.2002475174208691e-003
6.6800000000000000e+002 	7.4842020319798195e-003 	-2.3088954157829563e-005 	7.4611130778219938e-003
7.1919999999999993e+002 	6.8208753111806382e-003 	-2.4142736677420207e-005 	6.7967325745032173e-003
7.7039999999999998e+002 	6.2531424054235209e-003 	-2.4972445849055243e-005 	6.2281699595744654e-003
8.2160000000000002e+002 	5.7554184499249532e-003 	-2.5586470858027114e-005 	5.7298319790669260e-003
8.7280000000000007e+002 	5.3166590631744236e-003 	-2.6000106144838634e-005 	5.2906589570295868e-003
9.2400000000000000e+002 	4.9278028125332215e-003 	-2.6232140029735893e-005 	4.9015706725034861e-003
9.7519999999999993e+002 	4.5814206008609575e-003 	-2.6302600839356618e-005 	4.5551180000216003e-003
1.0264000000000001e+003 	4.2714031019193991e-003 	-2.6231281068961301e-005 	4.2451718208504378e-003
1.0775999999999999e+003 	3.9927021308990840e-003 	-2.6036914582339979e-005 	3.9666652163167426e-003
1.1288000000000000e+003 	3.7411229990983634e-003 	-2.5736802481467679e-005 	3.7153861966168970e-003
1.1800000000000000e+003 	3.5131597630971719e-003 	-2.5322038610753093e-005 	3.4878377244864185e-003
1.2824000000000001e+003 	3.1213848944669424e-003 	-2.4291372850644146e-005 	3.0970935216162992e-003
1.3848000000000000e+003 	2.7795876078738316e-003 	-2.3112634499517581e-005 	2.7564749733743153e-003
1.4872000000000000e+003 	2.4972921589069517e-003 	-2.1803840012959129e-005 	2.4754883188939925e-003
1.5895999999999999e+003 	2.2567044024233776e-003 	-2.0416341944440664e-005 	2.2362880604789369e-003
1.6920000000000000e+003 	2.0498742533722053e-003 	-1.8993254391632667e-005 	2.0308809989805724e-003
1.7944000000000001e+003 	1.8706679495889330e-003 	-1.7568887765797116e-005 	1.8530990618231362e-003
1.8968000000000000e+003 	1.7143160069985803e-003 	-1.6169823615446210e-005 	1.6981461833831340e-003
1.9992000000000000e+003 	1.5770660013006603e-003 	-1.4815933087046407e-005 	1.5622500682136136e-003
2.1015999999999999e+003 	1.4559277607694866e-003 	-1.3521360996834737e-005 	1.4424063997726519e-003
2.2040000000000000e+003 	1.3484888593663564e-003 	-1.2295544195735909e-005 	1.3361933151706201e-003
2.3064000000000001e+003 	1.2527807303554126e-003 	-1.1172831609219253e-005 	1.2416078987461934e-003
2.5112000000000003e+003 	1.0920234345367197e-003 	-9.1630482275060665e-006 	1.0828603863092135e-003
2.7160000000000000e+003 	9.5579131588553171e-004 	-7.3967434140569316e-006 	9.4839457247147493e-004
2.9207999999999997e+003 	8.4690817924898247e-004 	-5.9046301593238876e-006 	8.4100354908965861e-004
3.1255999999999999e+003 	7.5682724561212781e-004 	-4.6626188594657580e-006 	7.5216462675266186e-004
3.3304000000000001e+003 	6.8151481445810223e-004 	-3.6398197532090209e-006 	6.7787499470489329e-004
3.5352000000000003e+003 	6.1792181644973964e-004 	-2.8053009141083052e-006 	6.1511651553563097e-004
3.7400000000000000e+003 	5.6372826375635811e-004 	-2.1300665158949961e-006 	5.6159819724046340e-004
3.9447999999999997e+003 	5.1715075937015754e-004 	-1.5877188389768812e-006 	5.1556304053118065e-004
4.1496000000000004e+003 	4.7680308748012637e-004 	-1.1548987043314185e-006 	4.7564818877579492e-004
4.3543999999999996e+003 	4.4159614652996789e-004 	-8.1148540795963040e-007 	4.4078466112200821e-004
4.5591999999999998e+003 	4.1066576019278453e-004 	-5.4051660838843348e-007 	4.1012524358439621e-004
4.7640000000000000e+003 	3.8332001972495613e-004 	-3.2791457297093205e-007 	3.8299210515198512e-004
4.9688000000000002e+003 	3.5900037182953537e-004 	-1.7259349511101080e-007 	3.5882777833442429e-004
5.3783999999999996e+003 	3.1815103608113382e-004 	4.1770805461670257e-008 	3.1819280688659559e-004
5.7880000000000000e+003 	2.8329225006782342e-004 	1.8426101260687987e-007 	2.8347651108043032e-004
6.1976000000000004e+003 	2.5520301721065875e-004 	2.6360980470291066e-007 	2.5546662701536165e-004
6.6071999999999998e+003 	2.3164608298945866e-004 	3.0258441968847382e-007 	2.3194866740914715e-004
7.0168000000000002e+003 	2.1161428655814844e-004 	3.1685955881701466e-007 	2.1193114611696545e-004
7.4264000000000005e+003 	1.9436973041609074e-004 	3.1634281850156234e-007 	1.9468607323459226e-004
7.8360000000000000e+003 	1.7936652966172030e-004 	3.0732986190388846e-007 	1.7967385952362416e-004
8.2456000000000004e+003 	1.6619455371512956e-004 	2.9381870410046375e-007 	1.6648837241923001e-004
8.6552000000000007e+003 	1.5454019674262354e-004 	2.7827657880268590e-007 	1.5481847332142620e-004
9.0647999999999993e+003 	1.4415939352093918e-004 	2.6216105438682287e-007 	1.4442155457532600e-004
9.4743999999999996e+003 	1.3485902139783314e-004 	2.4741289216754960e-007 	1.3510643429000068e-004
1.0293600000000000e+004 	1.1916310062998938e-004 	2.1997590746841345e-007 	1.1938307653745779e-004
1.1112799999999999e+004 	1.0550067929956643e-004 	1.9302192170723736e-007 	1.0569370122127364e-004
1.1932000000000000e+004 	9.4443240622250400e-005 	1.6935168445673206e-007 	9.4612592306707162e-005
1.2751200000000001e+004 	8.5117331666054597e-005 	1.4954946107890955e-007 	8.5266881127133475e-005
1.3570400000000000e+004 	7.7166655536650407e-005 	1.3285282602547847e-007 	7.7299508362675882e-005
1.4389600000000000e+004 	7.0323490314938957e-005 	1.1851524775073062e-007 	7.0442005562689714e-005
1.5208799999999999e+004 	6.4384164345247005e-005 	1.0609425602200564e-007 	6.4490258601268980e-005
1.6027999999999998e+004 	5.9191318830693641e-005 	9.5313924570015882e-008 	5.9286632755263653e-005
1.6847200000000001e+004 	5.4621491842700151e-005 	8.5962238800017645e-008 	5.4707454081500180e-005
1.7666399999999998e+004 	5.0576448541652461e-005 	7.7857649127020179e-008 	5.0654306190779491e-005
1.8485600000000002e+004 	4.6977054640970284e-005 	7.1543424128505748e-008 	4.7048598065098775e-005
2.0124000000000000e+004 	4.0978017035875545e-005 	6.1162005375498408e-008 	4.1039179041251048e-005
2.1762399999999998e+004 	3.5798385260860328e-005 	5.1859817409961227e-008 	3.5850245078270290e-005
2.3400799999999999e+004 	3.1682578259016916e-005 	4.5012988849614555e-008 	3.1727591247866533e-005
2.5039200000000001e+004 	2.8260630266537271e-005 	4.0158915034087542e-008 	2.8300789181571367e-005
2.6677600000000002e+004 	2.5382589199971651e-005 	3.6610608305573049e-008 	2.5419199808277235e-005
2.8316000000000000e+004 	2.2936632357119442e-005 	3.3580131419125302e-008 	2.2970212488538563e-005
