-550 0
-5.5000000000000000e+002 0.0000000000000000e+000 0.0000000000000000e+000
1
1 1 1 1
1
         t, ms                         dVp, mV                         dVs, mV                         dV, mV
5.0000000000000000e-001 	1.3769920912664468e-001 	-2.2515530454987587e-004 	1.3747405382209471e-001
5.9999999999999998e-001 	1.3787825850278199e-001 	-2.2638629391056952e-004 	1.3765187220887140e-001
6.9999999999999996e-001 	1.3799595432721970e-001 	-2.2751595864247941e-004 	1.3776843836857722e-001
8.0000000000000004e-001 	1.3808863565250612e-001 	-2.2846493718386846e-004 	1.3786017071532219e-001
9.0000000000000002e-001 	1.3816704122712578e-001 	-2.2927257207158006e-004 	1.3793776865505408e-001
1.0000000000000000e+000 	1.3823529517361427e-001 	-2.2996929016090844e-004 	1.3800532588345329e-001
1.1000000000000001e+000 	1.3829558884787557e-001 	-2.3057781781155360e-004 	1.3806501103006399e-001
1.2000000000000000e+000 	1.3834938327917928e-001 	-2.3111506640819567e-004 	1.3811826821277107e-001
1.3000000000000000e+000 	1.3839776290737987e-001 	-2.3159376103891653e-004 	1.3816616914634094e-001
1.3999999999999999e+000 	1.3844157045682623e-001 	-2.3201000642556537e-004 	1.3820956045040075e-001
1.6000000000000001e+000 	1.3989755019813341e-001 	-2.3273013948654238e-004 	1.3966482005864692e-001
1.8000000000000000e+000 	1.3858379153180417e-001 	-2.3335903038595646e-004 	1.3835043250141835e-001
2.0000000000000000e+000 	1.3863967815272729e-001 	-2.3389601487692856e-004 	1.3840578213785026e-001
2.2000000000000002e+000 	1.3868827223128855e-001 	-2.3435888846696679e-004 	1.3845391334282162e-001
2.3999999999999999e+000 	1.3873104144825407e-001 	-2.3476237331513338e-004 	1.3849627907493889e-001
2.6000000000000001e+000 	1.3876907715072787e-001 	-2.3511782737407929e-004 	1.3853395932335383e-001
2.7999999999999998e+000 	1.3880320316916681e-001 	-2.3543383284245104e-004 	1.3856776933632439e-001
3.0000000000000000e+000 	1.3883405316380579e-001 	-2.3571687970780358e-004 	1.3859833628409796e-001
3.2000000000000002e+000 	1.3886212368296927e-001 	-2.3597193208297338e-004 	1.3862615175088627e-001
3.3999999999999999e+000 	1.3888781042267315e-001 	-2.3620285093012112e-004 	1.3865160757174305e-001
3.6000000000000001e+000 	1.3891143335606715e-001 	-2.3640628166997932e-004 	1.3867502707439713e-001
4.0000000000000000e+000 	1.3945843954756840e-001 	-2.3676080617818259e-004 	1.3922167874139033e-001
4.4000000000000004e+000 	1.3899037803172268e-001 	-2.3706989847042614e-004 	1.3875330813325229e-001
4.7999999999999998e+000 	1.3902248247565868e-001 	-2.3733129318015913e-004 	1.3878515118247856e-001
5.2000000000000002e+000 	1.3905098587274053e-001 	-2.3755202263063188e-004 	1.3881343385010991e-001
5.5999999999999996e+000 	1.3907665421684676e-001 	-2.3773853555376383e-004 	1.3883891568129300e-001
6.0000000000000000e+000 	1.3910012894309776e-001 	-2.3789633911869003e-004 	1.3886223260397912e-001
6.4000000000000004e+000 	1.3912195005224939e-001 	-2.3803004973212946e-004 	1.3888392000251729e-001
6.7999999999999998e+000 	1.3914256461395777e-001 	-2.3814353160055078e-004 	1.3890442108235723e-001
7.2000000000000002e+000 	1.3916232791830693e-001 	-2.3824003021156076e-004 	1.3892408788809543e-001
7.5999999999999996e+000 	1.3918150362330928e-001 	-2.3832228155242874e-004 	1.3894318134175679e-001
8.0000000000000000e+000 	1.3920026660605106e-001 	-2.3838938383580199e-004 	1.3896187722221526e-001
8.8000000000000007e+000 	1.3951242522538423e-001 	-2.3849703840544793e-004 	1.3927392818697884e-001
9.5999999999999996e+000 	1.3927175123626828e-001 	-2.3858445257672655e-004 	1.3903316678369160e-001
1.0400000000000000e+001 	1.3930436861618864e-001 	-2.3865286430992729e-004 	1.3906571575187873e-001
1.1199999999999999e+001 	1.3933361134116024e-001 	-2.3870781194407331e-004 	1.3909490352921616e-001
1.2000000000000000e+001 	1.3935827953750302e-001 	-2.3875381142901645e-004 	1.3911952572607406e-001
1.2800000000000001e+001 	1.3937717955793641e-001 	-2.3879425871353190e-004 	1.3913838529922296e-001
1.3600000000000000e+001 	1.3938922167352943e-001 	-2.3883159957974019e-004 	1.3915039007394964e-001
1.4400000000000000e+001 	1.3939346860463603e-001 	-2.3886754484839958e-004 	1.3915460105978764e-001
1.5199999999999999e+001 	1.3938914866910582e-001 	-2.3890326129898009e-004 	1.3915024540780688e-001
1.6000000000000000e+001 	1.3937564733373839e-001 	-2.3893952302319664e-004 	1.3913670781071524e-001
1.6800000000000001e+001 	1.3935248797732316e-001 	-2.3897682565177821e-004 	1.3911351115167150e-001
1.7600000000000001e+001 	1.3931930914760138e-001 	-2.3901547039531222e-004 	1.3908029367720612e-001
1.8399999999999999e+001 	1.3927584259768963e-001 	-2.3905624292238576e-004 	1.3903678635476721e-001
2.0000000000000000e+001 	1.3930770253775154e-001 	-2.3914268747031190e-004 	1.3906855985028121e-001
2.1600000000000001e+001 	1.3899591727028812e-001 	-2.3923414138216236e-004 	1.3875668312890591e-001
2.3199999999999999e+001 	1.3879172014177044e-001 	-2.3933130376335368e-004 	1.3855238883800713e-001
2.4800000000000001e+001 	1.3854474858381005e-001 	-2.3943385405176000e-004 	1.3830531472975829e-001
2.6399999999999999e+001 	1.3825549109376714e-001 	-2.3954135817784862e-004 	1.3801594973558934e-001
2.8000000000000000e+001 	1.3792474410357053e-001 	-2.3965335485143588e-004 	1.3768509074871907e-001
2.9600000000000001e+001 	1.3755357419333183e-001 	-2.3976938704650729e-004 	1.3731380480628519e-001
3.1199999999999999e+001 	1.3714328437144346e-001 	-2.3988900823582673e-004 	1.3690339536320764e-001
3.2800000000000004e+001 	1.3669538091795008e-001 	-2.4001177862477885e-004 	1.3645536913932532e-001
3.4399999999999999e+001 	1.3621153919858492e-001 	-2.4013725927785707e-004 	1.3597140193930710e-001
3.6000000000000000e+001 	1.3569356856394454e-001 	-2.4026500778369690e-004 	1.3545330355616089e-001
3.7600000000000001e+001 	1.3514337736830401e-001 	-2.4039491404055592e-004 	1.3490298245426344e-001
4.0800000000000004e+001 	1.3401661336661155e-001 	-2.4065757302891354e-004 	1.3377595579358259e-001
4.4000000000000000e+001 	1.3266629565613641e-001 	-2.4092067807941357e-004 	1.3242537497805701e-001
4.7199999999999996e+001 	1.3128644287743788e-001 	-2.4118207085655844e-004 	1.3104526080658135e-001
5.0399999999999999e+001 	1.2983192452155543e-001 	-2.4143890016065759e-004 	1.2959048562139480e-001
5.3600000000000001e+001 	1.2831636417848727e-001 	-2.4168852123083266e-004 	1.2807467565725644e-001
5.6800000000000004e+001 	1.2675217096222596e-001 	-2.4192864158950698e-004 	1.2651024232063646e-001
6.0000000000000000e+001 	1.2515043174207530e-001 	-2.4215737752503514e-004 	1.2490827436455024e-001
6.3200000000000003e+001 	1.2352090723049025e-001 	-2.4237326204695750e-004 	1.2327853396844332e-001
6.6400000000000006e+001 	1.2187209240625015e-001 	-2.4257522483076279e-004 	1.2162951718141941e-001
6.9599999999999994e+001 	1.2021131377944863e-001 	-2.4276255644879299e-004 	1.1996855122299985e-001
7.2799999999999997e+001 	1.1854484424355047e-001 	-2.4292906136058124e-004 	1.1830191518218983e-001
7.9200000000000003e+001 	1.1525185570749527e-001 	-2.4321583962630533e-004 	1.1500863986786899e-001
8.5599999999999994e+001 	1.1192633069260711e-001 	-2.4345616696821380e-004 	1.1168287452563889e-001
9.2000000000000000e+001 	1.0868481584650225e-001 	-2.4364387484184863e-004 	1.0844117197166038e-001
9.8400000000000006e+001 	1.0551263737150303e-001 	-2.4378246801914742e-004 	1.0526885490348389e-001
1.0480000000000001e+002 	1.0242140184310640e-001 	-2.4387654234557716e-004 	1.0217752530076088e-001
1.1119999999999999e+002 	9.9418700739931878e-002 	-2.4393080426472215e-004 	9.9174769935667151e-002
1.1759999999999999e+002 	9.6509090234611489e-002 	-2.4394949086441994e-004 	9.6265140743747063e-002
1.2400000000000000e+002 	9.3694880993625468e-002 	-2.4393602675632685e-004 	9.3450944966869190e-002
1.3039999999999998e+002 	9.0976741668960581e-002 	-2.4389284908692265e-004 	9.0732848819873660e-002
1.3680000000000001e+002 	8.8354149947199548e-002 	-2.4382135420105775e-004 	8.8110328592998541e-002
1.4319999999999999e+002 	8.5825727205992977e-002 	-2.4371016653175709e-004 	8.5582017039461208e-002
1.5600000000000000e+002 	8.1092225655221367e-002 	-2.4339335366274726e-004 	8.0848832301558662e-002
1.6880000000000001e+002 	7.6599555425316976e-002 	-2.4296585025655360e-004 	7.6356589575060391e-002
1.8160000000000002e+002 	7.2483849905264838e-002 	-2.4239195013896325e-004 	7.2241457955125904e-002
1.9439999999999998e+002 	6.8669154033014629e-002 	-2.4165063892156682e-004 	6.8427503394093078e-002
2.0719999999999999e+002 	6.5132219354353565e-002 	-2.4072307516782350e-004 	6.4891496279185751e-002
2.2000000000000000e+002 	6.1850617973350522e-002 	-2.3959398984938418e-004 	6.1611023983501143e-002
2.3280000000000001e+002 	5.8803199214492972e-002 	-2.3825284269102248e-004 	5.8564946371801950e-002
2.4560000000000002e+002 	5.5970309549493696e-002 	-2.3669440018353924e-004 	5.5733615149310148e-002
2.5840000000000003e+002 	5.3333861850906168e-002 	-2.3491874363146836e-004 	5.3098943107274713e-002
2.7119999999999999e+002 	5.0877313896035621e-002 	-2.3293083328448450e-004 	5.0644383062751132e-002
2.8400000000000000e+002 	4.8585595741155174e-002 	-2.3073978768555753e-004 	4.8354855953469625e-002
2.9680000000000001e+002 	4.6445011110518318e-002 	-2.2835802812605849e-004 	4.6216653082392256e-002
3.0959999999999997e+002 	4.4443128215190253e-002 	-2.2574599115759861e-004 	4.4217382224032618e-002
3.3519999999999999e+002 	4.0853070909403100e-002 	-2.2008134252141068e-004 	4.0632989566881689e-002
3.6080000000000001e+002 	3.7587271489550482e-002 	-2.1405477721042111e-004 	3.7373216712340042e-002
3.8640000000000003e+002 	3.4746586483207165e-002 	-2.0768431037375282e-004 	3.4538902172833397e-002
4.1200000000000000e+002 	3.2223786630279617e-002 	-2.0107534637305591e-004 	3.2022711283906567e-002
4.3759999999999997e+002 	2.9973920481111752e-002 	-1.9432863093724265e-004 	2.9779591850174519e-002
4.6319999999999999e+002 	2.7959269213974753e-002 	-1.8753226956939268e-004 	2.7771736944405358e-002
4.8880000000000001e+002 	2.6148196935753806e-002 	-1.8075987473163010e-004 	2.5967437061022176e-002
5.1439999999999998e+002 	2.4514099725046475e-002 	-1.7407093997019794e-004 	2.4340028785076271e-002
5.4000000000000000e+002 	2.3034517377018168e-002 	-1.6751196540444241e-004 	2.2867005411613735e-002
5.6560000000000002e+002 	2.1690404424682144e-002 	-1.6111794889433868e-004 	2.1529286475787800e-002
5.9119999999999993e+002 	2.0465538087082083e-002 	-1.5491409185002328e-004 	2.0310623995232056e-002
6.1680000000000007e+002 	1.9346038448571076e-002 	-1.4900399981985037e-004 	1.9197034448751222e-002
6.6800000000000000e+002 	1.7400875817396744e-002 	-1.3786882678291004e-004 	1.7263006990613838e-002
7.1919999999999993e+002 	1.5683557097532934e-002 	-1.2745500081388792e-004 	1.5556102096719050e-002
7.7039999999999998e+002 	1.4245775867943207e-002 	-1.1788278790687141e-004 	1.4127893080036338e-002
8.2160000000000002e+002 	1.3006486784246003e-002 	-1.0912600984482030e-004 	1.2897360774401180e-002
8.7280000000000007e+002 	1.1929896440181015e-002 	-1.0113501447926909e-004 	1.1828761425701747e-002
9.2400000000000000e+002 	1.0987802691728230e-002 	-9.3849941275612171e-005 	1.0893952750452617e-002
9.7519999999999993e+002 	1.0157889486133812e-002 	-8.7207818807152459e-005 	1.0070681667326659e-002
1.0264000000000001e+003 	9.4223574212592420e-003 	-8.1146488133696318e-005 	9.3412109331255499e-003
1.0775999999999999e+003 	8.7668783517866333e-003 	-7.5606860768057940e-005 	8.6912714910185769e-003
1.1288000000000000e+003 	8.1798105272401552e-003 	-7.0534196039144241e-005 	8.1092763312010131e-003
1.1800000000000000e+003 	7.6516101549757576e-003 	-6.6006481957638408e-005 	7.5856036730181202e-003
1.2824000000000001e+003 	6.7518608918599003e-003 	-5.7996330177740134e-005 	6.6938645616821633e-003
1.3848000000000000e+003 	5.9743727350054293e-003 	-5.0894194021655869e-005 	5.9234785409837719e-003
1.4872000000000000e+003 	5.3391147352929410e-003 	-4.4741587800315594e-005 	5.2943731474926290e-003
1.5895999999999999e+003 	4.8023209213489126e-003 	-3.9391904363309103e-005 	4.7629290169856038e-003
1.6920000000000000e+003 	4.3442513429289694e-003 	-3.4711613523457102e-005 	4.3095397294055119e-003
1.7944000000000001e+003 	3.9499141980463707e-003 	-3.0591352253543994e-005 	3.9193228457928258e-003
1.8968000000000000e+003 	3.6078161955337426e-003 	-2.6945333362618123e-005 	3.5808708621711247e-003
1.9992000000000000e+003 	3.3090268518434097e-003 	-2.3706524685908995e-005 	3.2853203271575007e-003
2.1015999999999999e+003 	3.0465066534691252e-003 	-2.0821687841339712e-005 	3.0256849656277846e-003
2.2040000000000000e+003 	2.8146298675618738e-003 	-1.8247614459957664e-005 	2.7963822531019166e-003
2.3064000000000001e+003 	2.6088440739642691e-003 	-1.6030281842607128e-005 	2.5928137921216623e-003
2.5112000000000003e+003 	2.2647636189794622e-003 	-1.2280557779686116e-005 	2.2524830611997766e-003
2.7160000000000000e+003 	1.9747703583887608e-003 	-9.1342169993696309e-006 	1.9656361413893913e-003
2.9207999999999997e+003 	1.7443359469405866e-003 	-6.6160574176759400e-006 	1.7377198895229110e-003
3.1255999999999999e+003 	1.5546060689538451e-003 	-4.6192757021392710e-006 	1.5499867932517054e-003
3.3304000000000001e+003 	1.3966460683100094e-003 	-3.0450251982920521e-006 	1.3936010431117179e-003
3.5352000000000003e+003 	1.2637556791039964e-003 	-1.8116349108667901e-006 	1.2619440441931299e-003
3.7400000000000000e+003 	1.1508735502665877e-003 	-8.5275950873140499e-007 	1.1500207907578560e-003
3.9447999999999997e+003 	1.0541338683890372e-003 	-1.1406646351995864e-007 	1.0540198019255173e-003
4.1496000000000004e+003 	9.7054859961553616e-004 	4.4898721064243710e-007 	9.7099758682617850e-004
4.3543999999999996e+003 	8.9778161729109742e-004 	8.7268002725958394e-007 	8.9865429731835692e-004
4.5591999999999998e+003 	8.3398719918562829e-004 	1.1863244251321845e-006 	8.3517352361076025e-004
4.7640000000000000e+003 	7.7769315324561356e-004 	1.4134517583224991e-006 	7.7910660500393573e-004
4.9688000000000002e+003 	7.2771505311278477e-004 	1.5592320543623756e-006 	7.2927428516714762e-004
5.3783999999999996e+003 	6.4395106946161748e-004 	1.7178412044624741e-006 	6.4566891066607983e-004
5.7880000000000000e+003 	5.7262955676057781e-004 	1.7796619150011732e-006 	5.7440921867557896e-004
6.1976000000000004e+003 	5.1531269782641327e-004 	1.7610551679117936e-006 	5.1707375299432504e-004
6.6071999999999998e+003 	4.6734150444276910e-004 	1.6967642450210655e-006 	4.6903826868779013e-004
7.0168000000000002e+003 	4.2661815627021831e-004 	1.6093347235954960e-006 	4.2822749099381412e-004
7.4264000000000005e+003 	3.9161096098095619e-004 	1.5120101551084191e-006 	3.9312297113606450e-004
7.8360000000000000e+003 	3.6119038737260708e-004 	1.4126626599417037e-006 	3.6260305003254871e-004
8.2456000000000004e+003 	3.3451019986148174e-004 	1.3159272387235244e-006 	3.3582612710020520e-004
8.6552000000000007e+003 	3.1092491786460200e-004 	1.2243259235664628e-006 	3.1214924378816843e-004
9.0647999999999993e+003 	2.8993326012977994e-004 	1.1390151401341841e-006 	2.9107227526991414e-004
9.4743999999999996e+003 	2.7113930313607624e-004 	1.0642763631611210e-006 	2.7220357949923738e-004
1.0293600000000000e+004 	2.3945078981251578e-004 	9.3291128442835542e-007 	2.4038370109694408e-004
1.1112799999999999e+004 	2.1188593256379264e-004 	8.1378877045997348e-007 	2.1269972133425267e-004
1.1932000000000000e+004 	1.8960131586292662e-004 	7.1254033077660007e-007 	1.9031385619370321e-004
1.2751200000000001e+004 	1.7082042441622585e-004 	6.2806847503386444e-007 	1.7144849289125967e-004
1.3570400000000000e+004 	1.5481912162008650e-004 	5.5700347627015590e-007 	1.5537612509635662e-004
1.4389600000000000e+004 	1.4105411146492057e-004 	4.9642552165767583e-007 	1.4155053698657819e-004
1.5208799999999999e+004 	1.2911263174671792e-004 	4.4434241432867365e-007 	1.2955697416104658e-004
1.6027999999999998e+004 	1.1867614755764744e-004 	3.9933911267465998e-007 	1.1907548667032217e-004
1.6847200000000001e+004 	1.0949498668116537e-004 	3.6031796003981711e-007 	1.0985530464120523e-004
1.7666399999999998e+004 	1.0137065992644495e-004 	3.2638756052201162e-007 	1.0169704748696695e-004
1.8485600000000002e+004 	9.4143387865108612e-005 	2.9882838106455179e-007 	9.4442216246173137e-005
2.0124000000000000e+004 	8.2102395621867427e-005 	2.5325088436886776e-007 	8.2355646506236302e-005
2.1762399999999998e+004 	7.1708703184936208e-005 	2.1388760009157699e-007 	7.1922590785027758e-005
2.3400799999999999e+004 	6.3453497982481752e-005 	1.8343688386063077e-007 	6.3636934866342392e-005
2.5039200000000001e+004 	5.6592083172112565e-005 	1.6015672467432619e-007 	5.6752239896786878e-005
2.6677600000000002e+004 	5.0822740727685009e-005 	1.4200994901065243e-007 	5.0964750676695686e-005
2.8316000000000000e+004 	4.5920608784451399e-005 	1.2601129470522164e-007 	4.6046620079156620e-005
-850 0
-8.5000000000000000e+002 0.0000000000000000e+000 0.0000000000000000e+000
1
1 1 1 1
1
         t, ms                         dVp, mV                         dVs, mV                         dV, mV
5.0000000000000000e-001 	1.1037266996808018e-001 	-2.7758220765660210e-004 	1.1009508776042355e-001
5.9999999999999998e-001 	1.1051154623540030e-001 	-2.7710170478383354e-004 	1.1023444453061650e-001
6.9999999999999996e-001 	1.1060283511024252e-001 	-2.7665956189133967e-004 	1.1032617554835125e-001
8.0000000000000004e-001 	1.1067472187516438e-001 	-2.7628592193369901e-004 	1.1039843595323071e-001
9.0000000000000002e-001 	1.1073553579458137e-001 	-2.7596611438564797e-004 	1.1045956968019574e-001
1.0000000000000000e+000 	1.1078847569294348e-001 	-2.7568886249081852e-004 	1.1051278683045263e-001
1.1000000000000001e+000 	1.1083524128376063e-001 	-2.7544576723578649e-004 	1.1055979551652484e-001
1.2000000000000000e+000 	1.1087696580894288e-001 	-2.7523057145183649e-004 	1.1060173523749105e-001
1.3000000000000000e+000 	1.1091449040953193e-001 	-2.7503854187853186e-004 	1.1063945186765342e-001
1.3999999999999999e+000 	1.1094846873920249e-001 	-2.7487155919337774e-004 	1.1067359718000906e-001
1.6000000000000001e+000 	1.1207774191616358e-001 	-2.7458311543196413e-004 	1.1180315880073163e-001
1.8000000000000000e+000 	1.1105877904261305e-001 	-2.7433196511002521e-004 	1.1078444707750297e-001
2.0000000000000000e+000 	1.1110212601817543e-001 	-2.7411844663326581e-004 	1.1082800757154217e-001
2.2000000000000002e+000 	1.1113981666753424e-001 	-2.7393524862610641e-004 	1.1086588141890809e-001
2.3999999999999999e+000 	1.1117298937625868e-001 	-2.7377616725860447e-004 	1.1089921320900008e-001
2.6000000000000001e+000 	1.1120249063089162e-001 	-2.7363629461004432e-004 	1.1092885433628161e-001
2.7999999999999998e+000 	1.1122895942174794e-001 	-2.7351183434626698e-004 	1.1095544758740168e-001
3.0000000000000000e+000 	1.1125288723596004e-001 	-2.7339985951876201e-004 	1.1097948737644127e-001
3.2000000000000002e+000 	1.1127465921233599e-001 	-2.7329810221195960e-004 	1.1100136111012400e-001
3.3999999999999999e+000 	1.1129458226507441e-001 	-2.7320479052856447e-004 	1.1102137747454584e-001
3.6000000000000001e+000 	1.1131290457555075e-001 	-2.7312048461758073e-004 	1.1103978409093319e-001
4.0000000000000000e+000 	1.1173716804413146e-001 	-2.7296801303576551e-004 	1.1146420003109568e-001
4.4000000000000004e+000 	1.1137413514129503e-001 	-2.7282856745725975e-004 	1.1110130657383779e-001
4.7999999999999998e+000 	1.1139903566461916e-001 	-2.7270220855280707e-004 	1.1112633345606636e-001
5.2000000000000002e+000 	1.1142114291469100e-001 	-2.7258640237005476e-004 	1.1114855651232090e-001
5.5999999999999996e+000 	1.1144105059387784e-001 	-2.7247911717023776e-004 	1.1116857147670761e-001
6.0000000000000000e+000 	1.1145925538194101e-001 	-2.7237885035452474e-004 	1.1118687653158651e-001
6.4000000000000004e+000 	1.1147617468717973e-001 	-2.7228452743516339e-004 	1.1120389015974454e-001
6.7999999999999998e+000 	1.1149215305378227e-001 	-2.7219538968274769e-004 	1.1121995766409948e-001
7.2000000000000002e+000 	1.1150746288974020e-001 	-2.7211090182340875e-004 	1.1123535198791677e-001
7.5999999999999996e+000 	1.1152230445444043e-001 	-2.7203068326306248e-004 	1.1125027377117741e-001
8.0000000000000000e+000 	1.1153680799587719e-001 	-2.7195586939118528e-004 	1.1126485212648599e-001
8.8000000000000007e+000 	1.1177871814785044e-001 	-2.7181760390322576e-004 	1.1150690054394728e-001
9.5999999999999996e+000 	1.1159169724073809e-001 	-2.7169049953964847e-004 	1.1132000674119841e-001
1.0400000000000000e+001 	1.1161638152126946e-001 	-2.7157618508802042e-004 	1.1134480533618146e-001
1.1199999999999999e+001 	1.1163810940865128e-001 	-2.7147413147506381e-004 	1.1136663527717622e-001
1.2000000000000000e+001 	1.1165585416208927e-001 	-2.7138364844088257e-004 	1.1138447051364843e-001
1.2800000000000001e+001 	1.1166858932841879e-001 	-2.7130398246688115e-004 	1.1139728534595189e-001
1.3600000000000000e+001 	1.1167536662117479e-001 	-2.7123435153873093e-004 	1.1140413226963601e-001
1.4400000000000000e+001 	1.1167535497899747e-001 	-2.7117396503796841e-004 	1.1140418101395955e-001
1.5199999999999999e+001 	1.1166785166908189e-001 	-2.7112204055418718e-004 	1.1139672962852767e-001
1.6000000000000000e+001 	1.1165227634815254e-001 	-2.7107781892262198e-004 	1.1138119852922992e-001
1.6800000000000001e+001 	1.1162815665835402e-001 	-2.7104057665996940e-004 	1.1135711608169407e-001
1.7600000000000001e+001 	1.1159511113972689e-001 	-2.7100963515119906e-004 	1.1132410150457568e-001
1.8399999999999999e+001 	1.1155283285066273e-001 	-2.7098613528751510e-004 	1.1128184671537519e-001
2.0000000000000000e+001 	1.1155576924606293e-001 	-2.7095351738334682e-004 	1.1128481572867958e-001
2.1600000000000001e+001 	1.1128683229315442e-001 	-2.7093341383781049e-004 	1.1101589887931658e-001
2.3199999999999999e+001 	1.1109425535525257e-001 	-2.7092634516014130e-004 	1.1082332901009245e-001
2.4800000000000001e+001 	1.1086131208153852e-001 	-2.7093024194652299e-004 	1.1059038183959199e-001
2.6399999999999999e+001 	1.1058800344869475e-001 	-2.7094320894053122e-004 	1.1031706023975420e-001
2.8000000000000000e+001 	1.1027469537397185e-001 	-2.7096364861457675e-004 	1.1000373172535727e-001
2.9600000000000001e+001 	1.0992209079300616e-001 	-2.7099024720516978e-004 	1.0965110054580102e-001
3.1199999999999999e+001 	1.0953119800344009e-001 	-2.7102192338257812e-004 	1.0926017608005748e-001
3.2800000000000004e+001 	1.0910329466062660e-001 	-2.7105777485538548e-004 	1.0883223688577122e-001
3.4399999999999999e+001 	1.0863988794101781e-001 	-2.7109703394077514e-004 	1.0836879090707709e-001
3.6000000000000000e+001 	1.0814267242484792e-001 	-2.7113903408737457e-004 	1.0787153339076055e-001
3.7600000000000001e+001 	1.0761348765763171e-001 	-2.7118362080219538e-004 	1.0734230403682946e-001
4.0800000000000004e+001 	1.0651538055543490e-001 	-2.7127647672217452e-004 	1.0624410407871275e-001
4.4000000000000000e+001 	1.0522293939997353e-001 	-2.7137081512460296e-004 	1.0495156858484891e-001
4.7199999999999996e+001 	1.0388841774441815e-001 	-2.7146508805965855e-004 	1.0361695265635851e-001
5.0399999999999999e+001 	1.0248128716040340e-001 	-2.7155712414497670e-004 	1.0220973003625844e-001
5.3600000000000001e+001 	1.0101579913965084e-001 	-2.7164508145955562e-004 	1.0074415405819126e-001
5.6800000000000004e+001 	9.9505001150503744e-002 	-2.7172751534181011e-004 	9.9233273635161962e-002
6.0000000000000000e+001 	9.7960578831313636e-002 	-2.7180336854804369e-004 	9.7688775462765526e-002
6.3200000000000003e+001 	9.6392819325356316e-002 	-2.7187193128041837e-004 	9.6120947394075881e-002
6.6400000000000006e+001 	9.4810653303762205e-002 	-2.7193279085828393e-004 	9.4538720512903920e-002
6.9599999999999994e+001 	9.3221744750660349e-002 	-2.7198578012818100e-004 	9.2949758970532134e-002
7.2799999999999997e+001 	9.1632606104816133e-002 	-2.7202810010066821e-004 	9.1360578004715490e-002
7.9200000000000003e+001 	8.8505429570240268e-002 	-2.7209011443567074e-004 	8.8233339455804596e-002
8.5599999999999994e+001 	8.5379469734406660e-002 	-2.7213073733549169e-004 	8.5107338997071111e-002
9.2000000000000000e+001 	8.2353343138294163e-002 	-2.7214832580361715e-004 	8.2081194812490543e-002
9.8400000000000006e+001 	7.9416763921893077e-002 	-2.7214593865732695e-004 	7.9144617983235729e-002
1.0480000000000001e+002 	7.6579583434208426e-002 	-2.7212688061535741e-004 	7.6307456553593070e-002
1.1119999999999999e+002 	7.3847401115506403e-002 	-2.7209411855289820e-004 	7.3575306996953513e-002
1.1759999999999999e+002 	7.1222689186108384e-002 	-2.7204992133192548e-004 	7.0950639264776502e-002
1.2400000000000000e+002 	6.8705688517758282e-002 	-2.7199563335031189e-004 	6.8433692884408009e-002
1.3039999999999998e+002 	6.6295083214959583e-002 	-2.7193154984688015e-004 	6.6023151665112731e-002
1.3680000000000001e+002 	6.3988494862798298e-002 	-2.7185687597746061e-004 	6.3716637986820854e-002
1.4319999999999999e+002 	6.1782839806483185e-002 	-2.7176209554663223e-004 	6.1511077710936564e-002
1.5600000000000000e+002 	5.7700330591786475e-002 	-2.7151160886785012e-004 	5.7428818982918642e-002
1.6880000000000001e+002 	5.3883634154820302e-002 	-2.7117191593709398e-004 	5.3612462238883198e-002
1.8160000000000002e+002 	5.0439581027142674e-002 	-2.7069908317271617e-004 	5.0168881943969929e-002
1.9439999999999998e+002 	4.7293026844975897e-002 	-2.7005650233696696e-004 	4.7022970342638935e-002
2.0719999999999999e+002 	4.4415771394686207e-002 	-2.6921055944451473e-004 	4.4146560835241697e-002
2.2000000000000000e+002 	4.1781646065934729e-002 	-2.6813327491515519e-004 	4.1513512791019565e-002
2.3280000000000001e+002 	3.9366750158910960e-002 	-2.6680403961682673e-004 	3.9099946119294141e-002
2.4560000000000002e+002 	3.7149470724846916e-002 	-2.6521035900767075e-004 	3.6884260365839250e-002
2.5840000000000003e+002 	3.5110384121203549e-002 	-2.6334774671401949e-004 	3.4847036374489535e-002
2.7119999999999999e+002 	3.3232098856613122e-002 	-2.6121899450118623e-004 	3.2970879862111932e-002
2.8400000000000000e+002 	3.1499074966715064e-002 	-2.5883306183343516e-004 	3.1240241904881630e-002
2.9680000000000001e+002 	2.9897439965791861e-002 	-2.5620380075304854e-004 	2.9641236165038803e-002
3.0959999999999997e+002 	2.8414812165686684e-002 	-2.5327792533575550e-004 	2.8161534240350925e-002
3.3519999999999999e+002 	2.5794564911093030e-002 	-2.4685386591501098e-004 	2.5547711045178022e-002
3.6080000000000001e+002 	2.3446904653752910e-002 	-2.3995371586339005e-004 	2.3206950937889517e-002
3.8640000000000003e+002 	2.1443115768439484e-002 	-2.3259535474183323e-004 	2.1210520413697656e-002
4.1200000000000000e+002 	1.9691838784617804e-002 	-2.2491073940550654e-004 	1.9466928045212294e-002
4.3759999999999997e+002 	1.8153012806261238e-002 	-2.1702715613696952e-004 	1.7935985650124268e-002
4.6319999999999999e+002 	1.6793801730456880e-002 	-2.0905653829775915e-004 	1.6584745192159120e-002
4.8880000000000001e+002 	1.5587283771229692e-002 	-2.0109254793253197e-004 	1.5386191223297161e-002
5.1439999999999998e+002 	1.4511304611554296e-002 	-1.9321082847172663e-004 	1.4318093783082568e-002
5.4000000000000000e+002 	1.3547539398757665e-002 	-1.8547052933443623e-004 	1.3362068869423226e-002
5.6560000000000002e+002 	1.2680744974623563e-002 	-1.7791636746543197e-004 	1.2502828607158128e-002
5.9119999999999993e+002 	1.1898168790941344e-002 	-1.7058087368789773e-004 	1.1727587917253451e-002
6.1680000000000007e+002 	1.1189081993685008e-002 	-1.6358856684411957e-004 	1.1025493426840886e-002
6.6800000000000000e+002 	9.9713515860096816e-003 	-1.5041123972308414e-004 	9.8209403462865968e-003
7.1919999999999993e+002 	8.9086488633245073e-003 	-1.3809069981402257e-004 	8.7705581635104772e-003
7.7039999999999998e+002 	8.0318505317007165e-003 	-1.2677480147375123e-004 	7.9050757302269650e-003
8.2160000000000002e+002 	7.2848332855578405e-003 	-1.1643838771664401e-004 	7.1683948978411970e-003
8.7280000000000007e+002 	6.6425447908974745e-003 	-1.0702706401589010e-004 	6.5355177268815821e-003
9.2400000000000000e+002 	6.0856213017167924e-003 	-9.8472788625913286e-005 	5.9871485130908782e-003
9.7519999999999993e+002 	5.5990107751088891e-003 	-9.0702679310823196e-005 	5.5083080957980647e-003
1.0264000000000001e+003 	5.1708995041056301e-003 	-8.3644106840114217e-005 	5.0872553972655162e-003
1.0775999999999999e+003 	4.7919136830785443e-003 	-7.7227604704664920e-005 	4.7146860783738769e-003
1.1288000000000000e+003 	4.4545340384428431e-003 	-7.1388443710876460e-005 	4.3831455947319683e-003
1.1800000000000000e+003 	4.1526664351002355e-003 	-6.6227741992977803e-005 	4.0864386931072560e-003
1.2824000000000001e+003 	3.6420669124708899e-003 	-5.7214005777630197e-005 	3.5848529066932599e-003
1.3848000000000000e+003 	3.2042519222336618e-003 	-4.9338453823644111e-005 	3.1549134684100170e-003
1.4872000000000000e+003 	2.8496875401359230e-003 	-4.2650926466653876e-005 	2.8070366136692696e-003
1.5895999999999999e+003 	2.5522188171154389e-003 	-3.6964748277750126e-005 	2.5152540688376888e-003
1.6920000000000000e+003 	2.2999698043405349e-003 	-3.2108399456730956e-005 	2.2678614048838035e-003
1.7944000000000001e+003 	2.0840212706845686e-003 	-2.7938653483204648e-005 	2.0560826172013637e-003
1.8968000000000000e+003 	1.8976054314446325e-003 	-2.4340243353315036e-005 	1.8732651880913169e-003
1.9992000000000000e+003 	1.7355120917942359e-003 	-2.1221115986409546e-005 	1.7142909758078259e-003
2.1015999999999999e+003 	1.5936679977776780e-003 	-1.8507334562199085e-005 	1.5751606632154788e-003
2.2040000000000000e+003 	1.4688417362916579e-003 	-1.6138926434497426e-005 	1.4527028098571607e-003
2.3064000000000001e+003 	1.3584355259741953e-003 	-1.4150955481549709e-005 	1.3442845704926458e-003
2.5112000000000003e+003 	1.1745959449070546e-003 	-1.0875867574370648e-005 	1.1637200773326839e-003
2.7160000000000000e+003 	1.0204332485427054e-003 	-8.1847862602085079e-006 	1.0122484622824971e-003
2.9207999999999997e+003 	8.9859139318148316e-004 	-6.0831083145325751e-006 	8.9250828486695086e-004
3.1255999999999999e+003 	7.9872275036207399e-004 	-4.4519874641030620e-006 	7.9427076289797084e-004
3.3304000000000001e+003 	7.1590659899113738e-004 	-3.1885264453103217e-006 	7.1271807254582697e-004
3.5352000000000003e+003 	6.4647800019183887e-004 	-2.2113906255145474e-006 	6.4426660956632428e-004
3.7400000000000000e+003 	5.8768596091464051e-004 	-1.4575583757709596e-006 	5.8622840253886948e-004
3.9447999999999997e+003 	5.3744122293923223e-004 	-8.7800859816435759e-007 	5.3656321434106778e-004
4.1496000000000004e+003 	4.9413702980330280e-004 	-4.3444453084958568e-007 	4.9370258527245317e-004
4.3543999999999996e+003 	4.5652273577676612e-004 	-9.6923215879391921e-008 	4.5642581256088668e-004
4.5591999999999998e+003 	4.2361410190970577e-004 	1.5795609258597343e-007 	4.2377205800229182e-004
4.7640000000000000e+003 	3.9462881569794669e-004 	3.4847814022314721e-007 	3.9497729383816980e-004
4.9688000000000002e+003 	3.6893945735720098e-004 	4.7837743096852841e-007 	3.6941783478816945e-004
5.3783999999999996e+003 	3.2597710881175336e-004 	6.3975748232067358e-007 	3.2661686629407397e-004
5.7880000000000000e+003 	2.8947731952918773e-004 	7.3053416766948816e-007 	2.9020785369685735e-004
6.1976000000000004e+003 	2.6022336994347268e-004 	7.6121750110096058e-007 	2.6098458744457353e-004
6.6071999999999998e+003 	2.3578927601894094e-004 	7.5583947152110458e-007 	2.3654511549046209e-004
7.0168000000000002e+003 	2.1508245349695799e-004 	7.3036919611033863e-007 	2.1581282269306836e-004
7.4264000000000005e+003 	1.9730781815071764e-004 	6.9448517273991608e-007 	1.9800230332345754e-004
7.8360000000000000e+003 	1.8188085205739473e-004 	6.5405761309412992e-007 	1.8253490967048888e-004
8.2456000000000004e+003 	1.6836485030769690e-004 	6.1261774814383368e-007 	1.6897746805584070e-004
8.6552000000000007e+003 	1.5642751599571550e-004 	5.7218800372567589e-007 	1.5699970399944121e-004
9.0647999999999993e+003 	1.4581132907086775e-004 	5.3382737207336285e-007 	1.4634515644294108e-004
9.4743999999999996e+003 	1.3631326483894694e-004 	4.9983663979930666e-007 	1.3681310147874623e-004
1.0293600000000000e+004 	1.2031379264157572e-004 	4.3945428045780701e-007 	1.2075324692203356e-004
1.1112799999999999e+004 	1.0640579000843650e-004 	3.8411885773751784e-007 	1.0678990886617404e-004
1.1932000000000000e+004 	9.5174673822846228e-005 	3.3678141936282729e-007 	9.5511455242209043e-005
1.2751200000000001e+004 	8.5716695981327505e-005 	2.9717956693899445e-007 	8.6013875548266529e-005
1.3570400000000000e+004 	7.7663749362256714e-005 	2.6379733113564478e-007 	7.7927546693392366e-005
1.4389600000000000e+004 	7.0740077901140593e-005 	2.3528513188286136e-007 	7.0975363033023433e-005
1.5208799999999999e+004 	6.4736465426728677e-005 	2.1072887630527214e-007 	6.4947194303033935e-005
1.6027999999999998e+004 	5.9491647308694395e-005 	1.8948288223075928e-007 	5.9681130190925166e-005
1.6847200000000001e+004 	5.4879349512358414e-005 	1.7104431999396360e-007 	5.5050393832352387e-005
1.7666399999999998e+004 	5.0799270835615083e-005 	1.5500191423516245e-007 	5.0954272749850260e-005
1.8485600000000002e+004 	4.7170731080245439e-005 	1.4199623825090981e-007 	4.7312727318496347e-005
2.0124000000000000e+004 	4.1127779517574114e-005 	1.2046974572724072e-007 	4.1248249263301381e-005
2.1762399999999998e+004 	3.5912919054211835e-005 	1.0181014525910463e-007 	3.6014729199470938e-005
2.3400799999999999e+004 	3.1772972738471945e-005 	8.7401889558883269e-008 	3.1860374628030817e-005
2.5039200000000001e+004 	2.8333098853265635e-005 	7.6420731157461516e-008 	2.8409519584423096e-005
2.6677600000000002e+004 	2.5441489336235272e-005 	6.7877892287498334e-008 	2.5509367228522767e-005
2.8316000000000000e+004 	2.2985076773186317e-005 	6.0351989761553065e-008 	2.3045428762947873e-005
-250 0
-2.5000000000000000e+002 0.0000000000000000e+000 0.0000000000000000e+000
1
1 1 1 1
1
         t, ms                         dVp, mV                         dVs, mV                         dV, mV
5.0000000000000000e-001 	2.9778777829839956e-002 	4.5327659946147387e-005 	2.9824105489786101e-002
5.9999999999999998e-001 	2.9822024013080709e-002 	4.3667274171510121e-005 	2.9865691287252222e-002
6.9999999999999996e-001 	2.9850451038757844e-002 	4.2142418139884300e-005 	2.9892593456897733e-002
8.0000000000000004e-001 	2.9872836331792642e-002 	4.0859337828939542e-005 	2.9913695669621584e-002
9.0000000000000002e-001 	2.9891773685083872e-002 	3.9765623694403642e-005 	2.9931539308778277e-002
1.0000000000000000e+000 	2.9908259183738937e-002 	3.8820809307691343e-005 	2.9947079993046615e-002
1.1000000000000001e+000 	2.9922822084649494e-002 	3.7994692361009341e-005 	2.9960816777010506e-002
1.2000000000000000e+000 	2.9935815253984033e-002 	3.7264791500598659e-005 	2.9973080045484640e-002
1.3000000000000000e+000 	2.9947500604929969e-002 	3.6614166546224076e-005 	2.9984114771476198e-002
1.3999999999999999e+000 	2.9958081673427936e-002 	3.6048416152446234e-005 	2.9994130089580382e-002
1.6000000000000001e+000 	3.0309774361311350e-002 	3.5070058155669314e-005 	3.0344844419467019e-002
1.8000000000000000e+000 	2.9992433283009330e-002 	3.4216375164455212e-005 	3.0026649658173782e-002
2.0000000000000000e+000 	3.0005932052126330e-002 	3.3488338761281927e-005 	3.0039420390887629e-002
2.2000000000000002e+000 	3.0017669441422982e-002 	3.2861596575938622e-005 	3.0050531037998922e-002
2.3999999999999999e+000 	3.0027999937125741e-002 	3.2315853542532963e-005 	3.0060315790668261e-002
2.6000000000000001e+000 	3.0037187131311805e-002 	3.1835335805422161e-005 	3.0069022467117228e-002
2.7999999999999998e+000 	3.0045430003946001e-002 	3.1408040405228867e-005 	3.0076838044351226e-002
3.0000000000000000e+000 	3.0052881603923037e-002 	3.1024836842795540e-005 	3.0083906440765831e-002
3.2000000000000002e+000 	3.0059661863135925e-002 	3.0678713435861820e-005 	3.0090340576571780e-002
3.3999999999999999e+000 	3.0065866354842416e-002 	3.0364209043668544e-005 	3.0096230563886085e-002
3.6000000000000001e+000 	3.0071572362609666e-002 	3.0085131343985835e-005 	3.0101657493953639e-002
4.0000000000000000e+000 	3.0203702218723320e-002 	2.9593464543025476e-005 	3.0233295683266350e-002
4.4000000000000004e+000 	3.0090641191498877e-002 	2.9158572065890804e-005 	3.0119799763564759e-002
4.7999999999999998e+000 	3.0098396018538229e-002 	2.8782721345009600e-005 	3.0127178739883242e-002
5.2000000000000002e+000 	3.0105281246515955e-002 	2.8456629100354235e-005 	3.0133737875616306e-002
5.5999999999999996e+000 	3.0111482264844606e-002 	2.8172061883108156e-005 	3.0139654326727720e-002
6.0000000000000000e+000 	3.0117154741605621e-002 	2.7922210957218268e-005 	3.0145076952562844e-002
6.4000000000000004e+000 	3.0122430372019331e-002 	2.7701546058217565e-005 	3.0150131918077555e-002
6.7999999999999998e+000 	3.0127419098035742e-002 	2.7505572719695211e-005 	3.0154924670755444e-002
7.2000000000000002e+000 	3.0132209531282671e-002 	2.7330613742089940e-005 	3.0159540145024775e-002
7.5999999999999996e+000 	3.0136869098731176e-002 	2.7173636841435955e-005 	3.0164042735572612e-002
8.0000000000000000e+000 	3.0141444793714715e-002 	2.7036609110783340e-005 	3.0168481402825489e-002
8.8000000000000007e+000 	3.0217026328952054e-002 	2.6799326978097212e-005 	3.0243825655930152e-002
9.5999999999999996e+000 	3.0159201039702967e-002 	2.6592472997559562e-005 	3.0185793512700527e-002
1.0400000000000000e+001 	3.0167619312118973e-002 	2.6416400093423140e-005 	3.0194035712212415e-002
1.1199999999999999e+001 	3.0175517733714050e-002 	2.6265200570387962e-005 	3.0201782934284445e-002
1.2000000000000000e+001 	3.0182687982868165e-002 	2.6133809084258015e-005 	3.0208821791952414e-002
1.2800000000000001e+001 	3.0188925811828443e-002 	2.6018191691249741e-005 	3.0214944003519695e-002
1.3600000000000000e+001 	3.0194052699057249e-002 	2.5915213604640406e-005 	3.0219967912661887e-002
1.4400000000000000e+001 	3.0197926391376757e-002 	2.5822448458725387e-005 	3.0223748839835477e-002
1.5199999999999999e+001 	3.0200443506712405e-002 	2.5738008293469115e-005 	3.0226181515005873e-002
1.6000000000000000e+001 	3.0201537309415511e-002 	2.5660410408731818e-005 	3.0227197719824263e-002
1.6800000000000001e+001 	3.0201173056686476e-002 	2.5588477916692406e-005 	3.0226761534603172e-002
1.7600000000000001e+001 	3.0199342509361050e-002 	2.5521266605429677e-005 	3.0224863775966476e-002
1.8399999999999999e+001 	3.0196058535652950e-002 	2.5459100464597709e-005 	3.0221517636117547e-002
2.0000000000000000e+001 	3.0222014075294505e-002 	2.5343747763808106e-005 	3.0247357823058322e-002
2.1600000000000001e+001 	3.0169308809643084e-002 	2.5235477834856672e-005 	3.0194544287477938e-002
2.3199999999999999e+001 	3.0148447587019175e-002 	2.5134104351086810e-005 	3.0173581691370271e-002
2.4800000000000001e+001 	3.0123215919040245e-002 	2.5037958521552760e-005 	3.0148253877561797e-002
2.6399999999999999e+001 	3.0094099247006061e-002 	2.4945649719049336e-005 	3.0119044896725101e-002
2.8000000000000000e+001 	3.0061567695707021e-002 	2.4856099328209578e-005 	3.0086423795035244e-002
2.9600000000000001e+001 	3.0026060454907265e-002 	2.4768496430402571e-005 	3.0050828951337673e-002
3.1199999999999999e+001 	2.9987976687654315e-002 	2.4682242411154838e-005 	3.0012658930065456e-002
3.2800000000000004e+001 	2.9947671036089484e-002 	2.4596903407217283e-005 	2.9972267939496710e-002
3.4399999999999999e+001 	2.9905452271103562e-002 	2.4512173444301082e-005 	2.9929964444547874e-002
3.6000000000000000e+001 	2.9861584058551775e-002 	2.4427846598361248e-005 	2.9886011905150129e-002
3.7600000000000001e+001 	2.9816287129563773e-002 	2.4343879864040900e-005 	2.9840631009427805e-002
4.0800000000000004e+001 	2.9737261903638477e-002 	2.4176671100869124e-005 	2.9761438574739337e-002
4.4000000000000000e+001 	2.9624133857241237e-002 	2.4010422483101782e-005 	2.9648144279724353e-002
4.7199999999999996e+001 	2.9522502478383655e-002 	2.3845753769562568e-005 	2.9546348232153213e-002
5.0399999999999999e+001 	2.9417635088026823e-002 	2.3683368528010585e-005 	2.9441318456554833e-002
5.3600000000000001e+001 	2.9309601936800909e-002 	2.3524085081223608e-005 	2.9333126021882119e-002
5.6800000000000004e+001 	2.9198328807010922e-002 	2.3368759015390623e-005 	2.9221697566026314e-002
6.0000000000000000e+001 	2.9083659470270584e-002 	2.3218218595316063e-005 	2.9106877688865915e-002
6.3200000000000003e+001 	2.8965405399702257e-002 	2.3073218643625775e-005 	2.8988478618345886e-002
6.6400000000000006e+001 	2.8843381911859593e-002 	2.2934411789879835e-005 	2.8866316323649475e-002
6.9599999999999994e+001 	2.8717432210350419e-002 	2.2802333814001031e-005 	2.8740234544164418e-002
7.2799999999999997e+001 	2.8587441592645126e-002 	2.2680353140881815e-005 	2.8610121945786004e-002
7.9200000000000003e+001 	2.8321733218819475e-002 	2.2459832756819329e-005 	2.8344193051576302e-002
8.5599999999999994e+001 	2.8026781192920309e-002 	2.2264163066864976e-005 	2.8049045355987172e-002
9.2000000000000000e+001 	2.7723011709828122e-002 	2.2097800456279610e-005 	2.7745109510284395e-002
9.8400000000000006e+001 	2.7405020525746709e-002 	2.1960263106005583e-005 	2.7426980788852712e-002
1.0480000000000001e+002 	2.7074282422929776e-002 	2.1850236820407468e-005 	2.7096132659750184e-002
1.1119999999999999e+002 	2.6732453923227695e-002 	2.1765974494616511e-005 	2.6754219897722312e-002
1.1759999999999999e+002 	2.6381261389163975e-002 	2.1705519290959500e-005 	2.6402966908454940e-002
1.2400000000000000e+002 	2.6022415839952490e-002 	2.1666824389839741e-005 	2.6044082664342324e-002
1.3039999999999998e+002 	2.5657554144732798e-002 	2.1647805324897776e-005 	2.5679201950057701e-002
1.3680000000000001e+002 	2.5288202494702358e-002 	2.1646352951870044e-005 	2.5309848847654227e-002
1.4319999999999999e+002 	2.4915756970372849e-002 	2.1664524548032239e-005 	2.4937421494920880e-002
1.5600000000000000e+002 	2.4176260918037051e-002 	2.1735086477295449e-005 	2.4197996004514343e-002
1.6880000000000001e+002 	2.3420709003781775e-002 	2.1828762172716326e-005 	2.3442537765954494e-002
1.8160000000000002e+002 	2.2680645928143620e-002 	2.1938493627099007e-005 	2.2702584421770717e-002
1.9439999999999998e+002 	2.1952540075368381e-002 	2.2049805323648434e-005 	2.1974589880692029e-002
2.0719999999999999e+002 	2.1240122271335937e-002 	2.2148925559106993e-005 	2.1262271196895041e-002
2.2000000000000000e+002 	2.0546102383849730e-002 	2.2223953718082221e-005 	2.0568326337567808e-002
2.3280000000000001e+002 	1.9872362959576104e-002 	2.2265402430036273e-005 	1.9894628362006138e-002
2.4560000000000002e+002 	1.9220133208027030e-002 	2.2266355509391565e-005 	1.9242399563536419e-002
2.5840000000000003e+002 	1.8590133691764946e-002 	2.2222367001372968e-005 	1.8612356058766325e-002
2.7119999999999999e+002 	1.7982692543262721e-002 	2.2131194628654771e-005 	1.8004823737891376e-002
2.8400000000000000e+002 	1.7397837345585802e-002 	2.1992444899499185e-005 	1.7419829790485300e-002
2.9680000000000001e+002 	1.6835367320350719e-002 	2.1807190303382963e-005 	1.6857174510654105e-002
3.0959999999999997e+002 	1.6294909967920691e-002 	2.1563032344329888e-005 	1.6316473000265019e-002
3.3519999999999999e+002 	1.5289048219676596e-002 	2.0957315281211297e-005 	1.5310005534957809e-002
3.6080000000000001e+002 	1.4339818448370904e-002 	2.0249359455395427e-005 	1.4360067807826301e-002
3.8640000000000003e+002 	1.3477743376115263e-002 	1.9438616677374929e-005 	1.3497181992792633e-002
4.1200000000000000e+002 	1.2685174941549474e-002 	1.8548381980700118e-005 	1.2703723323530177e-002
4.3759999999999997e+002 	1.1956411021463290e-002 	1.7602055643958884e-005 	1.1974013077107248e-002
4.6319999999999999e+002 	1.1285935782369066e-002 	1.6620705960318259e-005 	1.1302556488329387e-002
4.8880000000000001e+002 	1.0668539918719822e-002 	1.5622077224107345e-005 	1.0684161995943933e-002
5.1439999999999998e+002 	1.0099383972097892e-002 	1.4620460764097767e-005 	1.0114004432861980e-002
5.4000000000000000e+002 	9.5740232144756205e-003 	1.3627052411602458e-005 	9.5876502668872272e-003
5.6560000000000002e+002 	9.0884077867332807e-003 	1.2650468442508780e-005 	9.1010582551757889e-003
5.9119999999999993e+002 	8.6388677757567017e-003 	1.1697229463798631e-005 	8.6505650052205001e-003
6.1680000000000007e+002 	8.2220898219666824e-003 	1.0785236097095874e-005 	8.2328750580637784e-003
6.6800000000000000e+002 	7.4842020319795741e-003 	9.0641820480493563e-006 	7.4932662140276248e-003
7.1919999999999993e+002 	6.8208753111806599e-003 	7.4579170322505754e-006 	6.8283332282129119e-003
7.7039999999999998e+002 	6.2531424054237420e-003 	5.9903587260599037e-006 	6.2591327641498048e-003
8.2160000000000002e+002 	5.7554184499248760e-003 	4.6630014629613719e-006 	5.7600814513878388e-003
8.7280000000000007e+002 	5.3166590631743994e-003 	3.4723013498335489e-006 	5.3201313645242308e-003
9.2400000000000000e+002 	4.9278028125331330e-003 	2.4116331910943058e-006 	4.9302144457242262e-003
9.7519999999999993e+002 	4.5814206008613070e-003 	1.4727837598171864e-006 	4.5828933846211260e-003
1.0264000000000001e+003 	4.2714031019197071e-003 	6.4699274006171888e-007 	4.2720500946597682e-003
1.0775999999999999e+003 	3.9927021308991152e-003 	-7.4469611860541187e-008 	3.9926276612872545e-003
1.1288000000000000e+003 	3.7411229990985235e-003 	-7.0004480996877868e-007 	3.7404229542885542e-003
1.1800000000000000e+003 	3.5131597630969789e-003 	-1.2092610168290793e-006 	3.5119505020801516e-003
1.2824000000000001e+003 	3.1213848944670244e-003 	-1.9985295404644176e-006 	3.1193863649265595e-003
1.3848000000000000e+003 	2.7795876078739157e-003 	-2.5866551715246927e-006 	2.7770009527023918e-003
1.4872000000000000e+003 	2.4972921589070845e-003 	-2.9665920377968199e-006 	2.4943255668692867e-003
1.5895999999999999e+003 	2.2567044024233334e-003 	-3.1736451602199837e-006 	2.2535307572631139e-003
1.6920000000000000e+003 	2.0498742533723068e-003 	-3.2413877247141499e-006 	2.0466328656475927e-003
1.7944000000000001e+003 	1.8706679495889185e-003 	-3.1999396803117272e-006 	1.8674680099086069e-003
1.8968000000000000e+003 	1.7143160069985964e-003 	-3.0757131686283387e-006 	1.7112402938299694e-003
1.9992000000000000e+003 	1.5770660013007384e-003 	-2.8912419715815112e-006 	1.5741747593291575e-003
2.1015999999999999e+003 	1.4559277607695301e-003 	-2.6652095941119216e-006 	1.4532625511754185e-003
2.2040000000000000e+003 	1.3484888593663642e-003 	-2.4127430966955490e-006 	1.3460761162696689e-003
2.3064000000000001e+003 	1.2527807303554172e-003 	-2.1452905306781136e-006 	1.2506354398247382e-003
2.5112000000000003e+003 	1.0920234345367479e-003 	-1.6099430062174556e-006 	1.0904134915305304e-003
2.7160000000000000e+003 	9.5579131588556900e-004 	-1.1061787923905178e-006 	9.5468513709317864e-004
2.9207999999999997e+003 	8.4690817924901662e-004 	-6.5310712622027225e-007 	8.4625507212279642e-004
3.1255999999999999e+003 	7.5682724561213595e-004 	-2.5995047214545436e-007 	7.5656729513999110e-004
3.3304000000000001e+003 	6.8151481445809291e-004 	7.1549344258666092e-008 	6.8158636380235172e-004
3.5352000000000003e+003 	6.1792181644978658e-004 	3.4348006911534761e-007 	6.1826529651890188e-004
3.7400000000000000e+003 	5.6372826375634998e-004 	5.6045820751486219e-007 	5.6428872196386481e-004
3.9447999999999997e+003 	5.1715075937014822e-004 	7.2874313978105660e-007 	5.1787950250992934e-004
4.1496000000000004e+003 	4.7680308748015347e-004 	8.5527709859302802e-007 	4.7765836457874653e-004
4.3543999999999996e+003 	4.4159614652999245e-004 	9.4690887671959239e-007 	4.4254305540671220e-004
4.5591999999999998e+003 	4.1066576019280974e-004 	1.0099307470609291e-006 	4.1167569093987071e-004
4.7640000000000000e+003 	3.8332001972493185e-004 	1.0498732610064417e-006 	3.8436989298593841e-004
4.9688000000000002e+003 	3.5900037182956036e-004 	1.0682222574284760e-006 	3.6006859408698876e-004
5.3783999999999996e+003 	3.1815103608114471e-004 	1.0689957471024679e-006 	3.1922003182824728e-004
5.7880000000000000e+003 	2.8329225006783356e-004 	1.0426168540311051e-006 	2.8433486692186461e-004
6.1976000000000004e+003 	2.5520301721066119e-004 	9.9503889658481364e-007 	2.5619805610724587e-004
6.6071999999999998e+003 	2.3164608298946481e-004 	9.3726405399445136e-007 	2.3258334704345928e-004
7.0168000000000002e+003 	2.1161428655816299e-004 	8.7607366439704154e-007 	2.1249036022256013e-004
7.4264000000000005e+003 	1.9436973041609407e-004 	8.1516597256415778e-007 	1.9518489638865823e-004
7.8360000000000000e+003 	1.7936652966172017e-004 	7.5662707813009575e-007 	1.8012315673985026e-004
8.2456000000000004e+003 	1.6619455371514423e-004 	7.0161350957936214e-007 	1.6689616722472353e-004
8.6552000000000007e+003 	1.5454019674261210e-004 	6.5065789653539790e-007 	1.5519085463914749e-004
9.0647999999999993e+003 	1.4415939352094704e-004 	6.0387845604499221e-007 	1.4476327197699204e-004
9.4743999999999996e+003 	1.3485902139783742e-004 	5.6326326395033095e-007 	1.3542228466178777e-004
1.0293600000000000e+004 	1.1916310062999385e-004 	4.9248643975993349e-007 	1.1965558706975382e-004
1.1112799999999999e+004 	1.0550067929956883e-004 	4.2886129199091501e-007 	1.0592954059155970e-004
1.1932000000000000e+004 	9.4443240622251118e-005 	3.7507462926600540e-007 	9.4818315251517165e-005
1.2751200000000001e+004 	8.5117331666060845e-005 	3.3030338828432000e-007 	8.5447635054345208e-005
1.3570400000000000e+004 	7.7166655536651057e-005 	2.9270062458151317e-007 	7.7459356161232564e-005
1.4389600000000000e+004 	7.0323490314941071e-005 	2.6070046547133470e-007 	7.0584190780412410e-005
1.5208799999999999e+004 	6.4384164345249688e-005 	2.3322804413151116e-007 	6.4617392389381209e-005
1.6027999999999998e+004 	5.9191318830696053e-005 	2.0951643597378894e-007 	5.9400835266669849e-005
1.6847200000000001e+004 	5.4621491842699555e-005 	1.8897261208929763e-007 	5.4810464454788870e-005
1.7666399999999998e+004 	5.0576448541656289e-005 	1.7111778595681765e-007 	5.0747566327613088e-005
1.8485600000000002e+004 	4.6977054640971863e-005 	1.5659201539162945e-007 	4.7133646656363471e-005
2.0124000000000000e+004 	4.0978017035875687e-005 	1.3258579568081651e-007 	4.1110602831556501e-005
2.1762399999999998e+004 	3.5798385260861630e-005 	1.1191774447184400e-007 	3.5910303005333484e-005
2.3400799999999999e+004 	3.1682578259017451e-005 	9.5903520148627696e-008 	3.1778481779166088e-005
2.5039200000000001e+004 	2.8260630266538131e-005 	8.3627113977168083e-008 	2.8344257380515306e-005
2.6677600000000002e+004 	2.5382589199972769e-005 	7.4041153254784698e-008 	2.5456630353227543e-005
2.8316000000000000e+004 	2.2936632357120154e-005 	6.5584317007612469e-008 	2.3002216674127761e-005
