-1050 0
-1.0500000000000000e+003 0.0000000000000000e+000 0.0000000000000000e+000
1
1 1 1 1
1
         t, ms                         dVp, mV                         dVs, mV                         dV, mV
5.0000000000000000e-001 	1.3769920912665204e-001 	-2.5391535558570450e-004 	1.3744529377106637e-001
5.9999999999999998e-001 	1.3787825850263763e-001 	-2.5531508667066315e-004 	1.3762294341596690e-001
6.9999999999999996e-001 	1.3799595432703171e-001 	-2.5659968905649647e-004 	1.3773935463797535e-001
8.0000000000000004e-001 	1.3808863565261714e-001 	-2.5767898294605458e-004 	1.3783095666967105e-001
9.0000000000000002e-001 	1.3816704122719131e-001 	-2.5859765610939219e-004 	1.3790844357108195e-001
1.0000000000000000e+000 	1.3823529517353556e-001 	-2.5939026461568079e-004 	1.3797590490891987e-001
1.1000000000000001e+000 	1.3829558884786325e-001 	-2.6008261737006579e-004 	1.3803550623049329e-001
1.2000000000000000e+000 	1.3834938327942861e-001 	-2.6069391998710504e-004 	1.3808868935944160e-001
1.3000000000000000e+000 	1.3839776290725631e-001 	-2.6123862543815554e-004 	1.3813652428181813e-001
1.3999999999999999e+000 	1.3844157045688998e-001 	-2.6171228037402770e-004 	1.3817985817651601e-001
1.6000000000000001e+000 	1.3989755019814762e-001 	-2.6253172556941692e-004 	1.3963501847257817e-001
1.8000000000000000e+000 	1.3858379153177822e-001 	-2.6324731216076662e-004 	1.3832054421961745e-001
2.0000000000000000e+000 	1.3863967815282646e-001 	-2.6385827749397334e-004 	1.3837581987533243e-001
2.2000000000000002e+000 	1.3868827223122807e-001 	-2.6438487776266002e-004 	1.3842388735346539e-001
2.3999999999999999e+000 	1.3873104144821843e-001 	-2.6484388110964137e-004 	1.3846619756710873e-001
2.6000000000000001e+000 	1.3876907715086342e-001 	-2.6524823194739255e-004 	1.3850382891891597e-001
2.7999999999999998e+000 	1.3880320316914649e-001 	-2.6560771698037200e-004 	1.3853759545216604e-001
3.0000000000000000e+000 	1.3883405316381142e-001 	-2.6592974071778830e-004 	1.3856812342309369e-001
3.2000000000000002e+000 	1.3886212368304188e-001 	-2.6621996865460509e-004 	1.3859590371438726e-001
3.3999999999999999e+000 	1.3888781042260617e-001 	-2.6648280777169709e-004 	1.3862132761483439e-001
3.6000000000000001e+000 	1.3891143335601427e-001 	-2.6671448762769260e-004 	1.3864471886838656e-001
4.0000000000000000e+000 	1.3945843954765405e-001 	-2.6711858023787896e-004 	1.3919132096741615e-001
4.4000000000000004e+000 	1.3899037803170256e-001 	-2.6747128269014980e-004 	1.3872290674901244e-001
4.7999999999999998e+000 	1.3902248247572066e-001 	-2.6777006659781013e-004 	1.3875471240912285e-001
5.2000000000000002e+000 	1.3905098587265824e-001 	-2.6802291601771923e-004 	1.3878296295664047e-001
5.5999999999999996e+000 	1.3907665421688042e-001 	-2.6823713494565372e-004 	1.3880841708193481e-001
6.0000000000000000e+000 	1.3910012894304932e-001 	-2.6841894690137125e-004 	1.3883170999614808e-001
6.4000000000000004e+000 	1.3912195005228717e-001 	-2.6857355745357124e-004 	1.3885337649483354e-001
6.7999999999999998e+000 	1.3914256461398214e-001 	-2.6870531517137120e-004 	1.3887385929881077e-001
7.2000000000000002e+000 	1.3916232791831265e-001 	-2.6881786574933629e-004 	1.3889351005256328e-001
7.5999999999999996e+000 	1.3918150362326095e-001 	-2.6891427774898162e-004 	1.3891258934551198e-001
8.0000000000000000e+000 	1.3920026660611989e-001 	-2.6899346863541122e-004 	1.3893127313748455e-001
8.8000000000000007e+000 	1.3951242522535418e-001 	-2.6912153387060689e-004 	1.3924330369148349e-001
9.5999999999999996e+000 	1.3927175123626509e-001 	-2.6922630652780760e-004 	1.3900252492973728e-001
1.0400000000000000e+001 	1.3930436861619724e-001 	-2.6930904247346156e-004 	1.3903505957372378e-001
1.1199999999999999e+001 	1.3933361134115813e-001 	-2.6937593092140352e-004 	1.3906423541023671e-001
1.2000000000000000e+001 	1.3935827953751168e-001 	-2.6943203855048350e-004 	1.3908884749896114e-001
1.2800000000000001e+001 	1.3937717955790857e-001 	-2.6948119536399149e-004 	1.3910769836254452e-001
1.3600000000000000e+001 	1.3938922167354714e-001 	-2.6952618151522805e-004 	1.3911969549203196e-001
1.4400000000000000e+001 	1.3939346860464485e-001 	-2.6956896486469870e-004 	1.3912389963978022e-001
1.5199999999999999e+001 	1.3938914866910301e-001 	-2.6961091117889225e-004 	1.3911953775792416e-001
1.6000000000000000e+001 	1.3937564733370975e-001 	-2.6965295011584944e-004 	1.3910599438359392e-001
1.6800000000000001e+001 	1.3935248797731578e-001 	-2.6969569999053583e-004 	1.3908279227732523e-001
1.7600000000000001e+001 	1.3931930914760554e-001 	-2.6973955925825327e-004 	1.3904956958834744e-001
1.8399999999999999e+001 	1.3927584259768322e-001 	-2.6978537162328573e-004 	1.3900605722605994e-001
2.0000000000000000e+001 	1.3930770253776145e-001 	-2.6988171435922653e-004 	1.3903782082340224e-001
2.1600000000000001e+001 	1.3899591727027902e-001 	-2.6998305658601827e-004 	1.3872593421369306e-001
2.3199999999999999e+001 	1.3879172014178237e-001 	-2.7009017980949928e-004 	1.3852162996197295e-001
2.4800000000000001e+001 	1.3854474858380186e-001 	-2.7020282821738572e-004 	1.3827454575558457e-001
2.6399999999999999e+001 	1.3825549109376428e-001 	-2.7032057219456343e-004 	1.3798517052156969e-001
2.8000000000000000e+001 	1.3792474410356670e-001 	-2.7044290787677872e-004 	1.3765430119568980e-001
2.9600000000000001e+001 	1.3755357419332823e-001 	-2.7056930549202004e-004 	1.3728300488783624e-001
3.1199999999999999e+001 	1.3714328437144230e-001 	-2.7069923116974074e-004 	1.3687258514027251e-001
3.2800000000000004e+001 	1.3669538091794031e-001 	-2.7083215580468788e-004 	1.3642454876213572e-001
3.4399999999999999e+001 	1.3621153919858126e-001 	-2.7096755855409116e-004 	1.3594057164002718e-001
3.6000000000000000e+001 	1.3569356856395012e-001 	-2.7110492885972057e-004 	1.3542246363509042e-001
3.7600000000000001e+001 	1.3514337736831911e-001 	-2.7124395659802199e-004 	1.3487213341172108e-001
4.0800000000000004e+001 	1.3401661336660894e-001 	-2.7152369282715157e-004 	1.3374508967378185e-001
4.4000000000000000e+001 	1.3266629565612842e-001 	-2.7180274615595129e-004 	1.3239449290997249e-001
4.7199999999999996e+001 	1.3128644287744293e-001 	-2.7207897029339910e-004 	1.3101436390714963e-001
5.0399999999999999e+001 	1.2983192452154987e-001 	-2.7234989566178076e-004 	1.2955957462588802e-001
5.3600000000000001e+001 	1.2831636417848369e-001 	-2.7261339025866507e-004 	1.2804375078822502e-001
5.6800000000000004e+001 	1.2675217096223046e-001 	-2.7286774785456049e-004 	1.2647930321437589e-001
6.0000000000000000e+001 	1.2515043174206200e-001 	-2.7311169671133769e-004 	1.2487732004535065e-001
6.3200000000000003e+001 	1.2352090723049473e-001 	-2.7334437008259133e-004 	1.2324756286041208e-001
6.6400000000000006e+001 	1.2187209240624491e-001 	-2.7356525898244961e-004 	1.2159852714726246e-001
6.9599999999999994e+001 	1.2021131377944612e-001 	-2.7377415854450268e-004 	1.1993753962090162e-001
7.2799999999999997e+001 	1.1854484424355004e-001 	-2.7396676411076267e-004 	1.1827087747943930e-001
7.9200000000000003e+001 	1.1525185570749105e-001 	-2.7431718492838076e-004 	1.1497753852256264e-001
8.5599999999999994e+001 	1.1192633069260366e-001 	-2.7463426834702624e-004 	1.1165169642425665e-001
9.2000000000000000e+001 	1.0868481584650370e-001 	-2.7491492767243737e-004 	1.0840990091883128e-001
9.8400000000000006e+001 	1.0551263737150199e-001 	-2.7516324343417200e-004 	1.0523747412806783e-001
1.0480000000000001e+002 	1.0242140184310787e-001 	-2.7538374553678994e-004 	1.0214601809757104e-001
1.1119999999999999e+002 	9.9418700739927104e-002 	-2.7558062357922324e-004 	9.9143120116347863e-002
1.1759999999999999e+002 	9.6509090234606673e-002 	-2.7575728425269008e-004 	9.6233332950353967e-002
1.2400000000000000e+002 	9.3694880993623192e-002 	-2.7591611115369749e-004 	9.3418964882469493e-002
1.3039999999999998e+002 	9.0976741668960220e-002 	-2.7605836554681832e-004 	9.0700683303413396e-002
1.3680000000000001e+002 	8.8354149947198549e-002 	-2.7618418725031563e-004 	8.8077965759948196e-002
1.4319999999999999e+002 	8.5825727205990909e-002 	-2.7628394433810397e-004 	8.5549443261652827e-002
1.5600000000000000e+002 	8.1092225655219494e-002 	-2.7641380115845553e-004 	8.0815811854061045e-002
1.6880000000000001e+002 	7.6599555425315491e-002 	-2.7645164522034480e-004 	7.6323103780095145e-002
1.8160000000000002e+002 	7.2483849905262368e-002 	-2.7635903464024586e-004 	7.2207490870622074e-002
1.9439999999999998e+002 	6.8669154033013893e-002 	-2.7610715050063495e-004 	6.8393046882513284e-002
2.0719999999999999e+002 	6.5132219354349971e-002 	-2.7566965463624531e-004 	6.4856549699713717e-002
2.2000000000000000e+002 	6.1850617973351410e-002 	-2.7502462564767789e-004 	6.1575593347703732e-002
2.3280000000000001e+002 	5.8803199214488504e-002 	-2.7415590726431228e-004 	5.8529043307224173e-002
2.4560000000000002e+002 	5.5970309549494668e-002 	-2.7305371729878817e-004 	5.5697255832195862e-002
2.5840000000000003e+002 	5.3333861850903767e-002 	-2.7171460165547430e-004 	5.3062147249248279e-002
2.7119999999999999e+002 	5.0877313896034608e-002 	-2.7014089777105236e-004 	5.0607172998263561e-002
2.8400000000000000e+002 	4.8585595741154619e-002 	-2.6833989027991574e-004 	4.8317255850874687e-002
2.9680000000000001e+002 	4.6445011110515008e-002 	-2.6632282500587079e-004 	4.6178688285509147e-002
3.0959999999999997e+002 	4.4443128215189608e-002 	-2.6403938836709156e-004 	4.4179088826822525e-002
3.3519999999999999e+002 	4.0853070909401767e-002 	-2.5895132710115692e-004 	4.0594119582300622e-002
3.6080000000000001e+002 	3.7587271489549164e-002 	-2.5341901202338962e-004 	3.7333852477525784e-002
3.8640000000000003e+002 	3.4746586483205257e-002 	-2.4744747590365950e-004 	3.4499139007301595e-002
4.1200000000000000e+002 	3.2223786630278486e-002 	-2.4114522440660862e-004 	3.1982641405871877e-002
4.3759999999999997e+002 	2.9973920481110840e-002 	-2.3461773576928470e-004 	2.9739302745341548e-002
4.6319999999999999e+002 	2.7959269213973584e-002 	-2.2795830906140757e-004 	2.7731310904912182e-002
4.8880000000000001e+002 	2.6148196935753272e-002 	-2.2124572161575436e-004 	2.5926951214137510e-002
5.1439999999999998e+002 	2.4514099725044980e-002 	-2.1454441938546022e-004 	2.4299555305659512e-002
5.4000000000000000e+002 	2.3034517377017338e-002 	-2.0790560297590671e-004 	2.2826611774041435e-002
5.6560000000000002e+002 	2.1690404424681568e-002 	-2.0136874323069951e-004 	2.1489035681450858e-002
5.9119999999999993e+002 	2.0465538087080969e-002 	-1.9496333254773903e-004 	2.0270574754533241e-002
6.1680000000000007e+002 	1.9346038448570267e-002 	-1.8877919360038537e-004 	1.9157259254969874e-002
6.6800000000000000e+002 	1.7400875817395873e-002 	-1.7695112964354946e-004 	1.7223924687752325e-002
7.1919999999999993e+002 	1.5683557097532566e-002 	-1.6571496369763701e-004 	1.5517842133834935e-002
7.7039999999999998e+002 	1.4245775867942442e-002 	-1.5518543227300375e-004 	1.4090590435669440e-002
8.2160000000000002e+002 	1.3006486784245501e-002 	-1.4535980429514401e-004 	1.2861126979950357e-002
8.7280000000000007e+002 	1.1929896440180596e-002 	-1.3621278676721407e-004 	1.1793683653413380e-002
9.2400000000000000e+002 	1.0987802691727860e-002 	-1.2770753323250347e-004 	1.0860095158495354e-002
9.7519999999999993e+002 	1.0157889486133149e-002 	-1.1980185905746605e-004 	1.0038087627075686e-002
1.0264000000000001e+003 	9.4223574212589957e-003 	-1.1245184178097095e-004 	9.3099055794780266e-003
1.0775999999999999e+003 	8.7668783517861736e-003 	-1.0561402140198863e-004 	8.6612643303841837e-003
1.1288000000000000e+003 	8.1798105272397909e-003 	-9.9246768020917539e-005 	8.0805637592188759e-003
1.1800000000000000e+003 	7.6516101549752849e-003 	-9.3450400328229816e-005 	7.5581597546470541e-003
1.2824000000000001e+003 	6.7518608918597945e-003 	-8.2991226552138790e-005 	6.6688696653076536e-003
1.3848000000000000e+003 	5.9743727350050667e-003 	-7.3558982053837911e-005 	5.9008137529512278e-003
1.4872000000000000e+003 	5.3391147352926955e-003 	-6.5231614785663932e-005 	5.2738831205070315e-003
1.5895999999999999e+003 	4.8023209213487027e-003 	-5.7875830157742872e-005 	4.7444450911909609e-003
1.6920000000000000e+003 	4.3442513429287326e-003 	-5.1361710326273683e-005 	4.2928896326024611e-003
1.7944000000000001e+003 	3.9499141980461243e-003 	-4.5576598071432228e-005 	3.9043375999746901e-003
1.8968000000000000e+003 	3.6078161955337426e-003 	-4.0426904751513057e-005 	3.5673892907822288e-003
1.9992000000000000e+003 	3.3090268518431187e-003 	-3.5835151574577642e-005 	3.2731917002685406e-003
2.1015999999999999e+003 	3.0465066534690619e-003 	-3.1736352099976944e-005 	3.0147703013690842e-003
2.2040000000000000e+003 	2.8146298675616817e-003 	-2.8075163277511545e-005 	2.7865547042841706e-003
2.3064000000000001e+003 	2.6088440739642127e-003 	-2.4921488062019009e-005 	2.5839225859021933e-003
2.5112000000000003e+003 	2.2647636189793126e-003 	-1.9590434698119159e-005 	2.2451731842811941e-003
2.7160000000000000e+003 	1.9747703583886289e-003 	-1.5114560866208128e-005 	1.9596557975224203e-003
2.9207999999999997e+003 	1.7443359469404753e-003 	-1.1526296245397634e-005 	1.7328096506950778e-003
3.1255999999999999e+003 	1.5546060689537742e-003 	-8.6733271704016441e-006 	1.5459327417833718e-003
3.3304000000000001e+003 	1.3966460683099767e-003 	-6.4148997297902957e-006 	1.3902311685801872e-003
3.5352000000000003e+003 	1.2637556791038817e-003 	-4.6340825224969713e-006 	1.2591215965813854e-003
3.7400000000000000e+003 	1.1508735502665322e-003 	-3.2359782565366237e-006 	1.1476375720099951e-003
3.9447999999999997e+003 	1.0541338683889710e-003 	-2.1435398856927040e-006 	1.0519903285032784e-003
4.1496000000000004e+003 	9.7054859961546384e-004 	-1.2943035974536453e-006 	9.6925429601801036e-004
4.3543999999999996e+003 	8.9778161729103822e-004 	-6.3790582398615241e-007 	8.9714371146705192e-004
4.5591999999999998e+003 	8.3398719918555554e-004 	-1.3397981203778465e-007 	8.3385321937351790e-004
4.7640000000000000e+003 	7.7769315324560705e-004 	2.4968120562029909e-007 	7.7794283445122719e-004
4.9688000000000002e+003 	7.2771505311270855e-004 	5.1833242210786939e-007 	7.2823338553481632e-004
5.3783999999999996e+003 	6.4395106946159167e-004 	8.6637044647284791e-007 	6.4481743990806441e-004
5.7880000000000000e+003 	5.7262955676053889e-004 	1.0763944560209484e-006 	5.7370595121655971e-004
6.1976000000000004e+003 	5.1531269782638227e-004 	1.1675969505764703e-006 	5.1648029477695864e-004
6.6071999999999998e+003 	4.6734150444274281e-004 	1.1858047234159383e-006 	4.6852730916615865e-004
7.0168000000000002e+003 	4.2661815627018443e-004 	1.1618505872540390e-006 	4.2778000685743828e-004
7.4264000000000005e+003 	3.9161096098092615e-004 	1.1147040830495205e-006 	3.9272566506397554e-004
7.8360000000000000e+003 	3.6119038737259250e-004 	1.0560795015318096e-006 	3.6224646687412425e-004
8.2456000000000004e+003 	3.3451019986144071e-004 	9.9317857355412066e-007 	3.3550337843499478e-004
8.6552000000000007e+003 	3.1092491786459912e-004 	9.3025220921294723e-007 	3.1185517007381217e-004
9.0647999999999993e+003 	2.8993326012975273e-004 	8.6964043839791792e-007 	2.9080290056815065e-004
9.4743999999999996e+003 	2.7113930313605802e-004 	8.1564785673170690e-007 	2.7195495099278981e-004
1.0293600000000000e+004 	2.3945078981250107e-004 	7.1892639426184694e-007 	2.4016971620676285e-004
1.1112799999999999e+004 	2.1188593256377971e-004 	6.2905001373531320e-007 	2.1251498257751503e-004
1.1932000000000000e+004 	1.8960131586291513e-004 	5.5177822014459068e-007 	1.9015309408305968e-004
1.2751200000000001e+004 	1.7082042441621042e-004 	4.8717758952332977e-007 	1.7130760200573369e-004
1.3570400000000000e+004 	1.5481912162007542e-004 	4.3275972611644324e-007 	1.5525188134619180e-004
1.4389600000000000e+004 	1.4105411146491067e-004 	3.8626229815118568e-007 	1.4144037376306190e-004
1.5208799999999999e+004 	1.2911263174670857e-004 	3.4619620961922759e-007 	1.2945882795632787e-004
1.6027999999999998e+004 	1.1867614755763995e-004 	3.1153420038483616e-007 	1.1898768175802478e-004
1.6847200000000001e+004 	1.0949498668115757e-004 	2.8147781379828584e-007 	1.0977646449495585e-004
1.7666399999999998e+004 	1.0137065992643893e-004 	2.5536824553723269e-007 	1.0162602817197618e-004
1.8485600000000002e+004 	9.4143387865101171e-005 	2.3440775332305548e-007 	9.4377795618424260e-005
2.0124000000000000e+004 	8.2102395621862169e-005 	1.9978812319554998e-007 	8.2302183745057729e-005
2.1762399999999998e+004 	7.1708703184932346e-005 	1.6955413830312229e-007 	7.1878257323235479e-005
2.3400799999999999e+004 	6.3453497982477429e-005 	1.4645315208986471e-007 	6.3599951134567318e-005
2.5039200000000001e+004 	5.6592083172109102e-005 	1.2910452196993647e-007 	5.6721187694079051e-005
2.6677600000000002e+004 	5.0822740727681912e-005 	1.1575894717995724e-007 	5.0938499674861870e-005
2.8316000000000000e+004 	4.5920608784447876e-005 	1.0406132933461240e-007 	4.6024670113782462e-005
-1350 0
-1.3500000000000000e+003 0.0000000000000000e+000 0.0000000000000000e+000
1
1 1 1 1
1
         t, ms                         dVp, mV                         dVs, mV                         dV, mV
5.0000000000000000e-001 	1.1037266996818888e-001 	-2.8812210237948350e-004 	1.1008454786580940e-001
5.9999999999999998e-001 	1.1051154623524236e-001 	-2.8776099139903792e-004 	1.1022378524384326e-001
6.9999999999999996e-001 	1.1060283511033425e-001 	-2.8742850942851462e-004 	1.1031540660090576e-001
8.0000000000000004e-001 	1.1067472187517750e-001 	-2.8714717100537454e-004 	1.1038757470417218e-001
9.0000000000000002e-001 	1.1073553579455639e-001 	-2.8690606713169736e-004 	1.1044862972742472e-001
1.0000000000000000e+000 	1.1078847569303694e-001 	-2.8669682324143555e-004 	1.1050177886979544e-001
1.1000000000000001e+000 	1.1083524128373451e-001 	-2.8651320536385050e-004 	1.1054872807837061e-001
1.2000000000000000e+000 	1.1087696580882864e-001 	-2.8635056764571390e-004 	1.1059061524118292e-001
1.3000000000000000e+000 	1.1091449040949655e-001 	-2.8620539120121751e-004 	1.1062828501829537e-001
1.3999999999999999e+000 	1.1094846873940685e-001 	-2.8607914837132088e-004 	1.1066238959103551e-001
1.6000000000000001e+000 	1.1207774191600227e-001 	-2.8586114656935831e-004 	1.1179188076943293e-001
1.8000000000000000e+000 	1.1105877904254478e-001 	-2.8567144714967404e-004 	1.1077310759539505e-001
2.0000000000000000e+000 	1.1110212601825821e-001 	-2.8551031753431665e-004 	1.1081661570072392e-001
2.2000000000000002e+000 	1.1113981666751545e-001 	-2.8537220339081449e-004 	1.1085444446412465e-001
2.3999999999999999e+000 	1.1117298937621374e-001 	-2.8525236771527473e-004 	1.1088773700849845e-001
2.6000000000000001e+000 	1.1120249063095233e-001 	-2.8514704458625442e-004 	1.1091734358636610e-001
2.7999999999999998e+000 	1.1122895942174171e-001 	-2.8505330803016909e-004 	1.1094390611371152e-001
3.0000000000000000e+000 	1.1125288723594409e-001 	-2.8496889400516566e-004 	1.1096791834193895e-001
3.2000000000000002e+000 	1.1127465921242731e-001 	-2.8489204405577777e-004 	1.1098976716837156e-001
3.3999999999999999e+000 	1.1129458226502234e-001 	-2.8482138313413530e-004 	1.1100976088188817e-001
3.6000000000000001e+000 	1.1131290457559861e-001 	-2.8475720975422491e-004 	1.1102814736584438e-001
4.0000000000000000e+000 	1.1173716804411925e-001 	-2.8464029351975073e-004 	1.1145252775059949e-001
4.4000000000000004e+000 	1.1137413514131388e-001 	-2.8453239758455620e-004 	1.1108960274372924e-001
4.7999999999999998e+000 	1.1139903566469055e-001 	-2.8443343182046546e-004 	1.1111460223287010e-001
5.2000000000000002e+000 	1.1142114291461080e-001 	-2.8434152501393751e-004 	1.1113680138959689e-001
5.5999999999999996e+000 	1.1144105059383080e-001 	-2.8425522852253702e-004 	1.1115679536530823e-001
6.0000000000000000e+000 	1.1145925538200807e-001 	-2.8417351812862120e-004 	1.1117508186387948e-001
6.4000000000000004e+000 	1.1147617468715916e-001 	-2.8409570479996117e-004 	1.1119207898235914e-001
6.7999999999999998e+000 	1.1149215305380553e-001 	-2.8402134063700956e-004 	1.1120813171316853e-001
7.2000000000000002e+000 	1.1150746288971958e-001 	-2.8395014282687244e-004 	1.1122351274689275e-001
7.5999999999999996e+000 	1.1152230445443138e-001 	-2.8388193758594046e-004 	1.1123842251684546e-001
8.0000000000000000e+000 	1.1153680799590383e-001 	-2.8381770384750655e-004 	1.1125299029205625e-001
8.8000000000000007e+000 	1.1177871814781774e-001 	-2.8369792097079324e-004 	1.1149502022684696e-001
9.5999999999999996e+000 	1.1159169724075145e-001 	-2.8358703756759017e-004 	1.1130811020318387e-001
1.0400000000000000e+001 	1.1161638152126059e-001 	-2.8348661592660432e-004 	1.1133289490533399e-001
1.1199999999999999e+001 	1.1163810940863081e-001 	-2.8339652165852665e-004 	1.1135471288697225e-001
1.2000000000000000e+001 	1.1165585416211866e-001 	-2.8331640906389298e-004 	1.1137253775305479e-001
1.2800000000000001e+001 	1.1166858932838988e-001 	-2.8324580498699335e-004 	1.1138534352340286e-001
1.3600000000000000e+001 	1.1167536662118856e-001 	-2.8318415170053686e-004 	1.1139218246948801e-001
1.4400000000000000e+001 	1.1167535497902019e-001 	-2.8313083877129166e-004 	1.1139222414024887e-001
1.5199999999999999e+001 	1.1166785166906033e-001 	-2.8308523029146215e-004 	1.1138476643876886e-001
1.6000000000000000e+001 	1.1165227634815482e-001 	-2.8304668777895148e-004 	1.1136922966037588e-001
1.6800000000000001e+001 	1.1162815665837221e-001 	-2.8301458824615995e-004 	1.1134514207012604e-001
1.7600000000000001e+001 	1.1159511113968289e-001 	-2.8298833737003558e-004 	1.1131212280231287e-001
1.8399999999999999e+001 	1.1155283285070962e-001 	-2.8296904185497743e-004 	1.1126986380885459e-001
2.0000000000000000e+001 	1.1155576924605094e-001 	-2.8294396543225304e-004 	1.1127282528061876e-001
2.1600000000000001e+001 	1.1128683229315152e-001 	-2.8293071649156207e-004 	1.1100390157665996e-001
2.3199999999999999e+001 	1.1109425535525493e-001 	-2.8292982453046269e-004 	1.1081132553072448e-001
2.4800000000000001e+001 	1.1086131208152425e-001 	-2.8293936280279118e-004 	1.1057837271872145e-001
2.6399999999999999e+001 	1.1058800344869738e-001 	-2.8295754251618022e-004 	1.1030504590618119e-001
2.8000000000000000e+001 	1.1027469537396818e-001 	-2.8298283574396441e-004 	1.0999171253822412e-001
2.9600000000000001e+001 	1.0992209079300536e-001 	-2.8301396967355189e-004 	1.0963907682333175e-001
3.1199999999999999e+001 	1.0953119800344217e-001 	-2.8304988482795213e-004 	1.0924814811861422e-001
3.2800000000000004e+001 	1.0910329466061591e-001 	-2.8308968998483493e-004 	1.0882020497063108e-001
3.4399999999999999e+001 	1.0863988794102616e-001 	-2.8313262414100202e-004 	1.0835675531688513e-001
3.6000000000000000e+001 	1.0814267242484027e-001 	-2.8317802754058633e-004 	1.0785949439729968e-001
3.7600000000000001e+001 	1.0761348765763695e-001 	-2.8322566898836336e-004 	1.0733026198864859e-001
4.0800000000000004e+001 	1.0651538055543928e-001 	-2.8332394387698041e-004 	1.0623205661156228e-001
4.4000000000000000e+001 	1.0522293939996281e-001 	-2.8342313728025670e-004 	1.0493951626268258e-001
4.7199999999999996e+001 	1.0388841774442319e-001 	-2.8352177974757468e-004 	1.0360489596467565e-001
5.0399999999999999e+001 	1.0248128716039635e-001 	-2.8361796556895666e-004 	1.0219766919482744e-001
5.3600000000000001e+001 	1.0101579913965654e-001 	-2.8371015506123897e-004 	1.0073208898459532e-001
5.6800000000000004e+001 	9.9505001150500844e-002 	-2.8379721520199806e-004 	9.9221203935298846e-002
6.0000000000000000e+001 	9.7960578831307182e-002 	-2.8387839087005626e-004 	9.7676700440437095e-002
6.3200000000000003e+001 	9.6392819325364448e-002 	-2.8395325181188144e-004 	9.6108866073552568e-002
6.6400000000000006e+001 	9.4810653303756057e-002 	-2.8402163401789637e-004 	9.4526631669738168e-002
6.9599999999999994e+001 	9.3221744750659072e-002 	-2.8408358370255561e-004 	9.2937661166956509e-002
7.2799999999999997e+001 	9.1632606104808847e-002 	-2.8413720034241562e-004 	9.1348468904466393e-002
7.9200000000000003e+001 	8.8505429570242669e-002 	-2.8422750839807799e-004 	8.8221202061844570e-002
8.5599999999999994e+001 	8.5379469734403773e-002 	-2.8430275615043909e-004 	8.5095166978253339e-002
9.2000000000000000e+001 	8.2353343138294927e-002 	-2.8436264528572625e-004 	8.2068980493009216e-002
9.8400000000000006e+001 	7.9416763921892619e-002 	-2.8441034990951707e-004 	7.9132353571983047e-002
1.0480000000000001e+002 	7.6579583434206872e-002 	-2.8444902028548086e-004 	7.6295134413921398e-002
1.1119999999999999e+002 	7.3847401115503253e-002 	-2.8448129568938444e-004 	7.3562919819813874e-002
1.1759999999999999e+002 	7.1222689186105845e-002 	-2.8450900661214281e-004 	7.0938180179493715e-002
1.2400000000000000e+002 	6.8705688517755520e-002 	-2.8453299026207768e-004 	6.8421155527493421e-002
1.3039999999999998e+002 	6.6295083214961720e-002 	-2.8455299352921754e-004 	6.6010530221432495e-002
1.3680000000000001e+002 	6.3988494862794912e-002 	-2.8456764973943364e-004 	6.3703927213055497e-002
1.4319999999999999e+002 	6.1782839806481721e-002 	-2.8456818881472201e-004 	6.1498271617666980e-002
1.5600000000000000e+002 	5.7700330591785642e-002 	-2.8451917620630790e-004 	5.7415811415579325e-002
1.6880000000000001e+002 	5.3883634154818102e-002 	-2.8438902537182732e-004 	5.3599245129446263e-002
1.8160000000000002e+002 	5.0439581027142320e-002 	-2.8413248815068083e-004 	5.0155448538991641e-002
1.9439999999999998e+002 	4.7293026844973815e-002 	-2.8370941776822094e-004 	4.7009317427205592e-002
2.0719999999999999e+002 	4.4415771394685270e-002 	-2.8308282116754730e-004 	4.4132688573517730e-002
2.2000000000000000e+002 	4.1781646065935027e-002 	-2.8222175372941952e-004 	4.1499424312205609e-002
2.3280000000000001e+002 	3.9366750158909128e-002 	-2.8110314907262615e-004 	3.9085647009836501e-002
2.4560000000000002e+002 	3.7149470724845562e-002 	-2.7971257603529736e-004 	3.6869758148810265e-002
2.5840000000000003e+002 	3.5110384121201495e-002 	-2.7804409984665516e-004 	3.4832340021354831e-002
2.7119999999999999e+002 	3.3232098856612387e-002 	-2.7609949482063225e-004 	3.2955999361791749e-002
2.8400000000000000e+002 	3.1499074966714030e-002 	-2.7388706554963490e-004 	3.1225187901164391e-002
2.9680000000000001e+002 	2.9897439965791264e-002 	-2.7142030191171126e-004 	2.9626019663879552e-002
3.0959999999999997e+002 	2.8414812165685581e-002 	-2.6864155055820413e-004 	2.8146170615127371e-002
3.3519999999999999e+002 	2.5794564911092537e-002 	-2.6247792168250799e-004 	2.5532086989410032e-002
3.6080000000000001e+002 	2.3446904653752220e-002 	-2.5580423274364152e-004 	2.3191100421008585e-002
3.8640000000000003e+002 	2.1443115768438235e-002 	-2.4863343747114454e-004 	2.1194482330967081e-002
4.1200000000000000e+002 	1.9691838784616351e-002 	-2.4109926046922978e-004 	1.9450739524147120e-002
4.3759999999999997e+002 	1.8153012806261141e-002 	-2.3333131606065224e-004 	1.7919681490200481e-002
4.6319999999999999e+002 	1.6793801730456522e-002 	-2.2544393897601701e-004 	1.6568357791480505e-002
4.8880000000000001e+002 	1.5587283771228807e-002 	-2.1753307411963042e-004 	1.5369750697109179e-002
5.1439999999999998e+002 	1.4511304611553382e-002 	-2.0967646577014706e-004 	1.4301628145783238e-002
5.4000000000000000e+002 	1.3547539398757172e-002 	-2.0193517725276250e-004 	1.3345604221504402e-002
5.6560000000000002e+002 	1.2680744974623310e-002 	-1.9435567332614845e-004 	1.2486389301297158e-002
5.9119999999999993e+002 	1.1898168790940512e-002 	-1.8697209639594164e-004 	1.1711196694544570e-002
6.1680000000000007e+002 	1.1189081993684886e-002 	-1.7990335117405563e-004 	1.1009178642510834e-002
6.6800000000000000e+002 	9.9713515860090259e-003 	-1.6651572602608758e-004 	9.8048358599829404e-003
7.1919999999999993e+002 	8.9086488633242436e-003 	-1.5393232137907796e-004 	8.7547165419451650e-003
7.7039999999999998e+002 	8.0318505317003748e-003 	-1.4229743821638364e-004 	7.8895530934839937e-003
8.2160000000000002e+002 	7.2848332855573912e-003 	-1.3159382332069490e-004 	7.1532394622366947e-003
8.7280000000000007e+002 	6.6425447908974320e-003 	-1.2177556729510411e-004 	6.5207692236023268e-003
9.2400000000000000e+002 	6.0856213017164117e-003 	-1.1278288310154915e-004 	5.9728384186148601e-003
9.7519999999999993e+002 	5.5990107751086636e-003 	-1.0455058310260264e-004 	5.4944601920060600e-003
1.0264000000000001e+003 	5.1708995041055972e-003 	-9.7013024716815808e-005 	5.0738864793887836e-003
1.0775999999999999e+003 	4.7919136830781930e-003 	-9.0106954561802128e-005 	4.7018067285163872e-003
1.1288000000000000e+003 	4.4545340384426115e-003 	-8.3773065500609696e-005 	4.3707609729420008e-003
1.1800000000000000e+003 	4.1526664350999536e-003 	-7.8119710728992331e-005 	4.0745467243709617e-003
1.2824000000000001e+003 	3.6420669124708209e-003 	-6.8139563568096005e-005 	3.5739273489027255e-003
1.3848000000000000e+003 	3.2042519222334801e-003 	-5.9331000298534579e-005 	3.1449209219349445e-003
1.4872000000000000e+003 	2.8496875401358398e-003 	-5.1758421045624515e-005 	2.7979291190902149e-003
1.5895999999999999e+003 	2.5522188171152420e-003 	-4.5243679392658560e-005 	2.5069751377225832e-003
1.6920000000000000e+003 	2.2999698043404604e-003 	-3.9619774770528564e-005 	2.2603500295699333e-003
1.7944000000000001e+003 	2.0840212706844234e-003 	-3.4744812977188016e-005 	2.0492764577072354e-003
1.8968000000000000e+003 	1.8976054314446148e-003 	-3.0502558754048120e-005 	1.8671028726905668e-003
1.9992000000000000e+003 	1.7355120917940869e-003 	-2.6798457452988497e-005 	1.7087136343410976e-003
2.1015999999999999e+003 	1.5936679977776671e-003 	-2.3555135638547619e-005 	1.5701128621391197e-003
2.2040000000000000e+003 	1.4688417362915614e-003 	-2.0708686355220629e-005 	1.4481330499363408e-003
2.3064000000000001e+003 	1.3584355259741237e-003 	-1.8305197341815237e-005 	1.3401303286323084e-003
2.5112000000000003e+003 	1.1745959449069642e-003 	-1.4321842568046236e-005 	1.1602741023389181e-003
2.7160000000000000e+003 	1.0204332485426620e-003 	-1.1030418143215326e-005 	1.0094028303994462e-003
2.9207999999999997e+003 	8.9859139318142255e-004 	-8.4407189711497773e-006 	8.9015067421027282e-004
3.1255999999999999e+003 	7.9872275036203843e-004 	-6.4154650273239860e-006 	7.9230728533471431e-004
3.3304000000000001e+003 	7.1590659899111440e-004 	-4.8343379376870025e-006 	7.1107226105342723e-004
3.5352000000000003e+003 	6.4647800019178954e-004 	-3.6010336152097126e-006 	6.4287696657657975e-004
3.7400000000000000e+003 	5.8768596091459779e-004 	-2.6401877626950909e-006 	5.8504577315190271e-004
3.9447999999999997e+003 	5.3744122293919764e-004 	-1.8928073278211702e-006 	5.3554841561137675e-004
4.1496000000000004e+003 	4.9413702980327483e-004 	-1.3126241463141481e-006 	4.9282440565696049e-004
4.3543999999999996e+003 	4.5652273577674634e-004 	-8.6335928192700721e-007 	4.5565937649481928e-004
4.5591999999999998e+003 	4.2361410190966560e-004 	-5.1659100471684857e-007 	4.2309751090494876e-004
4.7640000000000000e+003 	3.9462881569793200e-004 	-2.5006108610716044e-007 	3.9437875461182482e-004
4.9688000000000002e+003 	3.6893945735715599e-004 	-6.0107886106211812e-008 	3.6887934947104983e-004
5.3783999999999996e+003 	3.2597710881175336e-004 	1.9454860508639641e-007 	3.2617165741683971e-004
5.7880000000000000e+003 	2.8947731952916268e-004 	3.5885143684430871e-007 	2.8983617096600711e-004
6.1976000000000004e+003 	2.6022336994345740e-004 	4.4458378969734402e-007 	2.6066795373315470e-004
6.6071999999999998e+003 	2.3578927601893034e-004 	4.8100698035831277e-007 	2.3627028299928865e-004
7.0168000000000002e+003 	2.1508245349694506e-004 	4.8803080794696417e-007 	2.1557048430489200e-004
7.4264000000000005e+003 	1.9730781815069864e-004 	4.7808029491963903e-007 	1.9778589844561835e-004
7.8360000000000000e+003 	1.8188085205738847e-004 	4.5888121785496457e-007 	1.8233973327524337e-004
8.2456000000000004e+003 	1.6836485030767578e-004 	4.3521121486239093e-007 	1.6880006152253819e-004
8.6552000000000007e+003 	1.5642751599570756e-004 	4.0993722235541451e-007 	1.5683745321806299e-004
9.0647999999999993e+003 	1.4581132907085390e-004 	3.8470048625740390e-007 	1.4619602955711126e-004
9.4743999999999996e+003 	1.3631326483893807e-004 	3.6178378140865047e-007 	1.3667504862034671e-004
1.0293600000000000e+004 	1.2031379264156919e-004 	3.1998651789990629e-007 	1.2063377915946906e-004
1.1112799999999999e+004 	1.0640579000843077e-004 	2.8043051936653769e-007 	1.0668622052779732e-004
1.1932000000000000e+004 	9.5174673822838869e-005 	2.4609645663265237e-007 	9.5420770279471519e-005
1.2751200000000001e+004 	8.5716695981322193e-005 	2.1730949344913469e-007 	8.5934005474771333e-005
1.3570400000000000e+004 	7.7663749362249002e-005 	1.9301608022641568e-007 	7.7856765442475416e-005
1.4389600000000000e+004 	7.0740077901136066e-005 	1.7221621076771454e-007 	7.0912294111903751e-005
1.5208799999999999e+004 	6.4736465426723459e-005 	1.5426250206459069e-007 	6.4890727928788045e-005
1.6027999999999998e+004 	5.9491647308692470e-005 	1.3871468428094516e-007 	5.9630361992973428e-005
1.6847200000000001e+004 	5.4879349512352736e-005 	1.2522903870889447e-007 	5.5004578551061636e-005
1.7666399999999998e+004 	5.0799270835612712e-005 	1.1351861149662623e-007 	5.0912789447109324e-005
1.8485600000000002e+004 	4.7170731080242322e-005 	1.0417412179323661e-007 	4.7274905202035543e-005
2.0124000000000000e+004 	4.1127779517570428e-005 	8.8752866809726868e-008 	4.1216532384380152e-005
2.1762399999999998e+004 	3.5912919054210913e-005 	7.5214196403188977e-008 	3.5988133250614103e-005
2.3400799999999999e+004 	3.1772972738469675e-005 	6.4948205583456368e-008 	3.1837920944053121e-005
2.5039200000000001e+004 	2.8333098853263643e-005 	5.7325702471386141e-008 	2.8390424555735021e-005
2.6677600000000002e+004 	2.5441489336233930e-005 	5.1518613062897032e-008 	2.5493007949296835e-005
2.8316000000000000e+004 	2.2985076773184480e-005 	4.6453046463038515e-008 	2.3031529819647519e-005
-750 0
-7.5000000000000000e+002 0.0000000000000000e+000 0.0000000000000000e+000
1
1 1 1 1
1
         t, ms                         dVp, mV                         dVs, mV                         dV, mV
5.0000000000000000e-001 	2.9778777829741608e-002 	2.7288583905413313e-005 	2.9806066413647022e-002
5.9999999999999998e-001 	2.9822024013099462e-002 	2.5575509942305286e-005 	2.9847599523041762e-002
6.9999999999999996e-001 	2.9850451038476489e-002 	2.4002310814503975e-005 	2.9874453349290998e-002
8.0000000000000004e-001 	2.9872836331898481e-002 	2.2678635551810749e-005 	2.9895514967450295e-002
9.0000000000000002e-001 	2.9891773685178792e-002 	2.1550385802913771e-005 	2.9913324070981722e-002
1.0000000000000000e+000 	2.9908259183563005e-002 	2.0575787053560500e-005 	2.9928834970616568e-002
1.1000000000000001e+000 	2.9922822084675130e-002 	1.9723659032670650e-005 	2.9942545743707815e-002
1.2000000000000000e+000 	2.9935815254334808e-002 	1.8970792475837661e-005 	2.9954786046810639e-002
1.3000000000000000e+000 	2.9947500604848347e-002 	1.8299699776831149e-005 	2.9965800304625170e-002
1.3999999999999999e+000 	2.9958081673287222e-002 	1.7716140836427750e-005 	2.9975797814123652e-002
1.6000000000000001e+000 	3.0309774361488892e-002 	1.6706944170136371e-005 	3.0326481305659032e-002
1.8000000000000000e+000 	2.9992433283049048e-002 	1.5826299825459904e-005 	3.0008259582874508e-002
2.0000000000000000e+000 	3.0005932052139240e-002 	1.5075208780045036e-005 	3.0021007260919299e-002
2.2000000000000002e+000 	3.0017669441383989e-002 	1.4428565731303371e-005 	3.0032098007115277e-002
2.3999999999999999e+000 	3.0027999937138346e-002 	1.3865455257859714e-005 	3.0041865392396207e-002
2.6000000000000001e+000 	3.0037187131382623e-002 	1.3369626926545483e-005 	3.0050556758309158e-002
2.7999999999999998e+000 	3.0045430003935860e-002 	1.2928719121820626e-005 	3.0058358723057680e-002
3.0000000000000000e+000 	3.0052881603940051e-002 	1.2533331037022400e-005 	3.0065414934977074e-002
3.2000000000000002e+000 	3.0059661863119227e-002 	1.2176244687266481e-005 	3.0071838107806503e-002
3.3999999999999999e+000 	3.0065866354826574e-002 	1.1851838553434558e-005 	3.0077718193380013e-002
3.6000000000000001e+000 	3.0071572362510048e-002 	1.1564081457965994e-005 	3.0083136443968008e-002
4.0000000000000000e+000 	3.0203702218820207e-002 	1.1057405544830259e-005 	3.0214759624365040e-002
4.4000000000000004e+000 	3.0090641191460592e-002 	1.0609565535076729e-005 	3.0101250756995671e-002
4.7999999999999998e+000 	3.0098396018530392e-002 	1.0222944800419669e-005 	3.0108618963330808e-002
5.2000000000000002e+000 	3.0105281246514265e-002 	9.8879525981203043e-006 	3.0115169199112380e-002
5.5999999999999996e+000 	3.0111482264924071e-002 	9.5960672093207717e-006 	3.0121078332133393e-002
6.0000000000000000e+000 	3.0117154741492045e-002 	9.3402288352211599e-006 	3.0126494970327270e-002
6.4000000000000004e+000 	3.0122430372074335e-002 	9.1146930494247623e-006 	3.0131545065123756e-002
6.7999999999999998e+000 	3.0127419098037220e-002 	8.9147834932590844e-006 	3.0136333881530464e-002
7.2000000000000002e+000 	3.0132209531307446e-002 	8.7366684827741648e-006 	3.0140946199790224e-002
7.5999999999999996e+000 	3.0136869098691763e-002 	8.5771844849432244e-006 	3.0145446283176707e-002
8.0000000000000000e+000 	3.0141444793757188e-002 	8.4383272852444003e-006 	3.0149883121042435e-002
8.8000000000000007e+000 	3.0217026328954594e-002 	8.1985479390796803e-006 	3.0225224876893681e-002
9.5999999999999996e+000 	3.0159201039687104e-002 	7.9900493644116128e-006 	3.0167191089051509e-002
1.0400000000000000e+001 	3.0167619312134901e-002 	7.8131024334746693e-006 	3.0175432414568378e-002
1.1199999999999999e+001 	3.0175517733733559e-002 	7.6615330604803968e-006 	3.0183179266794032e-002
1.2000000000000000e+001 	3.0182687982847494e-002 	7.5300608299380587e-006 	3.0190218043677424e-002
1.2800000000000001e+001 	3.0188925811829328e-002 	7.4144908890644603e-006 	3.0196340302718387e-002
1.3600000000000000e+001 	3.0194052699062029e-002 	7.3115726239850027e-006 	3.0201364271686026e-002
1.4400000000000000e+001 	3.0197926391363296e-002 	7.2187982268882076e-006 	3.0205145189590183e-002
1.5199999999999999e+001 	3.0200443506732396e-002 	7.1342235402824275e-006 	3.0207577730272672e-002
1.6000000000000000e+001 	3.0201537309383204e-002 	7.0563279275523645e-006 	3.0208593637310755e-002
1.6800000000000001e+001 	3.0201173056660473e-002 	6.9839097644304719e-006 	3.0208156966424912e-002
1.7600000000000001e+001 	3.0199342509409297e-002 	6.9160097325386847e-006 	3.0206258519141833e-002
1.8399999999999999e+001 	3.0196058535600315e-002 	6.8528622224486848e-006 	3.0202911397822767e-002
2.0000000000000000e+001 	3.0222014075316616e-002 	6.7348973995169604e-006 	3.0228748972716130e-002
2.1600000000000001e+001 	3.0169308809636846e-002 	6.6233699064302443e-006 	3.0175932179543268e-002
2.3199999999999999e+001 	3.0148447587028841e-002 	6.5180214178521153e-006 	3.0154965608446681e-002
2.4800000000000001e+001 	3.0123215919046764e-002 	6.4172559584379788e-006 	3.0129633175005204e-002
2.6399999999999999e+001 	3.0094099247000811e-002 	6.3197802290861900e-006 	3.0100419027229895e-002
2.8000000000000000e+001 	3.0061567695707225e-002 	6.2246237869962337e-006 	3.0067792319494233e-002
2.9600000000000001e+001 	3.0026060454904541e-002 	6.1310860438049591e-006 	3.0032191540948334e-002
3.1199999999999999e+001 	2.9987976687651130e-002 	6.0386747370409748e-006 	2.9994015362388170e-002
3.2800000000000004e+001 	2.9947671036090459e-002 	5.9470539555722327e-006 	2.9953618090046031e-002
3.4399999999999999e+001 	2.9905452271092151e-002 	5.8560042204610764e-006 	2.9911308275312607e-002
3.6000000000000000e+001 	2.9861584058564559e-002 	5.7653927390874425e-006 	2.9867349451303652e-002
3.7600000000000001e+001 	2.9816287129573772e-002 	5.6752992607153608e-006 	2.9821962428834493e-002
4.0800000000000004e+001 	2.9737261903631518e-002 	5.4963208653453514e-006 	2.9742758224496853e-002
4.4000000000000000e+001 	2.9624133857244165e-002 	5.3188716939179700e-006 	2.9629452728938081e-002
4.7199999999999996e+001 	2.9522502478383929e-002 	5.1436357556858396e-006 	2.9527646114139605e-002
5.0399999999999999e+001 	2.9417635088028221e-002 	4.9711978207335636e-006 	2.9422606285848956e-002
5.3600000000000001e+001 	2.9309601936791812e-002 	4.8021642287458801e-006 	2.9314404101020559e-002
5.6800000000000004e+001 	2.9198328807018836e-002 	4.6371157881460972e-006 	2.9202965922806995e-002
6.0000000000000000e+001 	2.9083659470263593e-002 	4.4765717609723977e-006 	2.9088136042024561e-002
6.3200000000000003e+001 	2.8965405399698739e-002 	4.3209678214409745e-006 	2.8969726367520189e-002
6.6400000000000006e+001 	2.8843381911861019e-002 	4.1706458982197277e-006 	2.8847552557759240e-002
6.9599999999999994e+001 	2.8717432210348882e-002 	4.0258527237745731e-006 	2.8721458063072650e-002
7.2799999999999997e+001 	2.8587441592652578e-002 	3.8889703296989629e-006 	2.8591330562982280e-002
7.9200000000000003e+001 	2.8321733218813060e-002 	3.6329357196917532e-006 	2.8325366154532745e-002
8.5599999999999994e+001 	2.8026781192919938e-002 	3.3950090554136532e-006 	2.8030176201975371e-002
9.2000000000000000e+001 	2.7723011709829139e-002 	3.1779224847057719e-006 	2.7726189632313842e-002
9.8400000000000006e+001 	2.7405020525746331e-002 	2.9807394531391798e-006 	2.7408001265199475e-002
1.0480000000000001e+002 	2.7074282422932902e-002 	2.8020598363020945e-006 	2.7077084482769204e-002
1.1119999999999999e+002 	2.6732453923226374e-002 	2.6403256052624713e-006 	2.6735094248831644e-002
1.1759999999999999e+002 	2.6381261389162029e-002 	2.4939694845147521e-006 	2.6383755358646552e-002
1.2400000000000000e+002 	2.6022415839953208e-002 	2.3614742124145051e-006 	2.6024777314165616e-002
1.3039999999999998e+002 	2.5657554144730487e-002 	2.2413772744616569e-006 	2.5659795522004949e-002
1.3680000000000001e+002 	2.5288202494704908e-002 	2.1322477985366073e-006 	2.5290334742503442e-002
1.4319999999999999e+002 	2.4915756970372467e-002 	2.0351469671129646e-006 	2.4917792117339591e-002
1.5600000000000000e+002 	2.4176260918036263e-002 	1.8612879510857065e-006 	2.4178122205987352e-002
1.6880000000000001e+002 	2.3420709003782753e-002 	1.6999729343406687e-006 	2.3422408976717102e-002
1.8160000000000002e+002 	2.2680645928141643e-002 	1.5455491623907343e-006 	2.2682191477304017e-002
1.9439999999999998e+002 	2.1952540075369974e-002 	1.3877814981744605e-006 	2.1953927856868134e-002
2.0719999999999999e+002 	2.1240122271333498e-002 	1.2169966339897219e-006 	2.1241339267967480e-002
2.2000000000000000e+002 	2.0546102383850517e-002 	1.0249685551530803e-006 	2.0547127352405676e-002
2.3280000000000001e+002 	1.9872362959573689e-002 	8.0536115543274041e-007 	1.9873168320729117e-002
2.4560000000000002e+002 	1.9220133208029497e-002 	5.5386645811853928e-007 	1.9220687074487621e-002
2.5840000000000003e+002 	1.8590133691764800e-002 	2.6812384688968902e-007 	1.8590401815611689e-002
2.7119999999999999e+002 	1.7982692543262648e-002 	-5.2504174756390708e-008 	1.7982640039087897e-002
2.8400000000000000e+002 	1.7397837345586510e-002 	-4.0723229932081760e-007 	1.7397430113287191e-002
2.9680000000000001e+002 	1.6835367320348155e-002 	-7.9417506774060477e-007 	1.6834573145280408e-002
3.0959999999999997e+002 	1.6294909967921337e-002 	-1.2193687839675641e-006 	1.6293690599137371e-002
3.3519999999999999e+002 	1.5289048219675931e-002 	-2.1405205564778131e-006 	1.5286907699119452e-002
3.6080000000000001e+002 	1.4339818448370433e-002 	-3.1157202726666754e-006 	1.4336702728097773e-002
3.8640000000000003e+002 	1.3477743376114779e-002 	-4.1375056713175303e-006 	1.3473605870443457e-002
4.1200000000000000e+002 	1.2685174941549901e-002 	-5.1839339304264655e-006 	1.2679991007619476e-002
4.3759999999999997e+002 	1.1956411021462594e-002 	-6.2340248988938089e-006 	1.1950176996563706e-002
4.6319999999999999e+002 	1.1285935782368363e-002 	-7.2695149061343853e-006 	1.1278666267462233e-002
4.8880000000000001e+002 	1.0668539918720247e-002 	-8.2755500544158994e-006 	1.0660264368665826e-002
5.1439999999999998e+002 	1.0099383972097425e-002 	-9.2406942264096128e-006 	1.0090143277871021e-002
5.4000000000000000e+002 	9.5740232144753724e-003 	-1.0156536739297424e-005 	9.5638666777360798e-003
5.6560000000000002e+002 	9.0884077867330309e-003 	-1.1017180008201073e-005 	9.0773906067248278e-003
5.9119999999999993e+002 	8.6388677757565438e-003 	-1.1818771680378551e-005 	8.6270490040761642e-003
6.1680000000000007e+002 	8.2220898219660561e-003 	-1.2535306823983282e-005 	8.2095545151420722e-003
6.6800000000000000e+002 	7.4842020319794197e-003 	-1.3778710451994893e-005 	7.4704233215274292e-003
7.1919999999999993e+002 	6.8208753111806079e-003 	-1.4830985129238677e-005 	6.8060443260513689e-003
7.7039999999999998e+002 	6.2531424054233621e-003 	-1.5666218700207953e-005 	6.2374761867231530e-003
8.2160000000000002e+002 	5.7554184499248743e-003 	-1.6298307726409915e-005 	5.7391201421984677e-003
8.7280000000000007e+002 	5.3166590631740628e-003 	-1.6746517586614151e-005 	5.2999125455874489e-003
9.2400000000000000e+002 	4.9278028125331799e-003 	-1.7032095236759416e-005 	4.9107707172964211e-003
9.7519999999999993e+002 	4.5814206008609150e-003 	-1.7176229592367097e-005 	4.5642443712685483e-003
1.0264000000000001e+003 	4.2714031019195240e-003 	-1.7198837061627712e-005 	4.2542042648578970e-003
1.0775999999999999e+003 	3.9927021308990328e-003 	-1.7117990924556652e-005 	3.9755841399744755e-003
1.1288000000000000e+003 	3.7411229990984198e-003 	-1.6949769260256874e-005 	3.7241732298381632e-003
1.1800000000000000e+003 	3.5131597630968150e-003 	-1.6688637156781546e-005 	3.4964711259400341e-003
1.2824000000000001e+003 	3.1213848944670114e-003 	-1.6005625970228827e-005 	3.1053792684967827e-003
1.3848000000000000e+003 	2.7795876078737566e-003 	-1.5205965394700717e-005 	2.7643816424790559e-003
1.4872000000000000e+003 	2.4972921589069392e-003 	-1.4304331252444807e-005 	2.4829878276544930e-003
1.5895999999999999e+003 	2.2567044024233364e-003 	-1.3340876782794889e-005 	2.2433635256405402e-003
1.6920000000000000e+003 	2.0498742533721637e-003 	-1.2348369830510457e-005 	2.0375258835416531e-003
1.7944000000000001e+003 	1.8706679495888313e-003 	-1.1352418889592764e-005 	1.8593155306992385e-003
1.8968000000000000e+003 	1.7143160069986289e-003 	-1.0372718172605466e-005 	1.7039432888260237e-003
1.9992000000000000e+003 	1.5770660013006070e-003 	-9.4239646146405878e-006 	1.5676420366859667e-003
2.1015999999999999e+003 	1.4559277607694911e-003 	-8.5166279458166058e-006 	1.4474111328236742e-003
2.2040000000000000e+003 	1.3484888593662786e-003 	-7.6577208016240591e-006 	1.3408311385646543e-003
2.3064000000000001e+003 	1.2527807303554402e-003 	-6.8715545918917501e-006 	1.2459091757635486e-003
2.5112000000000003e+003 	1.0920234345366969e-003 	-5.4664353569217529e-006 	1.0865569991797750e-003
2.7160000000000000e+003 	9.5579131588548899e-004 	-4.2360415701365887e-006 	9.5155527431535264e-004
2.9207999999999997e+003 	8.4690817924897379e-004 	-3.2027404737938448e-006 	8.4370543877518008e-004
3.1255999999999999e+003 	7.5682724561210645e-004 	-2.3488545445407974e-006 	7.5447839106756542e-004
3.3304000000000001e+003 	6.8151481445808966e-004 	-1.6517837897323783e-006 	6.7986303066835745e-004
3.5352000000000003e+003 	6.1792181644972587e-004 	-1.0892580732216653e-006 	6.1683255837650431e-004
3.7400000000000000e+003 	5.6372826375634261e-004 	-6.4053035115733005e-007 	5.6308773340518552e-004
3.9447999999999997e+003 	5.1715075937012057e-004 	-2.8665501187568295e-007 	5.1686410435824461e-004
4.1496000000000004e+003 	4.7680308748011368e-004 	-1.0780523038538149e-008 	4.7679230695707534e-004
4.3543999999999996e+003 	4.4159614652995678e-004 	2.0166241018685949e-007 	4.4179780894014367e-004
4.5591999999999998e+003 	4.1066576019278123e-004 	3.6297900472302417e-007 	4.1102873919750407e-004
4.7640000000000000e+003 	3.8332001972494410e-004 	4.8338714663365652e-007 	3.8380340687157771e-004
4.9688000000000002e+003 	3.5900037182953174e-004 	5.6452532634400975e-007 	3.5956489715587573e-004
5.3783999999999996e+003 	3.1815103608112243e-004 	6.6144314722331564e-007 	3.1881247922834583e-004
5.7880000000000000e+003 	2.8329225006782244e-004 	7.0976316092296611e-007 	2.8400201322874530e-004
6.1976000000000004e+003 	2.5520301721064764e-004 	7.1699070772530260e-007 	2.5592000791837280e-004
6.6071999999999998e+003 	2.3164608298945145e-004 	6.9997007376488710e-007 	2.3234605306321642e-004
7.0168000000000002e+003 	2.1161428655814415e-004 	6.6982167577458165e-007 	2.1228410823391863e-004
7.4264000000000005e+003 	1.9436973041608461e-004 	6.3321922138689859e-007 	1.9500294963747155e-004
7.8360000000000000e+003 	1.7936652966171361e-004 	5.9423334415711170e-007 	1.7996076300587078e-004
8.2456000000000004e+003 	1.6619455371512579e-004 	5.5533985777532023e-007 	1.6674989357290116e-004
8.6552000000000007e+003 	1.5454019674261866e-004 	5.1795532119835276e-007 	1.5505815206381704e-004
9.0647999999999993e+003 	1.4415939352093490e-004 	4.8279921790294080e-007 	1.4464219273883789e-004
9.4743999999999996e+003 	1.3485902139782945e-004 	4.5189921447138222e-007 	1.3531092061230086e-004
1.0293600000000000e+004 	1.1916310062998671e-004 	3.9725743490607517e-007 	1.1956035806489280e-004
1.1112799999999999e+004 	1.0550067929956254e-004 	3.4716819293597216e-007 	1.0584784749249852e-004
1.1932000000000000e+004 	9.4443240622247852e-005 	3.0441487329182705e-007 	9.4747655495539663e-005
1.2751200000000001e+004 	8.5117331666051426e-005 	2.6875163740947519e-007 	8.5386083303460970e-005
1.3570400000000000e+004 	7.7166655536648442e-005 	2.3875189908491653e-007 	7.7405407435733340e-005
1.4389600000000000e+004 	7.0323490314936341e-005 	2.1315899323376692e-007 	7.0536649308170087e-005
1.5208799999999999e+004 	6.4384164345246165e-005 	1.9113539909869407e-007 	6.4575299744344862e-005
1.6027999999999998e+004 	5.9191318830690835e-005 	1.7209729011747257e-007 	5.9363416120808330e-005
1.6847200000000001e+004 	5.4621491842697996e-005 	1.5559231933360750e-007 	5.4777084162031579e-005
1.7666399999999998e+004 	5.0576448541653145e-005 	1.4125046220454885e-007 	5.0717699003857694e-005
1.8485600000000002e+004 	4.6977054640968082e-005 	1.2968283944608300e-007 	4.7106737480414159e-005
2.0124000000000000e+004 	4.0978017035874671e-005 	1.1056483602945703e-007 	4.1088581871904131e-005
2.1762399999999998e+004 	3.5798385260859014e-005 	9.3936587594541465e-008 	3.5892321848453536e-005
2.3400799999999999e+004 	3.1682578259015689e-005 	8.1156132892986024e-008 	3.1763734391908682e-005
2.5039200000000001e+004 	2.8260630266536932e-005 	7.1474640386216915e-008 	2.8332104906923141e-005
2.6677600000000002e+004 	2.5382589199971204e-005 	6.3972859695179095e-008 	2.5446562059666364e-005
2.8316000000000000e+004 	2.2936632357118659e-005 	5.7373998980330669e-008 	2.2994006356098980e-005
