-800 0
-8.0000000000000000e+002 0.0000000000000000e+000 0.0000000000000000e+000
1
1 1 1 1
1
         t, ms                         dVp, mV                         dVs, mV                         dV, mV
5.0000000000000000e-001 	1.3769920912653369e-001 	-2.4204782394042322e-004 	1.3745716130259322e-001
5.9999999999999998e-001 	1.3787825850265104e-001 	-2.4337730458069050e-004 	1.3763488119807038e-001
6.9999999999999996e-001 	1.3799595432713049e-001 	-2.4459739583675437e-004 	1.3775135693129376e-001
8.0000000000000004e-001 	1.3808863565248580e-001 	-2.4562241595423089e-004 	1.3784301323653164e-001
9.0000000000000002e-001 	1.3816704122713602e-001 	-2.4649483149967433e-004 	1.3792054639563636e-001
1.0000000000000000e+000 	1.3823529517360245e-001 	-2.4724748401403168e-004 	1.3798804768958833e-001
1.1000000000000001e+000 	1.3829558884805809e-001 	-2.4790490307614323e-004 	1.3804768394498199e-001
1.2000000000000000e+000 	1.3834938327918522e-001 	-2.4848534224562784e-004 	1.3810089793693969e-001
1.3000000000000000e+000 	1.3839776290739722e-001 	-2.4900253726872540e-004 	1.3814876037012855e-001
1.3999999999999999e+000 	1.3844157045677025e-001 	-2.4945227089845991e-004 	1.3819211818587185e-001
1.6000000000000001e+000 	1.3989755019818642e-001 	-2.5023034865173194e-004 	1.3964731984953466e-001
1.8000000000000000e+000 	1.3858379153178507e-001 	-2.5090983880567282e-004 	1.3833288169297941e-001
2.0000000000000000e+000 	1.3863967815284348e-001 	-2.5149001981379491e-004 	1.3838818813302961e-001
2.2000000000000002e+000 	1.3868827223114014e-001 	-2.5199011848982180e-004 	1.3843628211265033e-001
2.3999999999999999e+000 	1.3873104144821743e-001 	-2.5242604530371909e-004 	1.3847861540291373e-001
2.6000000000000001e+000 	1.3876907715091474e-001 	-2.5281007818834524e-004 	1.3851626707272635e-001
2.7999999999999998e+000 	1.3880320316912942e-001 	-2.5315149675689459e-004 	1.3855005167237255e-001
3.0000000000000000e+000 	1.3883405316390099e-001 	-2.5345731980206310e-004 	1.3858059584409896e-001
3.2000000000000002e+000 	1.3886212368297807e-001 	-2.5373291661933268e-004 	1.3860839076635875e-001
3.3999999999999999e+000 	1.3888781042267237e-001 	-2.5398246348898285e-004 	1.3863382795918341e-001
3.6000000000000001e+000 	1.3891143335596196e-001 	-2.5420235206533606e-004 	1.3865723100389651e-001
4.0000000000000000e+000 	1.3945843954760323e-001 	-2.5458568075615326e-004 	1.3920385386684705e-001
4.4000000000000004e+000 	1.3899037803179098e-001 	-2.5492002804683445e-004 	1.3873545800374404e-001
4.7999999999999998e+000 	1.3902248247566076e-001 	-2.5520296330735424e-004 	1.3876727951235349e-001
5.2000000000000002e+000 	1.3905098587267201e-001 	-2.5544207838140720e-004 	1.3879554379429060e-001
5.5999999999999996e+000 	1.3907665421686283e-001 	-2.5564432902352584e-004 	1.3882100988783930e-001
6.0000000000000000e+000 	1.3910012894303478e-001 	-2.5581565043546938e-004 	1.3884431329259928e-001
6.4000000000000004e+000 	1.3912195005230252e-001 	-2.5596101372837241e-004 	1.3886598903857411e-001
6.7999999999999998e+000 	1.3914256461392577e-001 	-2.5608457675839865e-004 	1.3888648003716733e-001
7.2000000000000002e+000 	1.3916232791837554e-001 	-2.5618982915821044e-004 	1.3890613808921734e-001
7.5999999999999996e+000 	1.3918150362324472e-001 	-2.5627971091742702e-004 	1.3892522391232728e-001
8.0000000000000000e+000 	1.3920026660612905e-001 	-2.5635322599850600e-004 	1.3894391338013068e-001
8.8000000000000007e+000 	1.3951242522536156e-001 	-2.5647152159121854e-004 	1.3925595370377036e-001
9.5999999999999996e+000 	1.3927175123626909e-001 	-2.5656784470867082e-004 	1.3901518339156044e-001
1.0400000000000000e+001 	1.3930436861619019e-001 	-2.5664347816476351e-004 	1.3904772513802546e-001
1.1199999999999999e+001 	1.3933361134116759e-001 	-2.5670436823790812e-004 	1.3907690697292965e-001
1.2000000000000000e+001 	1.3935827953749275e-001 	-2.5675537140605376e-004 	1.3910152416608668e-001
1.2800000000000001e+001 	1.3937717955791690e-001 	-2.5680014696277030e-004 	1.3912037941095418e-001
1.3600000000000000e+001 	1.3938922167356560e-001 	-2.5684133764792872e-004 	1.3913238033591771e-001
1.4400000000000000e+001 	1.3939346860463792e-001 	-2.5688079929588395e-004 	1.3913658780534194e-001
1.5199999999999999e+001 	1.3938914866909638e-001 	-2.5691980465557691e-004 	1.3913222886444077e-001
1.6000000000000000e+001 	1.3937564733372429e-001 	-2.5695920499460627e-004 	1.3911868812872963e-001
1.6800000000000001e+001 	1.3935248797732161e-001 	-2.5699955210124840e-004 	1.3909548842522043e-001
1.7600000000000001e+001 	1.3931930914762269e-001 	-2.5704118810236404e-004 	1.3906226795952034e-001
1.8399999999999999e+001 	1.3927584259768819e-001 	-2.5708493429599911e-004 	1.3901875766339225e-001
2.0000000000000000e+001 	1.3930770253775657e-001 	-2.5717736211352990e-004 	1.3905052517564301e-001
2.1600000000000001e+001 	1.3899591727027635e-001 	-2.5727490189018882e-004 	1.3873864236838612e-001
2.3199999999999999e+001 	1.3879172014177987e-001 	-2.5737830833645435e-004 	1.3853434183344343e-001
2.4800000000000001e+001 	1.3854474858380136e-001 	-2.5748729837686020e-004 	1.3828726128542451e-001
2.6399999999999999e+001 	1.3825549109375102e-001 	-2.5760145829086548e-004 	1.3799788963546020e-001
2.8000000000000000e+001 	1.3792474410358560e-001 	-2.5772033251386921e-004 	1.3766702377107176e-001
2.9600000000000001e+001 	1.3755357419332553e-001 	-2.5784345755573804e-004 	1.3729573073576973e-001
3.1199999999999999e+001 	1.3714328437144344e-001 	-2.5797037032874564e-004 	1.3688531400111462e-001
3.2800000000000004e+001 	1.3669538091795444e-001 	-2.5810060629906416e-004 	1.3643728031165533e-001
3.4399999999999999e+001 	1.3621153919857593e-001 	-2.5823369550815342e-004 	1.3595330550306775e-001
3.6000000000000000e+001 	1.3569356856396048e-001 	-2.5836916015210289e-004 	1.3543519940380847e-001
3.7600000000000001e+001 	1.3514337736830953e-001 	-2.5850684870675167e-004 	1.3488487051960277e-001
4.0800000000000004e+001 	1.3401661336661297e-001 	-2.5878506003956315e-004 	1.3375782830657343e-001
4.4000000000000000e+001 	1.3266629565612703e-001 	-2.5906351875558755e-004 	1.3240723213737143e-001
4.7199999999999996e+001 	1.3128644287744018e-001 	-2.5933989284264382e-004 	1.3102710298459758e-001
5.0399999999999999e+001 	1.2983192452155357e-001 	-2.5961118628583927e-004 	1.2957231333526772e-001
5.3600000000000001e+001 	1.2831636417848574e-001 	-2.5987466905342507e-004 	1.2805648950943233e-001
5.6800000000000004e+001 	1.2675217096222766e-001 	-2.6012802701898003e-004 	1.2649204293520872e-001
6.0000000000000000e+001 	1.2515043174206417e-001 	-2.6036941367370677e-004 	1.2489006232839048e-001
6.3200000000000003e+001 	1.2352090723049643e-001 	-2.6059744864768064e-004 	1.2326030978184870e-001
6.6400000000000006e+001 	1.2187209240624396e-001 	-2.6081118627181140e-004 	1.2161128121997215e-001
6.9599999999999994e+001 	1.2021131377944960e-001 	-2.6101006824574195e-004 	1.1995030371120387e-001
7.2799999999999997e+001 	1.1854484424355075e-001 	-2.6118818411677329e-004 	1.1828365605943396e-001
7.9200000000000003e+001 	1.1525185570749330e-001 	-2.6149906276228322e-004 	1.1499035664473101e-001
8.5599999999999994e+001 	1.1192633069260442e-001 	-2.6176531377909029e-004 	1.1166456537882537e-001
9.2000000000000000e+001 	1.0868481584650369e-001 	-2.6198185318528392e-004 	1.0842283399331845e-001
9.8400000000000006e+001 	1.0551263737150361e-001 	-2.6215307737688972e-004 	1.0525048429412670e-001
1.0480000000000001e+002 	1.0242140184310741e-001 	-2.6228428945099513e-004 	1.0215911755365643e-001
1.1119999999999999e+002 	9.9418700739928520e-002 	-2.6238070656561336e-004 	9.9156320033362930e-002
1.1759999999999999e+002 	9.6509090234607076e-002 	-2.6244689212925301e-004 	9.6246643342477844e-002
1.2400000000000000e+002 	9.3694880993625870e-002 	-2.6248643568148235e-004 	9.3432394557944387e-002
1.3039999999999998e+002 	9.0976741668961109e-002 	-2.6250180380159359e-004 	9.0714239865159585e-002
1.3680000000000001e+002 	8.8354149947198937e-002 	-2.6249431137025526e-004 	8.8091655635828672e-002
1.4319999999999999e+002 	8.5825727205990784e-002 	-2.6245423460633600e-004 	8.5563272971384455e-002
1.5600000000000000e+002 	8.1092225655220090e-002 	-2.6229426091919098e-004 	8.0829931394300877e-002
1.6880000000000001e+002 	7.6599555425316240e-002 	-2.6203686469282483e-004 	7.6337518560623430e-002
1.8160000000000002e+002 	7.2483849905265130e-002 	-2.6164678178217278e-004 	7.2222203123482986e-002
1.9439999999999998e+002 	6.8669154033013241e-002 	-2.6110025271637593e-004 	6.8408053780296879e-002
2.0719999999999999e+002 	6.5132219354352178e-002 	-2.6037537936083081e-004 	6.4871843974991350e-002
2.2000000000000000e+002 	6.1850617973351806e-002 	-2.5945383986128657e-004 	6.1591164133490542e-002
2.3280000000000001e+002 	5.8803199214490502e-002 	-2.5832221448811408e-004 	5.8544877000002368e-002
2.4560000000000002e+002 	5.5970309549494758e-002 	-2.5697265884415204e-004 	5.5713336890650604e-002
2.5840000000000003e+002 	5.3333861850904753e-002 	-2.5540296055761425e-004 	5.3078458890347166e-002
2.7119999999999999e+002 	5.0877313896035642e-002 	-2.5361611945143298e-004 	5.0623697776584216e-002
2.8400000000000000e+002 	4.8585595741154106e-002 	-2.5161961983306700e-004 	4.8333976121321044e-002
2.9680000000000001e+002 	4.6445011110516597e-002 	-2.4942455246282965e-004 	4.6195586558053753e-002
3.0959999999999997e+002 	4.4443128215190322e-002 	-2.4698627610808733e-004 	4.4196141939082251e-002
3.3519999999999999e+002 	4.0853070909402343e-002 	-2.4163739489395399e-004 	4.0611433514508383e-002
3.6080000000000001e+002 	3.7587271489549566e-002 	-2.3589102479664912e-004 	3.7351380464752927e-002
3.8640000000000003e+002 	3.4746586483206263e-002 	-2.2975716140054300e-004 	3.4516829321805713e-002
4.1200000000000000e+002 	3.2223786630278840e-002 	-2.2333973993323751e-004 	3.2000446890345605e-002
4.3759999999999997e+002 	2.9973920481111378e-002 	-2.1673928360204070e-004 	2.9757181197509332e-002
4.6319999999999999e+002 	2.7959269213974465e-002 	-2.1004445374690243e-004 	2.7749224760227554e-002
4.8880000000000001e+002 	2.6148196935753053e-002 	-2.0332993619448500e-004 	2.5944866999558568e-002
5.1439999999999998e+002 	2.4514099725045674e-002 	-1.9665666276721388e-004 	2.4317443062278465e-002
5.4000000000000000e+002 	2.3034517377017644e-002 	-1.9007284530173611e-004 	2.2844444531715906e-002
5.6560000000000002e+002 	2.1690404424682008e-002 	-1.8361540872586707e-004 	2.1506789015956138e-002
5.9119999999999993e+002 	2.0465538087081323e-002 	-1.7731165504411748e-004 	2.0288226432037204e-002
6.1680000000000007e+002 	1.9346038448570663e-002 	-1.7125608043202319e-004 	1.9174782368138646e-002
6.6800000000000000e+002 	1.7400875817396279e-002 	-1.5973845280563477e-004 	1.7241137364590639e-002
7.1919999999999993e+002 	1.5683557097532875e-002 	-1.4886039867374981e-004 	1.5534696698859126e-002
7.7039999999999998e+002 	1.4245775867942597e-002 	-1.3873910319930335e-004 	1.4107036764743289e-002
8.2160000000000002e+002 	1.3006486784245883e-002 	-1.2936380309784646e-004 	1.2877122981148034e-002
8.7280000000000007e+002 	1.1929896440181028e-002 	-1.2070084733780506e-004 	1.1809195592843224e-002
9.2400000000000000e+002 	1.0987802691727947e-002 	-1.1270539704585361e-004 	1.0875097294682093e-002
9.7519999999999993e+002 	1.0157889486133290e-002 	-1.0532789515112430e-004 	1.0052561590982162e-002
1.0264000000000001e+003 	9.4223574212590634e-003 	-9.8517772042525591e-005 	9.3238396492165421e-003
1.0775999999999999e+003 	8.7668783517863835e-003 	-9.2225690166562971e-005 	8.6746526616198211e-003
1.1288000000000000e+003 	8.1798105272399176e-003 	-8.6404919780918389e-005 	8.0934056074589995e-003
1.1800000000000000e+003 	7.6516101549755963e-003 	-8.1147475362985141e-005 	7.5704626796126101e-003
1.2824000000000001e+003 	6.7518608918598240e-003 	-7.1736154860565254e-005 	6.6801247369992567e-003
1.3848000000000000e+003 	5.9743727350052116e-003 	-6.3308146676879285e-005 	5.9110645883283337e-003
1.4872000000000000e+003 	5.3391147352927614e-003 	-5.5926000791366585e-005 	5.2831887345013966e-003
1.5895999999999999e+003 	4.8023209213488476e-003 	-4.9449166507711882e-005 	4.7528717548411372e-003
1.6920000000000000e+003 	4.3442513429288064e-003 	-4.3744506640766368e-005 	4.3005068362880379e-003
1.7944000000000001e+003 	3.9499141980462501e-003 	-3.8699231336616736e-005 	3.9112149667096339e-003
1.8968000000000000e+003 	3.6078161955337396e-003 	-3.4221788693433889e-005 	3.5735944068403065e-003
1.9992000000000000e+003 	3.3090268518432184e-003 	-3.0238139294197661e-005 	3.2787887125490201e-003
2.1015999999999999e+003 	3.0465066534690779e-003 	-2.6687550173728563e-005 	3.0198191032953497e-003
2.2040000000000000e+003 	2.8146298675617975e-003 	-2.3519320297207922e-005 	2.7911105472645898e-003
2.3064000000000001e+003 	2.6088440739642374e-003 	-2.0792101779161681e-005 	2.5880519721850756e-003
2.5112000000000003e+003 	2.2647636189793477e-003 	-1.6184264378788640e-005 	2.2485793546005591e-003
2.7160000000000000e+003 	1.9747703583886801e-003 	-1.2318466924051694e-005 	1.9624518914646287e-003
2.9207999999999997e+003 	1.7443359469405250e-003 	-9.2231176823424607e-006 	1.7351128292581825e-003
3.1255999999999999e+003 	1.5546060689538015e-003 	-6.7658198399647427e-006 	1.5478402491138365e-003
3.3304000000000001e+003 	1.3966460683100103e-003 	-4.8244274025774122e-006 	1.3918216409074329e-003
3.5352000000000003e+003 	1.2637556791038986e-003 	-3.2978432137455380e-006 	1.2604578358901535e-003
3.7400000000000000e+003 	1.1508735502665708e-003 	-2.1041083236407865e-006 	1.1487694419429302e-003
3.9447999999999997e+003 	1.0541338683890077e-003 	-1.1765412618378657e-006 	1.0529573271271702e-003
4.1496000000000004e+003 	9.7054859961549973e-004 	-4.6089932114266018e-007 	9.7008770029435680e-004
4.3543999999999996e+003 	8.9778161729106392e-004 	8.6694827773285419e-008 	8.9786831211883709e-004
4.5591999999999998e+003 	8.3398719918556540e-004 	5.0150357097462313e-007 	8.3448870275654001e-004
4.7640000000000000e+003 	7.7769315324563752e-004 	8.1172036530636035e-007 	7.7850487361094374e-004
4.9688000000000002e+003 	7.2771505311272470e-004 	1.0225790503514981e-006 	7.2873763216307679e-004
5.3783999999999996e+003 	6.4395106946160945e-004 	1.2812360562010363e-006 	6.4523230551781074e-004
5.7880000000000000e+003 	5.7262955676054691e-004 	1.4210782579010705e-006 	5.7405063501844798e-004
6.1976000000000004e+003 	5.1531269782639799e-004 	1.4600042510908384e-006 	5.1677270207748879e-004
6.6071999999999998e+003 	4.6734150444275652e-004 	1.4387068765819314e-006 	4.6878021131933851e-004
7.0168000000000002e+003 	4.2661815627019711e-004 	1.3841745770265488e-006 	4.2800233084722361e-004
7.4264000000000005e+003 	3.9161096098093922e-004 	1.3127151760592670e-006 	3.9292367615699860e-004
7.8360000000000000e+003 	3.6119038737260134e-004 	1.2342539217462754e-006 	3.6242464129434757e-004
8.2456000000000004e+003 	3.3451019986145014e-004 	1.1547953092064505e-006 	3.3566499517065661e-004
8.6552000000000007e+003 	3.1092491786460769e-004 	1.0777816581340407e-006 	3.1200269952274162e-004
9.0647999999999993e+003 	2.8993326012976270e-004 	1.0049972671647797e-006 	2.9093825739692742e-004
9.4743999999999996e+003 	2.7113930313606588e-004 	9.4075275607647595e-007 	2.7208005589214232e-004
1.0293600000000000e+004 	2.3945078981250575e-004 	8.2686638117285337e-007 	2.4027765619367853e-004
1.1112799999999999e+004 	2.1188593256378803e-004 	7.2246027399977571e-007 	2.1260839283778783e-004
1.1932000000000000e+004 	1.8960131586292020e-004 	6.3324841890452257e-007 	1.9023456428182475e-004
1.2751200000000001e+004 	1.7082042441621652e-004 	5.5873766017878342e-007 	1.7137916207639537e-004
1.3570400000000000e+004 	1.5481912162008008e-004 	4.9600804976218266e-007 	1.5531512966984222e-004
1.4389600000000000e+004 	1.4105411146491485e-004 	4.4247289629053552e-007 	1.4149658436120535e-004
1.5208799999999999e+004 	1.2911263174671228e-004 	3.9639474558730647e-007 	1.2950902649229960e-004
1.6027999999999998e+004 	1.1867614755764323e-004 	3.5655471956210818e-007 	1.1903270227720532e-004
1.6847200000000001e+004 	1.0949498668116184e-004 	3.2200616452308283e-007 	1.0981699284568486e-004
1.7666399999999998e+004 	1.0137065992643904e-004 	2.9197478165758722e-007 	1.0166263470809664e-004
1.8485600000000002e+004 	9.4143387865104776e-005 	2.6770438760096519e-007 	9.4411092252705761e-005
2.0124000000000000e+004 	8.2102395621864717e-005 	2.2758059837931636e-007 	8.2329976220244037e-005
2.1762399999999998e+004 	7.1708703184934785e-005 	1.9274841479423981e-007 	7.1901451599729036e-005
2.3400799999999999e+004 	6.3453497982479584e-005 	1.6593832283689747e-007 	6.3619436305316476e-005
2.5039200000000001e+004 	5.6592083172110254e-005 	1.4558992982003550e-007 	5.6737673101930315e-005
2.6677600000000002e+004 	5.0822740727683010e-005 	1.2980893773273488e-007 	5.0952549665415745e-005
2.8316000000000000e+004 	4.5920608784449197e-005 	1.1592544020106132e-007 	4.6036534224650253e-005
-1100 0
-1.1000000000000000e+003 0.0000000000000000e+000 0.0000000000000000e+000
1
1 1 1 1
1
         t, ms                         dVp, mV                         dVs, mV                         dV, mV
5.0000000000000000e-001 	1.1037266996812219e-001 	-2.8316903932885620e-004 	1.1008950092879334e-001
5.9999999999999998e-001 	1.1051154623532575e-001 	-2.8277358194489516e-004 	1.1022877265338089e-001
6.9999999999999996e-001 	1.1060283511041183e-001 	-2.8240954816162542e-004 	1.1032042556225015e-001
8.0000000000000004e-001 	1.1067472187519621e-001 	-2.8210164341551937e-004 	1.1039262023178062e-001
9.0000000000000002e-001 	1.1073553579454017e-001 	-2.8183787909912960e-004 	1.1045369791544105e-001
1.0000000000000000e+000 	1.1078847569296482e-001 	-2.8160904830222549e-004 	1.1050686664466254e-001
1.1000000000000001e+000 	1.1083524128383757e-001 	-2.8140829641853834e-004 	1.1055383298741901e-001
1.2000000000000000e+000 	1.1087696580889782e-001 	-2.8123051575725254e-004 	1.1059573529314062e-001
1.3000000000000000e+000 	1.1091449040961028e-001 	-2.8107183928833873e-004 	1.1063341857032195e-001
1.3999999999999999e+000 	1.1094846873927657e-001 	-2.8093385874870672e-004 	1.1066753488052786e-001
1.6000000000000001e+000 	1.1207774191597449e-001 	-2.8069556582633383e-004 	1.1179704635014809e-001
1.8000000000000000e+000 	1.1105877904265893e-001 	-2.8048817070681702e-004 	1.1077829087195210e-001
2.0000000000000000e+000 	1.1110212601824289e-001 	-2.8031196145911528e-004 	1.1082181405678376e-001
2.2000000000000002e+000 	1.1113981666739869e-001 	-2.8016087611051411e-004 	1.1085965579128822e-001
2.3999999999999999e+000 	1.1117298937621534e-001 	-2.8002975306543439e-004 	1.1089295962314993e-001
2.6000000000000001e+000 	1.1120249063099528e-001 	-2.7991449524921163e-004 	1.1092257613574610e-001
2.7999999999999998e+000 	1.1122895942173282e-001 	-2.7981192391353464e-004 	1.1094914749781931e-001
3.0000000000000000e+000 	1.1125288723604453e-001 	-2.7971958227198540e-004 	1.1097316765377253e-001
3.2000000000000002e+000 	1.1127465921231533e-001 	-2.7963556365440812e-004 	1.1099502364866093e-001
3.3999999999999999e+000 	1.1129458226505196e-001 	-2.7955837755990571e-004 	1.1101502388749206e-001
3.6000000000000001e+000 	1.1131290457554753e-001 	-2.7948839383196931e-004 	1.1103341618171554e-001
4.0000000000000000e+000 	1.1173716804408301e-001 	-2.7936118833588893e-004 	1.1145780685574710e-001
4.4000000000000004e+000 	1.1137413514133712e-001 	-2.7924413008885689e-004 	1.1109489101124824e-001
4.7999999999999998e+000 	1.1139903566468438e-001 	-2.7913716801520298e-004 	1.1111989849666917e-001
5.2000000000000002e+000 	1.1142114291460192e-001 	-2.7903824144013894e-004 	1.1114210467316182e-001
5.5999999999999996e+000 	1.1144105059388856e-001 	-2.7894573653645667e-004 	1.1116210485735212e-001
6.0000000000000000e+000 	1.1145925538195615e-001 	-2.7885849481095414e-004 	1.1118039688714521e-001
6.4000000000000004e+000 	1.1147617468719058e-001 	-2.7877572005226308e-004 	1.1119739896713833e-001
6.7999999999999998e+000 	1.1149215305376554e-001 	-2.7869687870330233e-004 	1.1121345617506227e-001
7.2000000000000002e+000 	1.1150746288977283e-001 	-2.7862161892000558e-004 	1.1122884127085286e-001
7.5999999999999996e+000 	1.1152230445439268e-001 	-2.7854971071819497e-004 	1.1124375474367448e-001
8.0000000000000000e+000 	1.1153680799591273e-001 	-2.7848218071783429e-004 	1.1125832581519490e-001
8.8000000000000007e+000 	1.1177871814783384e-001 	-2.7835657259517017e-004 	1.1150036157523868e-001
9.5999999999999996e+000 	1.1159169724073849e-001 	-2.7824052118073813e-004 	1.1131345671955775e-001
1.0400000000000000e+001 	1.1161638152127913e-001 	-2.7813561601702525e-004 	1.1133824590526209e-001
1.1199999999999999e+001 	1.1163810940861905e-001 	-2.7804161728745854e-004 	1.1136006779133162e-001
1.2000000000000000e+001 	1.1165585416212014e-001 	-2.7795808686864452e-004 	1.1137789607525148e-001
1.2800000000000001e+001 	1.1166858932839163e-001 	-2.7788447638611572e-004 	1.1139070485200550e-001
1.3600000000000000e+001 	1.1167536662117489e-001 	-2.7782016792085140e-004 	1.1139754645325398e-001
1.4400000000000000e+001 	1.1167535497904185e-001 	-2.7776450248141369e-004 	1.1139759047656043e-001
1.5199999999999999e+001 	1.1166785166905249e-001 	-2.7771680420920271e-004 	1.1139013486484332e-001
1.6000000000000000e+001 	1.1165227634815333e-001 	-2.7767640096929664e-004 	1.1137459994718409e-001
1.6800000000000001e+001 	1.1162815665836254e-001 	-2.7764264078207457e-004 	1.1135051401758043e-001
1.7600000000000001e+001 	1.1159511113969932e-001 	-2.7761490389465859e-004 	1.1131749623580460e-001
1.8399999999999999e+001 	1.1155283285069986e-001 	-2.7759431840260570e-004 	1.1127523853229725e-001
2.0000000000000000e+001 	1.1155576924605183e-001 	-2.7756702206970234e-004 	1.1127820222398215e-001
2.1600000000000001e+001 	1.1128683229315804e-001 	-2.7755184458126415e-004 	1.1100928044857677e-001
2.3199999999999999e+001 	1.1109425535524900e-001 	-2.7754931089306719e-004 	1.1081670604435595e-001
2.4800000000000001e+001 	1.1086131208152804e-001 	-2.7755743023247811e-004 	1.1058375465129559e-001
2.6399999999999999e+001 	1.1058800344870215e-001 	-2.7757436308920079e-004 	1.1031042908561292e-001
2.8000000000000000e+001 	1.1027469537397011e-001 	-2.7759854716851828e-004 	1.0999709682680156e-001
2.9600000000000001e+001 	1.0992209079300623e-001 	-2.7762868998242144e-004 	1.0964446210302380e-001
3.1199999999999999e+001 	1.0953119800343787e-001 	-2.7766372375028262e-004 	1.0925353427968752e-001
3.2800000000000004e+001 	1.0910329466061862e-001 	-2.7770275663446017e-004 	1.0882559190398416e-001
3.4399999999999999e+001 	1.0863988794102790e-001 	-2.7774503126564223e-004 	1.0836214290976222e-001
3.6000000000000000e+001 	1.0814267242484775e-001 	-2.7778989286044017e-004 	1.0786488253198730e-001
3.7600000000000001e+001 	1.0761348765763444e-001 	-2.7783716030999262e-004 	1.0733565049732444e-001
4.0800000000000004e+001 	1.0651538055543758e-001 	-2.7793504984718735e-004 	1.0623744550559042e-001
4.4000000000000000e+001 	1.0522293939996315e-001 	-2.7803418669655722e-004 	1.0494490521326660e-001
4.7199999999999996e+001 	1.0388841774442666e-001 	-2.7813308028353873e-004 	1.0361028466414313e-001
5.0399999999999999e+001 	1.0248128716039871e-001 	-2.7822969013115698e-004 	1.0220305747026752e-001
5.3600000000000001e+001 	1.0101579913965131e-001 	-2.7832230322558961e-004 	1.0073747683642571e-001
5.6800000000000004e+001 	9.9505001150505590e-002 	-2.7840959215004663e-004 	9.9226591558355573e-002
6.0000000000000000e+001 	9.7960578831308473e-002 	-2.7849060162673113e-004 	9.7682088229681691e-002
6.3200000000000003e+001 	9.6392819325363643e-002 	-2.7856470811922989e-004 	9.6114254617244405e-002
6.6400000000000006e+001 	9.4810653303755391e-002 	-2.7863157071045930e-004 	9.4532021733044966e-002
6.9599999999999994e+001 	9.3221744750661445e-002 	-2.7869108140441627e-004 	9.2943053669257022e-002
7.2799999999999997e+001 	9.1632606104810679e-002 	-2.7874073851330171e-004 	9.1353865366297402e-002
7.9200000000000003e+001 	8.8505429570245403e-002 	-2.7881939919390870e-004 	8.8226610171051517e-002
8.5599999999999994e+001 	8.5379469734402622e-002 	-2.7887887322328907e-004 	8.5100590861179326e-002
9.2000000000000000e+001 	8.2353343138295107e-002 	-2.7891803526160713e-004 	8.2074425103033491e-002
9.8400000000000006e+001 	7.9416763921893799e-002 	-2.7894007130145203e-004 	7.9137823850592329e-002
1.0480000000000001e+002 	7.6579583434207135e-002 	-2.7894834413881402e-004 	7.6300635090068333e-002
1.1119999999999999e+002 	7.3847401115505265e-002 	-2.7894583012682287e-004 	7.3568455285378476e-002
1.1759999999999999e+002 	7.1222689186106081e-002 	-2.7893476916333382e-004 	7.0943754416942756e-002
1.2400000000000000e+002 	6.8705688517759031e-002 	-2.7891644424752796e-004 	6.8426772073511472e-002
1.3039999999999998e+002 	6.6295083214960471e-002 	-2.7889106089814939e-004 	6.6016192154062348e-002
1.3680000000000001e+002 	6.3988494862795078e-002 	-2.7885770945922816e-004 	6.3709637153335844e-002
1.4319999999999999e+002 	6.1782839806482158e-002 	-2.7880756466992936e-004 	6.1504032241812223e-002
1.5600000000000000e+002 	5.7700330591785504e-002 	-2.7865300880437576e-004 	5.7421677582981126e-002
1.6880000000000001e+002 	5.3883634154818789e-002 	-2.7841513010891465e-004 	5.3605219024709841e-002
1.8160000000000002e+002 	5.0439581027143861e-002 	-2.7805006082389687e-004 	5.0161530966319964e-002
1.9439999999999998e+002 	4.7293026844973080e-002 	-2.7751982696483743e-004 	4.7015507018008225e-002
2.0719999999999999e+002 	4.4415771394685437e-002 	-2.7678934576804326e-004 	4.4138982048917377e-002
2.2000000000000000e+002 	4.1781646065935901e-002 	-2.7582920727367609e-004 	4.1505816858662226e-002
2.3280000000000001e+002 	3.9366750158909232e-002 	-2.7461748146821832e-004 	3.9092132677441029e-002
2.4560000000000002e+002 	3.7149470724845826e-002 	-2.7314049829644957e-004 	3.6876330226549389e-002
2.5840000000000003e+002 	3.5110384121202230e-002 	-2.7139275605720937e-004 	3.4838991365145053e-002
2.7119999999999999e+002 	3.3232098856613795e-002 	-2.6937619250819530e-004 	3.2962722664105590e-002
2.8400000000000000e+002 	3.1499074966713829e-002 	-2.6709906668570250e-004 	3.1231975900028131e-002
2.9680000000000001e+002 	2.9897439965791917e-002 	-2.6457467065978422e-004 	2.9632865295132139e-002
3.0959999999999997e+002 	2.8414812165685841e-002 	-2.6174736689564435e-004 	2.8153064798790199e-002
3.3519999999999999e+002 	2.5794564911092548e-002 	-2.5550528976744582e-004 	2.5539059621325109e-002
3.6080000000000001e+002 	2.3446904653752817e-002 	-2.4877045361936233e-004 	2.3198134200133461e-002
3.8640000000000003e+002 	2.1443115768439026e-002 	-2.4155723387661110e-004 	2.1201558534562428e-002
4.1200000000000000e+002 	1.9691838784616715e-002 	-2.3399721838915228e-004 	1.9457841566227558e-002
4.3759999999999997e+002 	1.8153012806261457e-002 	-2.2621787562491624e-004 	1.7926794930636543e-002
4.6319999999999999e+002 	1.6793801730456928e-002 	-2.1833163043248664e-004 	1.6575470100024449e-002
4.8880000000000001e+002 	1.5587283771228816e-002 	-2.1043280926493925e-004 	1.5376850961963879e-002
5.1439999999999998e+002 	1.4511304611553862e-002 	-2.0259781374483909e-004 	1.4308706797809026e-002
5.4000000000000000e+002 	1.3547539398757412e-002 	-1.9488660125407356e-004 	1.3352652797503342e-002
5.6560000000000002e+002 	1.2680744974623390e-002 	-1.8734472417575261e-004 	1.2493400250447642e-002
5.9119999999999993e+002 	1.1898168790940909e-002 	-1.8000556641420998e-004 	1.1718163224526701e-002
6.1680000000000007e+002 	1.1189081993685193e-002 	-1.7298937914487058e-004 	1.1016092614540323e-002
6.6800000000000000e+002 	9.9713515860090172e-003 	-1.5972295433489551e-004 	9.8116286316741203e-003
7.1919999999999993e+002 	8.9086488633245073e-003 	-1.4727521282725123e-004 	8.7613736504972544e-003
7.7039999999999998e+002 	8.0318505317003713e-003 	-1.3579137572459558e-004 	7.8960591559757744e-003
8.2160000000000002e+002 	7.2848332855576870e-003 	-1.2525201058161584e-004 	7.1595812749760722e-003
8.7280000000000007e+002 	6.6425447908974996e-003 	-1.1560893847061206e-004 	6.5269358524268888e-003
9.2400000000000000e+002 	6.0856213017164498e-003 	-1.0680017611470723e-004 	5.9788211256017465e-003
9.7519999999999993e+002 	5.5990107751087408e-003 	-9.8758460670534168e-005 	5.5002523144382087e-003
1.0264000000000001e+003 	5.1708995041057871e-003 	-9.1416214611801509e-005 	5.0794832894939853e-003
1.0775999999999999e+003 	4.7919136830783431e-003 	-8.4708404026478847e-005 	4.7072052790518640e-003
1.1288000000000000e+003 	4.4545340384427902e-003 	-7.8574107835906664e-005 	4.3759599306068819e-003
1.1800000000000000e+003 	4.1526664350999016e-003 	-7.3119277890890626e-005 	4.0795471572090116e-003
1.2824000000000001e+003 	3.6420669124709181e-003 	-6.3529047395212464e-005 	3.5785378650757056e-003
1.3848000000000000e+003 	3.2042519222335482e-003 	-5.5098146027124996e-005 	3.1491537762064242e-003
1.4872000000000000e+003 	2.8496875401358931e-003 	-4.7885525082592695e-005 	2.8018020150532997e-003
1.5895999999999999e+003 	2.5522188171153430e-003 	-4.1709667948168140e-005 	2.5105091491671745e-003
1.6920000000000000e+003 	2.2999698043404890e-003 	-3.6401575586234266e-005 	2.2635682287542543e-003
1.7944000000000001e+003 	2.0840212706844490e-003 	-3.1818509110432976e-005 	2.0522027615740165e-003
1.8968000000000000e+003 	1.8976054314446596e-003 	-2.7844273889045622e-005 	1.8697611575556143e-003
1.9992000000000000e+003 	1.7355120917941311e-003 	-2.4384988505551894e-005 	1.7111271032885797e-003
2.1015999999999999e+003 	1.5936679977776871e-003 	-2.1364373795123266e-005 	1.5723036239825637e-003
2.2040000000000000e+003 	1.4688417362915989e-003 	-1.8719872867605718e-005 	1.4501218634239933e-003
2.3064000000000001e+003 	1.3584355259741773e-003 	-1.6492796139396996e-005 	1.3419427298347803e-003
2.5112000000000003e+003 	1.1745959449069769e-003 	-1.2811623062835478e-005 	1.1617843218441415e-003
2.7160000000000000e+003 	1.0204332485426702e-003 	-9.7773956035199063e-006 	1.0106558529391501e-003
2.9207999999999997e+003 	8.9859139318146256e-004 	-7.3977976584302109e-006 	8.9119359552303212e-004
3.1255999999999999e+003 	7.9872275036204504e-004 	-5.5429764290305551e-006 	7.9317977393301433e-004
3.3304000000000001e+003 	7.1590659899113381e-004 	-4.0997553237464562e-006 	7.1180684366738730e-004
3.5352000000000003e+003 	6.4647800019179225e-004 	-2.9780482829910626e-006 	6.4349995190880142e-004
3.7400000000000000e+003 	5.8768596091462186e-004 	-2.1076727618782342e-006 	5.8557828815274321e-004
3.9447999999999997e+003 	5.3744122293919764e-004 	-1.4338578997617075e-006 	5.3600736503943609e-004
4.1496000000000004e+003 	4.9413702980329727e-004 	-9.1373320778723560e-007 	4.9322329659550986e-004
4.3543999999999996e+003 	4.5652273577676097e-004 	-5.1373427336440329e-007 	4.5600900150339632e-004
4.5591999999999998e+003 	4.2361410190967140e-004 	-2.0759901120033864e-007 	4.2340650289847100e-004
4.7640000000000000e+003 	3.9462881569795021e-004 	2.5216542294798650e-008 	3.9465403224024507e-004
4.9688000000000002e+003 	3.6893945735716889e-004 	1.8842406906164256e-007 	3.6912788142623063e-004
5.3783999999999996e+003 	3.2597710881175949e-004 	4.0133642488868306e-007 	3.2637844523664822e-004
5.7880000000000000e+003 	2.8947731952916951e-004 	5.3256793251294899e-007 	2.9000988746168236e-004
6.1976000000000004e+003 	2.6022336994346190e-004 	5.9336255562241719e-007 	2.6081673249908426e-004
6.6071999999999998e+003 	2.3578927601893693e-004 	6.1070550722747292e-007 	2.3639998152616439e-004
7.0168000000000002e+003 	2.1508245349695365e-004 	6.0278685540877126e-007 	2.1568524035236244e-004
7.4264000000000005e+003 	1.9730781815070566e-004 	5.8082903025468414e-007 	1.9788864718096042e-004
7.8360000000000000e+003 	1.8188085205739067e-004 	5.5174239560798860e-007 	1.8243259445299866e-004
8.2456000000000004e+003 	1.6836485030768137e-004 	5.1975464229449470e-007 	1.6888460494997597e-004
8.6552000000000007e+003 	1.5642751599571116e-004 	4.8735820861584653e-007 	1.5691487420432698e-004
9.0647999999999993e+003 	1.4581132907085957e-004 	4.5593455149792088e-007 	1.4626726362235751e-004
9.4743999999999996e+003 	1.3631326483894219e-004 	4.2778311856515602e-007 	1.3674104795750733e-004
1.0293600000000000e+004 	1.2031379264157122e-004 	3.7717988238018850e-007 	1.2069097252395144e-004
1.1112799999999999e+004 	1.0640579000843529e-004 	3.3013303046140371e-007 	1.0673592303889665e-004
1.1932000000000000e+004 	9.5174673822841390e-005 	2.8961473906334869e-007 	9.5464288561904697e-005
1.2751200000000001e+004 	8.5716695981325188e-005 	2.5567841764855523e-007 	8.5972374398973734e-005
1.3570400000000000e+004 	7.7663749362251780e-005 	2.2705401859728441e-007 	7.7890803380849098e-005
1.4389600000000000e+004 	7.0740077901137611e-005 	2.0257676458283820e-007 	7.0942654665720424e-005
1.5208799999999999e+004 	6.4736465426726237e-005 	1.8147325468787010e-007 	6.4917938681414094e-005
1.6027999999999998e+004 	5.9491647308692992e-005 	1.6320598880495478e-007 	5.9654853297497949e-005
1.6847200000000001e+004 	5.4879349512354823e-005 	1.4735577611864088e-007 	5.5026705288473475e-005
1.7666399999999998e+004 	5.0799270835613477e-005 	1.3357658149249102e-007 	5.0932847417105976e-005
1.8485600000000002e+004 	4.7170731080243717e-005 	1.2248343192510000e-007 	4.7293214512168814e-005
2.0124000000000000e+004 	4.1127779517572007e-005 	1.0414447506504721e-007 	4.1231923992637047e-005
2.1762399999999998e+004 	3.5912919054212058e-005 	8.8155676034619482e-008 	3.6001074730246666e-005
2.3400799999999999e+004 	3.1772972738470583e-005 	7.5906013344154687e-008 	3.1848878751814720e-005
2.5039200000000001e+004 	2.8333098853264422e-005 	6.6673503247745890e-008 	2.8399772356512168e-005
2.6677600000000002e+004 	2.5441489336234597e-005 	5.9553188360792947e-008 	2.5501042524595389e-005
2.8316000000000000e+004 	2.2985076773185019e-005 	5.3305566612792201e-008 	2.3038382339797811e-005
-500 0
-5.0000000000000000e+002 0.0000000000000000e+000 0.0000000000000000e+000
1
1 1 1 1
1
         t, ms                         dVp, mV                         dVs, mV                         dV, mV
5.0000000000000000e-001 	2.9778777829691738e-002 	3.4223263899588110e-005 	2.9813001093591321e-002
5.9999999999999998e-001 	2.9822024013029778e-002 	3.2547459585500365e-005 	2.9854571472615266e-002
6.9999999999999996e-001 	2.9850451038495436e-002 	3.1008473090413902e-005 	2.9881459511585860e-002
8.0000000000000004e-001 	2.9872836331744510e-002 	2.9713558346809026e-005 	2.9902549890091321e-002
9.0000000000000002e-001 	2.9891773685135854e-002 	2.8609802182794383e-005 	2.9920383487318646e-002
1.0000000000000000e+000 	2.9908259183700957e-002 	2.7656345958343083e-005 	2.9935915529659317e-002
1.1000000000000001e+000 	2.9922822084768270e-002 	2.6822693248404562e-005 	2.9949644778016669e-002
1.2000000000000000e+000 	2.9935815254022516e-002 	2.6086143722248035e-005 	2.9961901397744763e-002
1.3000000000000000e+000 	2.9947500604871849e-002 	2.5429592938820838e-005 	2.9972930197810672e-002
1.3999999999999999e+000 	2.9958081673300170e-002 	2.4858679712320227e-005 	2.9982940353012480e-002
1.6000000000000001e+000 	3.0309774361554867e-002 	2.3871358669042118e-005 	3.0333645720223890e-002
1.8000000000000000e+000 	2.9992433282943431e-002 	2.3009812847044715e-005 	3.0015443095790486e-002
2.0000000000000000e+000 	3.0005932052172248e-002 	2.2275022009454104e-005 	3.0028207074181711e-002
2.2000000000000002e+000 	3.0017669441414020e-002 	2.1642422399840654e-005 	3.0039311863813863e-002
2.3999999999999999e+000 	3.0027999937134148e-002 	2.1091548097281891e-005 	3.0049091485231424e-002
2.6000000000000001e+000 	3.0037187131392775e-002 	2.0606496690337702e-005 	3.0057793628083116e-002
2.7999999999999998e+000 	3.0045430003925296e-002 	2.0175170494374291e-005 	3.0065605174419658e-002
3.0000000000000000e+000 	3.0052881603928137e-002 	1.9788368960076708e-005 	3.0072669972888204e-002
3.2000000000000002e+000 	3.0059661863167539e-002 	1.9439027668348950e-005 	3.0079100890835899e-002
3.3999999999999999e+000 	3.0065866354861782e-002 	1.9121644691669975e-005 	3.0084987999553461e-002
3.6000000000000001e+000 	3.0071572362513298e-002 	1.8840094548959261e-005 	3.0090412457062250e-002
4.0000000000000000e+000 	3.0203702218801039e-002 	1.8344288347611883e-005 	3.0222046507148631e-002
4.4000000000000004e+000 	3.0090641191524665e-002 	1.7905987018465530e-005 	3.0108547178543121e-002
4.7999999999999998e+000 	3.0098396018476716e-002 	1.7527512927032509e-005 	3.0115923531403743e-002
5.2000000000000002e+000 	3.0105281246537208e-002 	1.7199485842024837e-005 	3.0122480732379220e-002
5.5999999999999996e+000 	3.0111482264849183e-002 	1.6913574152106042e-005 	3.0128395839001291e-002
6.0000000000000000e+000 	3.0117154741529158e-002 	1.6662878076376655e-005 	3.0133817619605537e-002
6.4000000000000004e+000 	3.0122430372059035e-002 	1.6441785444743426e-005 	3.0138872157503778e-002
6.7999999999999998e+000 	3.0127419098018905e-002 	1.6245729102880461e-005 	3.0143664827121781e-002
7.2000000000000002e+000 	3.0132209531318462e-002 	1.6070967874715755e-005 	3.0148280499193176e-002
7.5999999999999996e+000 	3.0136869098712910e-002 	1.5914413529428447e-005 	3.0152783512242341e-002
8.0000000000000000e+000 	3.0141444793756897e-002 	1.5778022110775396e-005 	3.0157222815867676e-002
8.8000000000000007e+000 	3.0217026328945695e-002 	1.5542331441160956e-005 	3.0232568660386868e-002
9.5999999999999996e+000 	3.0159201039702939e-002 	1.5337237292780801e-005 	3.0174538276995722e-002
1.0400000000000000e+001 	3.0167619312110545e-002 	1.5163012227850177e-005 	3.0182782324338398e-002
1.1199999999999999e+001 	3.0175517733753494e-002 	1.5013625544509394e-005 	3.0190531359297997e-002
1.2000000000000000e+001 	3.0182687982826761e-002 	1.4883919284897760e-005 	3.0197571902111663e-002
1.2800000000000001e+001 	3.0188925811835920e-002 	1.4769797468162182e-005 	3.0203695609304082e-002
1.3600000000000000e+001 	3.0194052699093418e-002 	1.4668088982198999e-005 	3.0208720788075617e-002
1.4400000000000000e+001 	3.0197926391334163e-002 	1.4576350925556327e-005 	3.0212502742259714e-002
1.5199999999999999e+001 	3.0200443506732722e-002 	1.4492693042454325e-005 	3.0214936199775163e-002
1.6000000000000000e+001 	3.0201537309399853e-002 	1.4415639860293565e-005 	3.0215952949260150e-002
1.6800000000000001e+001 	3.0201173056675870e-002 	1.4344027457454178e-005 	3.0215517084133323e-002
1.7600000000000001e+001 	3.0199342509409536e-002 	1.4276927434281096e-005 	3.0213619436843819e-002
1.8399999999999999e+001 	3.0196058535614797e-002 	1.4214617520648450e-005 	3.0210273153135441e-002
2.0000000000000000e+001 	3.0222014075310440e-002 	1.4098467317513123e-005 	3.0236112542627942e-002
2.1600000000000001e+001 	3.0169308809626958e-002 	1.3988930030806293e-005 	3.0183297739657777e-002
2.3199999999999999e+001 	3.0148447587031731e-002 	1.3885769312909746e-005 	3.0162333356344613e-002
2.4800000000000001e+001 	3.0123215919042129e-002 	1.3787353097595473e-005 	3.0137003272139723e-002
2.6399999999999999e+001 	3.0094099246982541e-002 	1.3692322458666516e-005 	3.0107791569441204e-002
2.8000000000000000e+001 	3.0061567695723875e-002 	1.3599625402823182e-005 	3.0075167321126698e-002
2.9600000000000001e+001 	3.0026060454900534e-002 	1.3508476471423186e-005 	3.0039568931371947e-002
3.1199999999999999e+001 	2.9987976687655786e-002 	1.3418305246735893e-005 	3.0001394992902514e-002
3.2800000000000004e+001 	2.9947671036101402e-002 	1.3328711324424446e-005 	2.9960999747425828e-002
3.4399999999999999e+001 	2.9905452271084702e-002 	1.3239428391122966e-005 	2.9918691699475822e-002
3.6000000000000000e+001 	2.9861584058567349e-002 	1.3150296005237556e-005 	2.9874734354572580e-002
3.7600000000000001e+001 	2.9816287129566514e-002 	1.3061285771165406e-005 	2.9829348415337683e-002
4.0800000000000004e+001 	2.9737261903636649e-002 	1.2883687035765317e-005 	2.9750145590672392e-002
4.4000000000000000e+001 	2.9624133857242021e-002 	1.2707016173975176e-005 	2.9636840873415993e-002
4.7199999999999996e+001 	2.9522502478377313e-002 	1.2532117403811731e-005 	2.9535034595781127e-002
5.0399999999999999e+001 	2.9417635088029151e-002 	1.2359961210377251e-005 	2.9429995049239530e-002
5.3600000000000001e+001 	2.9309601936798886e-002 	1.2191572744472931e-005 	2.9321793509543375e-002
5.6800000000000004e+001 	2.9198328807010825e-002 	1.2027941023252900e-005 	2.9210356748034089e-002
6.0000000000000000e+001 	2.9083659470264346e-002 	1.1869955521317142e-005 	2.9095529425785669e-002
6.3200000000000003e+001 	2.8965405399701123e-002 	1.1718368870709892e-005 	2.8977123768571832e-002
6.6400000000000006e+001 	2.8843381911860113e-002 	1.1573780413602374e-005 	2.8854955692273726e-002
6.9599999999999994e+001 	2.8717432210349832e-002 	1.1436634683964019e-005 	2.8728868845033808e-002
7.2799999999999997e+001 	2.8587441592650916e-002 	1.1310305026035698e-005 	2.8598751897676949e-002
7.9200000000000003e+001 	2.8321733218812289e-002 	1.1082108958154966e-005 	2.8332815327770447e-002
8.5599999999999994e+001 	2.8026781192921638e-002 	1.0879084359898809e-005 	2.8037660277281537e-002
9.2000000000000000e+001 	2.7723011709828722e-002 	1.0705121397886948e-005 	2.7733716831226607e-002
9.8400000000000006e+001 	2.7405020525746410e-002 	1.0558988343590996e-005 	2.7415579514089995e-002
1.0480000000000001e+002 	2.7074282422931924e-002 	1.0438735618851288e-005 	2.7084721158550786e-002
1.1119999999999999e+002 	2.6732453923225534e-002 	1.0342126751897264e-005 	2.6742796049977428e-002
1.1759999999999999e+002 	2.6381261389161904e-002 	1.0266859380955249e-005 	2.6391528248542847e-002
1.2400000000000000e+002 	2.6022415839952212e-002 	1.0210668207106065e-005 	2.6032626508159313e-002
1.3039999999999998e+002 	2.5657554144732527e-002 	1.0171355836940191e-005 	2.5667725500569474e-002
1.3680000000000001e+002 	2.5288202494704905e-002 	1.0146784643280358e-005 	2.5298349279348171e-002
1.4319999999999999e+002 	2.4915756970371742e-002 	1.0138061145667748e-005 	2.4925895031517421e-002
1.5600000000000000e+002 	2.4176260918036777e-002 	1.0146924433172592e-005 	2.4186407842469938e-002
1.6880000000000001e+002 	2.3420709003782719e-002 	1.0171569820843896e-005 	2.3430880573603555e-002
1.8160000000000002e+002 	2.2680645928142770e-002 	1.0204566685384117e-005 	2.2690850494828149e-002
1.9439999999999998e+002 	2.1952540075369936e-002 	1.0232805742797681e-005 	2.1962772881112737e-002
2.0719999999999999e+002 	2.1240122271335399e-002 	1.0244083134368292e-005 	2.1250366354469769e-002
2.2000000000000000e+002 	2.0546102383849962e-002 	1.0228096723285798e-005 	2.0556330480573246e-002
2.3280000000000001e+002 	1.9872362959575448e-002 	1.0176892770422021e-005 	1.9882539852345872e-002
2.4560000000000002e+002 	1.9220133208029202e-002 	1.0084966975947041e-005 	1.9230218175005153e-002
2.5840000000000003e+002 	1.8590133691764977e-002 	9.9491314300502020e-006 	1.8600082823195016e-002
2.7119999999999999e+002 	1.7982692543262211e-002 	9.7682341522572695e-006 	1.7992460777414468e-002
2.8400000000000000e+002 	1.7397837345586118e-002 	9.5428038634139590e-006 	1.7407380149449522e-002
2.9680000000000001e+002 	1.6835367320349050e-002 	9.2746763937409977e-006 	1.6844641996742783e-002
3.0959999999999997e+002 	1.6294909967921704e-002 	8.9541356978423969e-006 	1.6303864103619548e-002
3.3519999999999999e+002 	1.5289048219676435e-002 	8.2119241047303477e-006 	1.5297260143781159e-002
3.6080000000000001e+002 	1.4339818448370215e-002 	7.3860674842593756e-006 	1.4347204515854474e-002
3.8640000000000003e+002 	1.3477743376114940e-002 	6.4805067933293556e-006 	1.3484223882908262e-002
4.1200000000000000e+002 	1.2685174941549865e-002 	5.5196798800623540e-006 	1.2690694621429929e-002
4.3759999999999997e+002 	1.1956411021462797e-002 	4.5274409756346167e-006 	1.1960938462438429e-002
4.6319999999999999e+002 	1.1285935782368807e-002 	3.5248428346276873e-006 	1.1289460625203435e-002
4.8880000000000001e+002 	1.0668539918719995e-002 	2.5292660541835994e-006 	1.0671069184774177e-002
5.1439999999999998e+002 	1.0099383972097625e-002 	1.5543624673314770e-006 	1.0100938334564958e-002
5.4000000000000000e+002 	9.5740232144754210e-003 	6.1045996497608684e-007 	9.5746336744403967e-003
5.6560000000000002e+002 	9.0884077867333761e-003 	-2.9488540993544163e-007 	9.0881129013234419e-003
5.9119999999999993e+002 	8.6388677757564328e-003 	-1.1563730782467672e-006 	8.6377114026781887e-003
6.1680000000000007e+002 	8.2220898219661307e-003 	-1.9512175245397553e-006 	8.2201386044415924e-003
6.6800000000000000e+002 	7.4842020319798195e-003 	-3.3876771441382056e-006 	7.4808143548356814e-003
7.1919999999999993e+002 	6.8208753111806374e-003 	-4.6654419374248008e-006 	6.8162098692432123e-003
7.7039999999999998e+002 	6.2531424054235226e-003 	-5.7600412047668857e-006 	6.2473823642187525e-003
8.2160000000000002e+002 	5.7554184499249532e-003 	-6.6796015994554352e-006 	5.7487388483254973e-003
8.7280000000000007e+002 	5.3166590631744262e-003 	-7.4374053078330612e-006 	5.3092216578665922e-003
9.2400000000000000e+002 	4.9278028125332232e-003 	-8.0490136123154937e-006 	4.9197537989209093e-003
9.7519999999999993e+002 	4.5814206008609583e-003 	-8.5304244582629183e-006 	4.5728901764026933e-003
1.0264000000000001e+003 	4.2714031019194000e-003 	-8.8969389211744595e-006 	4.2625061629982270e-003
1.0775999999999999e+003 	3.9927021308990823e-003 	-9.1626183285978483e-006 	3.9835395125704838e-003
1.1288000000000000e+003 	3.7411229990983643e-003 	-9.3401274775622996e-006 	3.7317828716208019e-003
1.1800000000000000e+003 	3.5131597630971723e-003 	-9.4180675633201224e-006 	3.5037416955338518e-003
1.2824000000000001e+003 	3.1213848944669437e-003 	-9.3901441754659028e-006 	3.1119947502914777e-003
1.3848000000000000e+003 	2.7795876078738329e-003 	-9.2141686089831108e-006 	2.7703734392648502e-003
1.4872000000000000e+003 	2.4972921589069522e-003 	-8.8949550369478150e-006 	2.4883972038700036e-003
1.5895999999999999e+003 	2.2567044024233767e-003 	-8.4688666641373580e-006 	2.2482355357592407e-003
1.6920000000000000e+003 	2.0498742533722049e-003 	-7.9675088622900619e-006 	2.0419067445099147e-003
1.7944000000000001e+003 	1.8706679495889332e-003 	-7.4172299591671813e-006 	1.8632507196297658e-003
1.8968000000000000e+003 	1.7143160069985808e-003 	-6.8397266178178520e-006 	1.7074762803807632e-003
1.9992000000000000e+003 	1.5770660013006605e-003 	-6.2524547631923766e-006 	1.5708135465374680e-003
2.1015999999999999e+003 	1.4559277607694866e-003 	-5.6690285491415963e-006 	1.4502587322203454e-003
2.2040000000000000e+003 	1.3484888593663560e-003 	-5.0997340910680571e-006 	1.3433891252752888e-003
2.3064000000000001e+003 	1.2527807303554124e-003 	-4.5624426157366271e-006 	1.2482182877396762e-003
2.5112000000000003e+003 	1.0920234345367199e-003 	-3.5764502383428604e-006 	1.0884469842983768e-003
2.7160000000000000e+003 	9.5579131588553160e-004 	-2.6973899218635861e-006 	9.5309392596366817e-004
2.9207999999999997e+003 	8.4690817924898279e-004 	-1.9457198765612012e-006 	8.4496245937242139e-004
3.1255999999999999e+003 	7.5682724561212749e-004 	-1.3161769555016558e-006 	7.5551106865662612e-004
3.3304000000000001e+003 	6.8151481445810212e-004 	-7.9756085467008425e-007 	6.8071725360343215e-004
3.5352000000000003e+003 	6.1792181644973942e-004 	-3.7716408718865454e-007 	6.1754465236255073e-004
3.7400000000000000e+003 	5.6372826375635833e-004 	-4.1954787338344640e-008 	5.6368630896901984e-004
3.9447999999999997e+003 	5.1715075937015754e-004 	2.2090065902493142e-007 	5.1737166002918233e-004
4.1496000000000004e+003 	4.7680308748012637e-004 	4.2345392659254931e-007 	4.7722654140671886e-004
4.3543999999999996e+003 	4.4159614652996806e-004 	5.7652022722368298e-007 	4.4217266675719162e-004
4.5591999999999998e+003 	4.1066576019278470e-004 	6.8947322840956171e-007 	4.1135523342119407e-004
4.7640000000000000e+003 	3.8332001972495630e-004 	7.7024162184342485e-007 	3.8409026134679963e-004
4.9688000000000002e+003 	3.5900037182953526e-004 	8.2039477478783128e-007 	3.5982076660432316e-004
5.3783999999999996e+003 	3.1815103608113387e-004 	8.6975504922306307e-007 	3.1902079113035680e-004
5.7880000000000000e+003 	2.8329225006782353e-004 	8.8101391806632691e-007 	2.8417326398588982e-004
6.1976000000000004e+003 	2.5520301721065864e-004 	8.6092595522160056e-007 	2.5606394316588036e-004
6.6071999999999998e+003 	2.3164608298945861e-004 	8.2348745510648671e-007 	2.3246957044456505e-004
7.0168000000000002e+003 	2.1161428655814849e-004 	7.7770094259715337e-007 	2.1239198750074560e-004
7.4264000000000005e+003 	1.9436973041609063e-004 	7.2878517423741880e-007 	1.9509851559032808e-004
7.8360000000000000e+003 	1.7936652966172030e-004 	6.7983966991224522e-007 	1.8004636933163250e-004
8.2456000000000004e+003 	1.6619455371512959e-004 	6.3269446386127774e-007 	1.6682724817899082e-004
8.6552000000000007e+003 	1.5454019674262352e-004 	5.8833291072624848e-007 	1.5512852965334975e-004
9.0647999999999993e+003 	1.4415939352093916e-004 	5.4717905618792524e-007 	1.4470657257712716e-004
9.4743999999999996e+003 	1.3485902139783314e-004 	5.1125057842476061e-007 	1.3537027197625787e-004
1.0293600000000000e+004 	1.1916310062998938e-004 	4.4822899891549460e-007 	1.1961132962890485e-004
1.1112799999999999e+004 	1.0550067929956643e-004 	3.9108140014111418e-007 	1.0589176069970754e-004
1.1932000000000000e+004 	9.4443240622250400e-005 	3.4255484953290011e-007 	9.4785795471783328e-005
1.2751200000000001e+004 	8.5117331666054570e-005 	3.0211560142270511e-007 	8.5419447267477276e-005
1.3570400000000000e+004 	7.7166655536650407e-005 	2.6812171890056827e-007 	7.7434777255550955e-005
1.4389600000000000e+004 	7.0323490314938997e-005 	2.3915663041580110e-007 	7.0562646945354797e-005
1.5208799999999999e+004 	6.4384164345247005e-005 	2.1426024138993558e-007 	6.4598424586636920e-005
1.6027999999999998e+004 	5.9191318830693641e-005 	1.9275415785805797e-007 	5.9384072988551705e-005
1.6847200000000001e+004 	5.4621491842700151e-005 	1.7411315588761805e-007 	5.4795604998587760e-005
1.7666399999999998e+004 	5.0576448541652468e-005 	1.5791066657357246e-007 	5.0734359208226056e-005
1.8485600000000002e+004 	4.6977054640970270e-005 	1.4477526759976898e-007 	4.7121829908570033e-005
2.0124000000000000e+004 	4.0978017035875531e-005 	1.2305943275423405e-007 	4.1101076468629766e-005
2.1762399999999998e+004 	3.5798385260860335e-005 	1.0427294366891138e-007 	3.5902658204529234e-005
2.3400799999999999e+004 	3.1682578259016916e-005 	8.9758466911876971e-008 	3.1772336725928783e-005
2.5039200000000001e+004 	2.8260630266537281e-005 	7.8679967360487600e-008 	2.8339310233897763e-005
2.6677600000000002e+004 	2.5382589199971658e-005 	7.0049779913618235e-008 	2.5452638979885276e-005
2.8316000000000000e+004 	2.2936632357119435e-005 	6.2441334652868885e-008 	2.2999073691772304e-005
