-1800 0
-1.8000000000000027e+003 0.0000000000000000e+000 0.0000000000000000e+000
1
1 1 1 1
1
         t, ms                         dVp, mV                         dVs, mV                         dV, mV
5.0000000000000000e-001 	1.3769920912653474e-001 	-2.6725825693858053e-004 	1.3743195086959625e-001
5.9999999999999998e-001 	1.3787825850265220e-001 	-2.6880920327278370e-004 	1.3760944929937943e-001
6.9999999999999996e-001 	1.3799595432713166e-001 	-2.7023270779070785e-004 	1.3772572161934091e-001
8.0000000000000004e-001 	1.3808863565248694e-001 	-2.7142893813961909e-004 	1.3781720671434738e-001
9.0000000000000002e-001 	1.3816704122713716e-001 	-2.7244734048439913e-004 	1.3789459388665279e-001
1.0000000000000000e+000 	1.3823529517360350e-001 	-2.7332614006906443e-004 	1.3796196903353450e-001
1.1000000000000001e+000 	1.3829558884805926e-001 	-2.7409388197859096e-004 	1.3802149496608071e-001
1.2000000000000000e+000 	1.3834938327918639e-001 	-2.7477180792706335e-004 	1.3807461147125941e-001
1.3000000000000000e+000 	1.3839776290739839e-001 	-2.7537590558245967e-004 	1.3812238700181587e-001
1.3999999999999999e+000 	1.3844157045677138e-001 	-2.7590119879139686e-004 	1.3816566925798004e-001
1.6000000000000001e+000 	1.3989755019818761e-001 	-2.7680991362922960e-004 	1.3962074028455829e-001
1.8000000000000000e+000 	1.3858379153178615e-001 	-2.7760335569638794e-004 	1.3830618817608981e-001
2.0000000000000000e+000 	1.3863967815284464e-001 	-2.7828067196502773e-004 	1.3836139748087953e-001
2.2000000000000002e+000 	1.3868827223114130e-001 	-2.7886435081045570e-004 	1.3840940788033076e-001
2.3999999999999999e+000 	1.3873104144821854e-001 	-2.7937302635647096e-004 	1.3845166842186216e-001
2.6000000000000001e+000 	1.3876907715091585e-001 	-2.7982109768488620e-004 	1.3848925605323095e-001
2.7999999999999998e+000 	1.3880320316913064e-001 	-2.8021946147935620e-004 	1.3852298370765120e-001
3.0000000000000000e+000 	1.3883405316390215e-001 	-2.8057636846755214e-004 	1.3855347679543462e-001
3.2000000000000002e+000 	1.3886212368297926e-001 	-2.8089813489144498e-004 	1.3858122554808777e-001
3.3999999999999999e+000 	1.3888781042267354e-001 	-2.8118967474113096e-004 	1.3860662074793242e-001
3.6000000000000001e+000 	1.3891143335596309e-001 	-2.8144690027774870e-004 	1.3862998645568533e-001
4.0000000000000000e+000 	1.3945843954760434e-001 	-2.8189620346453018e-004 	1.3917654334413987e-001
4.4000000000000004e+000 	1.3899037803179201e-001 	-2.8228913502077296e-004 	1.3870808889677133e-001
4.7999999999999998e+000 	1.3902248247566198e-001 	-2.8262299162150166e-004 	1.3873985948404050e-001
5.2000000000000002e+000 	1.3905098587267309e-001 	-2.8290659248666903e-004 	1.3876807928018645e-001
5.5999999999999996e+000 	1.3907665421686394e-001 	-2.8314797031121899e-004 	1.3879350624655279e-001
6.0000000000000000e+000 	1.3910012894303594e-001 	-2.8335394116501996e-004 	1.3881677500187092e-001
6.4000000000000004e+000 	1.3912195005230360e-001 	-2.8353018361054901e-004 	1.3883841986869311e-001
6.7999999999999998e+000 	1.3914256461392693e-001 	-2.8368142420365466e-004 	1.3885888318972323e-001
7.2000000000000002e+000 	1.3916232791837665e-001 	-2.8381161328476647e-004 	1.3887851630509179e-001
7.5999999999999996e+000 	1.3918150362324588e-001 	-2.8392406761138965e-004 	1.3889757955563450e-001
8.0000000000000000e+000 	1.3920026660613027e-001 	-2.8401749139950601e-004 	1.3891624911473080e-001
8.8000000000000007e+000 	1.3951242522536278e-001 	-2.8417061024547848e-004 	1.3922825461511729e-001
9.5999999999999996e+000 	1.3927175123627020e-001 	-2.8429752119295010e-004 	1.3898745371507726e-001
1.0400000000000000e+001 	1.3930436861619133e-001 	-2.8439937171942430e-004 	1.3901996924447188e-001
1.1199999999999999e+001 	1.3933361134116873e-001 	-2.8448283641492752e-004 	1.3904912850475379e-001
1.2000000000000000e+001 	1.3935827953749397e-001 	-2.8455340945256430e-004 	1.3907372612804139e-001
1.2800000000000001e+001 	1.3937717955791815e-001 	-2.8461526830452714e-004 	1.3909256428961353e-001
1.3600000000000000e+001 	1.3938922167356668e-001 	-2.8467146755073648e-004 	1.3910455020601606e-001
1.4400000000000000e+001 	1.3939346860463900e-001 	-2.8472418998757817e-004 	1.3910874441465138e-001
1.5199999999999999e+001 	1.3938914866909749e-001 	-2.8477497002358745e-004 	1.3910437369907397e-001
1.6000000000000000e+001 	1.3937564733372548e-001 	-2.8482487081517039e-004 	1.3909082246291027e-001
1.6800000000000001e+001 	1.3935248797732278e-001 	-2.8487461801978732e-004 	1.3906761335930296e-001
1.7600000000000001e+001 	1.3931930914762389e-001 	-2.8492469837218613e-004 	1.3903438444925170e-001
1.8399999999999999e+001 	1.3927584259768941e-001 	-2.8497580766865892e-004 	1.3899086679002065e-001
2.0000000000000000e+001 	1.3930770253775773e-001 	-2.8508094103758217e-004 	1.3902262159672019e-001
2.1600000000000001e+001 	1.3899591727027752e-001 	-2.8518949937105502e-004 	1.3871072777090643e-001
2.3199999999999999e+001 	1.3879172014178104e-001 	-2.8530222571630299e-004 	1.3850641791606472e-001
2.4800000000000001e+001 	1.3854474858380253e-001 	-2.8541918777136153e-004 	1.3825932939603111e-001
2.6399999999999999e+001 	1.3825549109375215e-001 	-2.8554029037988131e-004 	1.3796995080337232e-001
2.8000000000000000e+001 	1.3792474410358679e-001 	-2.8566534610330443e-004 	1.3763907875748338e-001
2.9600000000000001e+001 	1.3755357419332664e-001 	-2.8579410940053287e-004 	1.3726778008392618e-001
3.1199999999999999e+001 	1.3714328437144449e-001 	-2.8592629022647121e-004 	1.3685735808121804e-001
3.2800000000000004e+001 	1.3669538091795549e-001 	-2.8606155824829947e-004 	1.3640931935970727e-001
3.4399999999999999e+001 	1.3621153919857715e-001 	-2.8619954459905905e-004 	1.3592533965397802e-001
3.6000000000000000e+001 	1.3569356856396175e-001 	-2.8633984465482870e-004 	1.3540722871930677e-001
3.7600000000000001e+001 	1.3514337736831064e-001 	-2.8648236856121883e-004 	1.3485689499974940e-001
4.0800000000000004e+001 	1.3401661336661416e-001 	-2.8677032514519229e-004 	1.3372984304146895e-001
4.4000000000000000e+001 	1.3266629565612822e-001 	-2.8705861150483714e-004 	1.3237923704462334e-001
4.7199999999999996e+001 	1.3128644287744132e-001 	-2.8734484547820522e-004 	1.3099909803196316e-001
5.0399999999999999e+001 	1.2983192452155473e-001 	-2.8762591717158576e-004 	1.2954429860438313e-001
5.3600000000000001e+001 	1.2831636417848688e-001 	-2.8789895335608340e-004 	1.2802846522513081e-001
5.6800000000000004e+001 	1.2675217096222882e-001 	-2.8816149171398409e-004 	1.2646400947051478e-001
6.0000000000000000e+001 	1.2515043174206533e-001 	-2.8841155024198314e-004 	1.2486202019182337e-001
6.3200000000000003e+001 	1.2352090723049761e-001 	-2.8864763633857862e-004 	1.2323225959415898e-001
6.6400000000000006e+001 	1.2187209240624508e-001 	-2.8886872003310867e-004 	1.2158322368621198e-001
6.9599999999999994e+001 	1.2021131377945064e-001 	-2.8907418711306479e-004 	1.1992223959233765e-001
7.2799999999999997e+001 	1.1854484424355188e-001 	-2.8925779505739775e-004 	1.1825558644849440e-001
7.9200000000000003e+001 	1.1525185570749436e-001 	-2.8957725240317395e-004 	1.1496227845509120e-001
8.5599999999999994e+001 	1.1192633069260548e-001 	-2.8984972663892845e-004 	1.1163648096596653e-001
9.2000000000000000e+001 	1.0868481584650470e-001 	-2.9006989969719836e-004 	1.0839474594680742e-001
9.8400000000000006e+001 	1.0551263737150450e-001 	-2.9024244933872429e-004 	1.0522239492216579e-001
1.0480000000000001e+002 	1.0242140184310831e-001 	-2.9037300958877630e-004 	1.0213102883351957e-001
1.1119999999999999e+002 	9.9418700739929367e-002 	-2.9046711894498779e-004 	9.9128233620984385e-002
1.1759999999999999e+002 	9.6509090234607811e-002 	-2.9052962136136832e-004 	9.6218560613246434e-002
1.2400000000000000e+002 	9.3694880993626661e-002 	-2.9056433179611027e-004 	9.3404316661830536e-002
1.3039999999999998e+002 	9.0976741668961872e-002 	-2.9057388376330209e-004 	9.0686167785198557e-002
1.3680000000000001e+002 	8.8354149947199603e-002 	-2.9055970423209676e-004 	8.8063590242967504e-002
1.4319999999999999e+002 	8.5825727205991423e-002 	-2.9051182800190827e-004 	8.5535215377989512e-002
1.5600000000000000e+002 	8.1092225655220659e-002 	-2.9033378682182085e-004 	8.0801891868398854e-002
1.6880000000000001e+002 	7.6599555425316768e-002 	-2.9005563688297344e-004 	7.6309499788433821e-002
1.8160000000000002e+002 	7.2483849905265574e-002 	-2.8964143771149762e-004 	7.2194208467554130e-002
1.9439999999999998e+002 	6.8669154033013657e-002 	-2.8906720724116005e-004 	6.8380086825772513e-002
2.0719999999999999e+002 	6.5132219354352539e-002 	-2.8831091933085776e-004 	6.4843908435021677e-002
2.2000000000000000e+002 	6.1850617973352139e-002 	-2.8735422790036647e-004 	6.1563263745451798e-002
2.3280000000000001e+002 	5.8803199214490794e-002 	-2.8618379150271674e-004 	5.8517015422988074e-002
2.4560000000000002e+002 	5.5970309549495036e-002 	-2.8479193247116138e-004 	5.5685517617023866e-002
2.5840000000000003e+002 	5.3333861850905030e-002 	-2.8317667211287783e-004 	5.3050685178792162e-002
2.7119999999999999e+002 	5.0877313896035892e-002 	-2.8134128768652570e-004 	5.0595972608349374e-002
2.8400000000000000e+002 	4.8585595741154307e-002 	-2.7929356376261955e-004 	4.8306302177391722e-002
2.9680000000000001e+002 	4.6445011110516791e-002 	-2.7704489747283937e-004 	4.6167966213043955e-002
3.0959999999999997e+002 	4.4443128215190524e-002 	-2.7455036348931648e-004 	4.4168577851701217e-002
3.3519999999999999e+002 	4.0853070909402517e-002 	-2.6908417616462651e-004 	4.0583986733237883e-002
3.6080000000000001e+002 	3.7587271489549726e-002 	-2.6321681114176604e-004 	3.7324054678407957e-002
3.8640000000000003e+002 	3.4746586483206388e-002 	-2.5695854911096818e-004 	3.4489627934095428e-002
4.1200000000000000e+002 	3.2223786630278972e-002 	-2.5041441469115947e-004 	3.1973372215587804e-002
4.3759999999999997e+002 	2.9973920481111482e-002 	-2.4368580061512690e-004 	2.9730234680496355e-002
4.6319999999999999e+002 	2.7959269213974562e-002 	-2.3686193702058652e-004 	2.7722407276953975e-002
4.8880000000000001e+002 	2.6148196935753140e-002 	-2.3001776465023227e-004 	2.5918179171102899e-002
5.1439999999999998e+002 	2.4514099725045750e-002 	-2.2321417467242145e-004 	2.4290885550373332e-002
5.4000000000000000e+002 	2.3034517377017720e-002 	-2.1649907854753695e-004 	2.2818018298470178e-002
5.6560000000000002e+002 	2.1690404424682085e-002 	-2.0990888743517347e-004 	2.1480495537246902e-002
5.9119999999999993e+002 	2.0465538087081386e-002 	-2.0347022799845982e-004 	2.0262067859082918e-002
6.1680000000000007e+002 	1.9346038448570722e-002 	-1.9727498550032869e-004 	1.9148763463070394e-002
6.6800000000000000e+002 	1.7400875817396331e-002 	-1.8546374716034252e-004 	1.7215412070235987e-002
7.1919999999999993e+002 	1.5683557097532923e-002 	-1.7427279104032618e-004 	1.5509284306492592e-002
7.7039999999999998e+002 	1.4245775867942640e-002 	-1.6381224887669347e-004 	1.4081963619065947e-002
8.2160000000000002e+002 	1.3006486784245923e-002 	-1.5406750454482646e-004 	1.2852419279701096e-002
8.7280000000000007e+002 	1.1929896440181059e-002 	-1.4500262101475368e-004 	1.1784893819166309e-002
9.2400000000000000e+002 	1.0987802691727984e-002 	-1.3657203994087868e-004 	1.0851230651787102e-002
9.7519999999999993e+002 	1.0157889486133316e-002 	-1.2872691512123244e-004 	1.0029162571012083e-002
1.0264000000000001e+003 	9.4223574212590911e-003 	-1.2141858715936243e-004 	9.3009388340997302e-003
1.0775999999999999e+003 	8.7668783517864113e-003 	-1.1460055157684756e-004 	8.6522778002095617e-003
1.1288000000000000e+003 	8.1798105272399384e-003 	-1.0822955385199699e-004 	8.0715809733879432e-003
1.1800000000000000e+003 	7.6516101549756179e-003 	-1.0239680210099768e-004 	7.5492133528746175e-003
1.2824000000000001e+003 	6.7518608918598370e-003 	-9.1796004239434108e-005 	6.6600648876204063e-003
1.3848000000000000e+003 	5.9743727350052272e-003 	-8.2159018463582697e-005 	5.8922137165416475e-003
1.4872000000000000e+003 	5.3391147352927753e-003 	-7.3561848787604596e-005 	5.2655528865051685e-003
1.5895999999999999e+003 	4.8023209213488606e-003 	-6.5884231727030422e-005 	4.7364366896218302e-003
1.6920000000000000e+003 	4.3442513429288168e-003 	-5.9010233953367007e-005 	4.2852411089754497e-003
1.7944000000000001e+003 	3.9499141980462605e-003 	-5.2840353052474350e-005 	3.8970738449937850e-003
1.8968000000000000e+003 	3.6078161955337500e-003 	-4.7292499292922125e-005 	3.5605236962408262e-003
1.9992000000000000e+003 	3.3090268518432249e-003 	-4.2298740993930712e-005 	3.2667281108492946e-003
2.1015999999999999e+003 	3.0465066534690831e-003 	-3.7801690765094565e-005 	3.0087049627039891e-003
2.2040000000000000e+003 	2.8146298675618036e-003 	-3.3751819631441334e-005 	2.7808780479303629e-003
2.3064000000000001e+003 	2.6088440739642418e-003 	-3.0230486137779653e-005 	2.5786135878264633e-003
2.5112000000000003e+003 	2.2647636189793516e-003 	-2.4220017829473824e-005 	2.2405436011498784e-003
2.7160000000000000e+003 	1.9747703583886831e-003 	-1.9128191095472549e-005 	1.9556421672932102e-003
2.9207999999999997e+003 	1.7443359469405271e-003 	-1.4999305293457830e-005 	1.7293366416470690e-003
3.1255999999999999e+003 	1.5546060689538030e-003 	-1.1679167758650908e-005 	1.5429269011951517e-003
3.3304000000000001e+003 	1.3966460683100118e-003 	-9.0215508627217373e-006 	1.3876245174472902e-003
3.5352000000000003e+003 	1.2637556791039002e-003 	-6.9022647538910934e-006 	1.2568534143500090e-003
3.7400000000000000e+003 	1.1508735502665716e-003 	-5.2185837613815140e-006 	1.1456549665051898e-003
3.9447999999999997e+003 	1.0541338683890088e-003 	-3.8858179867312045e-006 	1.0502480504022776e-003
4.1496000000000004e+003 	9.7054859961550027e-004 	-2.8344665016310477e-006 	9.6771413311386959e-004
4.3543999999999996e+003 	8.9778161729106446e-004 	-2.0079281101259767e-006 	8.9577368918093855e-004
4.5591999999999998e+003 	8.3398719918556605e-004 	-1.3604493599877503e-006 	8.3262674982557798e-004
4.7640000000000000e+003 	7.7769315324563795e-004 	-8.5525652421663380e-007 	7.7683789672142135e-004
4.9688000000000002e+003 	7.2771505311272524e-004 	-4.8809256390075141e-007 	7.2722696054882438e-004
5.3783999999999996e+003 	6.4395106946160978e-004 	1.7044191442381977e-008 	6.4396811365305233e-004
5.7880000000000000e+003 	5.7262955676054680e-004 	3.5376557697332764e-007 	5.7298332233752028e-004
6.1976000000000004e+003 	5.1531269782639799e-004 	5.4268410491152979e-007 	5.1585538193130945e-004
6.6071999999999998e+003 	4.6734150444275658e-004 	6.3720792246476333e-007 	4.6797871236522120e-004
7.0168000000000002e+003 	4.2661815627019728e-004 	6.7407138701452598e-007 	4.2729222765721173e-004
7.4264000000000005e+003 	3.9161096098093906e-004 	6.7648425764171562e-007 	3.9228744523858093e-004
7.8360000000000000e+003 	3.6119038737260128e-004 	6.5911074622070204e-007 	3.6184949811882193e-004
8.2456000000000004e+003 	3.3451019986145019e-004 	6.3119088044008840e-007 	3.3514139074189035e-004
8.6552000000000007e+003 	3.1092491786460769e-004 	5.9839452386560456e-007 	3.1152331238847324e-004
9.0647999999999993e+003 	2.8993326012976265e-004 	5.6406549914452778e-007 	2.9049732562890721e-004
9.4743999999999996e+003 	2.7113930313606588e-004 	5.3238475320593302e-007 	2.7167168788927182e-004
1.0293600000000000e+004 	2.3945078981250567e-004 	4.7327970314012063e-007 	2.3992406951564585e-004
1.1112799999999999e+004 	2.1188593256378800e-004 	4.1543007363561358e-007 	2.1230136263742364e-004
1.1932000000000000e+004 	1.8960131586292020e-004 	3.6461474227435522e-007 	1.8996593060519460e-004
1.2751200000000001e+004 	1.7082042441621655e-004 	3.2203832453690062e-007 	1.7114246274075343e-004
1.3570400000000000e+004 	1.5481912162008005e-004 	2.8612612241131687e-007 	1.5510524774249137e-004
1.4389600000000000e+004 	1.4105411146491482e-004 	2.5531748885267411e-007 	1.4130942895376752e-004
1.5208799999999999e+004 	1.2911263174671231e-004 	2.2866479346659875e-007 	1.2934129654017888e-004
1.6027999999999998e+004 	1.1867614755764321e-004 	2.0556145854138676e-007 	1.1888170901618459e-004
1.6847200000000001e+004 	1.0949498668116179e-004 	1.8553700758683173e-007 	1.0968052368874861e-004
1.7666399999999998e+004 	1.0137065992643907e-004 	1.6818989062260386e-007 	1.0153884981706164e-004
1.8485600000000002e+004 	9.4143387865104803e-005 	1.5462312496340497e-007 	9.4298010990068187e-005
2.0124000000000000e+004 	8.2102395621864676e-005 	1.3232099899229354e-007 	8.2234716620857015e-005
2.1762399999999998e+004 	7.1708703184934785e-005 	1.1242495031268987e-007 	7.1821128135247491e-005
2.3400799999999999e+004 	6.3453497982479584e-005 	9.7697113911544344e-008 	6.3551195096391138e-005
2.5039200000000001e+004 	5.6592083172110268e-005 	8.7154172204141402e-008 	5.6679237344314399e-005
2.6677600000000002e+004 	5.0822740727683003e-005 	7.9372754802824948e-008 	5.0902113482485834e-005
2.8316000000000000e+004 	4.5920608784449190e-005 	7.2691407889971356e-008 	4.5993300192339165e-005
-2100 0
-2.1000000000000027e+003 0.0000000000000000e+000 0.0000000000000000e+000
1
1 1 1 1
1
         t, ms                         dVp, mV                         dVs, mV                         dV, mV
5.0000000000000000e-001 	1.1037266996812499e-001 	-2.9343344819352223e-004 	1.1007923651993144e-001
5.9999999999999998e-001 	1.1051154623532855e-001 	-2.9311404904072420e-004 	1.1021843218628784e-001
6.9999999999999996e-001 	1.1060283511041452e-001 	-2.9281988649641858e-004 	1.1031001522391815e-001
8.0000000000000004e-001 	1.1067472187519897e-001 	-2.9257081583592331e-004 	1.1038215105936304e-001
9.0000000000000002e-001 	1.1073553579454294e-001 	-2.9235723861898577e-004 	1.1044317855592398e-001
1.0000000000000000e+000 	1.1078847569296754e-001 	-2.9217178985035068e-004 	1.1049630390311721e-001
1.1000000000000001e+000 	1.1083524128384038e-001 	-2.9200898792680244e-004 	1.1054323229591353e-001
1.2000000000000000e+000 	1.1087696580890061e-001 	-2.9186474671355825e-004 	1.1058510106218707e-001
1.3000000000000000e+000 	1.1091449040961307e-001 	-2.9173596927238810e-004 	1.1062275444034068e-001
1.3999999999999999e+000 	1.1094846873927940e-001 	-2.9162398120832935e-004 	1.1065684475807104e-001
1.6000000000000001e+000 	1.1207774191597733e-001 	-2.9143061244591188e-004 	1.1178631130353142e-001
1.8000000000000000e+000 	1.1105877904266170e-001 	-2.9126238506255886e-004 	1.1076751665759915e-001
2.0000000000000000e+000 	1.1110212601824571e-001 	-2.9111954127702808e-004 	1.1081100647696869e-001
2.2000000000000002e+000 	1.1113981666740155e-001 	-2.9099714559930863e-004 	1.1084881952180224e-001
2.3999999999999999e+000 	1.1117298937621813e-001 	-2.9089097948830001e-004 	1.1088209839672983e-001
2.6000000000000001e+000 	1.1120249063099813e-001 	-2.9079768208968945e-004 	1.1091169294890840e-001
2.7999999999999998e+000 	1.1122895942173566e-001 	-2.9071463713925658e-004 	1.1093824478459641e-001
3.0000000000000000e+000 	1.1125288723604733e-001 	-2.9063981709465163e-004 	1.1096224741895266e-001
3.2000000000000002e+000 	1.1127465921231815e-001 	-2.9057164556240973e-004 	1.1098408756675571e-001
3.3999999999999999e+000 	1.1129458226505477e-001 	-2.9050888938838014e-004 	1.1100407337566638e-001
3.6000000000000001e+000 	1.1131290457555031e-001 	-2.9045176595003441e-004 	1.1102245280960030e-001
4.0000000000000000e+000 	1.1173716804408584e-001 	-2.9034736544438205e-004 	1.1144682067864138e-001
4.4000000000000004e+000 	1.1137413514133991e-001 	-2.9025065268425114e-004 	1.1108388448865567e-001
4.7999999999999998e+000 	1.1139903566468722e-001 	-2.9016149674421628e-004 	1.1110887416794295e-001
5.2000000000000002e+000 	1.1142114291460471e-001 	-2.9007825534300183e-004 	1.1113106465926174e-001
5.5999999999999996e+000 	1.1144105059389137e-001 	-2.8999967717083887e-004 	1.1115105091672052e-001
6.0000000000000000e+000 	1.1145925538195900e-001 	-2.8992489645146211e-004 	1.1116933048550752e-001
6.4000000000000004e+000 	1.1147617468719337e-001 	-2.8985334892167445e-004 	1.1118632133827172e-001
6.7999999999999998e+000 	1.1149215305376839e-001 	-2.8978468502161128e-004 	1.1120236836874679e-001
7.2000000000000002e+000 	1.1150746288977563e-001 	-2.8971870015771610e-004 	1.1121774418961794e-001
7.5999999999999996e+000 	1.1152230445439550e-001 	-2.8965528352805091e-004 	1.1123264917086745e-001
8.0000000000000000e+000 	1.1153680799591555e-001 	-2.8959535116931040e-004 	1.1124721264474623e-001
8.8000000000000007e+000 	1.1177871814783666e-001 	-2.8948323928064558e-004 	1.1148923490855603e-001
9.5999999999999996e+000 	1.1159169724074128e-001 	-2.8937921461167797e-004 	1.1130231802612962e-001
1.0400000000000000e+001 	1.1161638152128198e-001 	-2.8928479557050721e-004 	1.1132709672571141e-001
1.1199999999999999e+001 	1.1163810940862187e-001 	-2.8919996766800412e-004 	1.1134890944095391e-001
1.2000000000000000e+001 	1.1165585416212291e-001 	-2.8912449267011773e-004 	1.1136672966945281e-001
1.2800000000000001e+001 	1.1166858932839444e-001 	-2.8905798603103656e-004 	1.1137953134236339e-001
1.3600000000000000e+001 	1.1167536662117769e-001 	-2.8899996105593228e-004 	1.1138636666012176e-001
1.4400000000000000e+001 	1.1167535497904468e-001 	-2.8894986387497838e-004 	1.1138640511516969e-001
1.5199999999999999e+001 	1.1166785166905539e-001 	-2.8890710381384281e-004 	1.1137894456524150e-001
1.6000000000000000e+001 	1.1165227634815615e-001 	-2.8887107900656844e-004 	1.1136340526914962e-001
1.6800000000000001e+001 	1.1162815665836535e-001 	-2.8884119669089423e-004 	1.1133931546167447e-001
1.7600000000000001e+001 	1.1159511113970208e-001 	-2.8881688816037213e-004 	1.1130629425154170e-001
1.8399999999999999e+001 	1.1155283285070265e-001 	-2.8879920022709913e-004 	1.1126403365047557e-001
2.0000000000000000e+001 	1.1155576924605466e-001 	-2.8877667406554251e-004 	1.1126699257198909e-001
2.1600000000000001e+001 	1.1128683229316089e-001 	-2.8876538262369501e-004 	1.1099806691053712e-001
2.3199999999999999e+001 	1.1109425535525178e-001 	-2.8876583123620960e-004 	1.1080548952401559e-001
2.4800000000000001e+001 	1.1086131208153083e-001 	-2.8877620357185699e-004 	1.1057253587795894e-001
2.6399999999999999e+001 	1.1058800344870494e-001 	-2.8879482735243910e-004 	1.1029920862135244e-001
2.8000000000000000e+001 	1.1027469537397287e-001 	-2.8882028633183521e-004 	1.0998587508764103e-001
2.9600000000000001e+001 	1.0992209079300892e-001 	-2.8885140915827119e-004 	1.0963323938385069e-001
3.1199999999999999e+001 	1.0953119800344062e-001 	-2.8888722451534028e-004 	1.0924231077892523e-001
3.2800000000000004e+001 	1.0910329466062131e-001 	-2.8892691431631413e-004 	1.0881436774630501e-001
3.4399999999999999e+001 	1.0863988794103056e-001 	-2.8896977499003068e-004 	1.0835091816604053e-001
3.6000000000000000e+001 	1.0814267242485046e-001 	-2.8901518868915664e-004 	1.0785365723616130e-001
3.7600000000000001e+001 	1.0761348765763715e-001 	-2.8906299884608026e-004 	1.0732442465879108e-001
4.0800000000000004e+001 	1.0651538055544023e-001 	-2.8916197679159565e-004 	1.0622621857864857e-001
4.4000000000000000e+001 	1.0522293939996573e-001 	-2.8926219234556746e-004 	1.0493367720762015e-001
4.7199999999999996e+001 	1.0388841774442915e-001 	-2.8936211327388033e-004 	1.0359905563115532e-001
5.0399999999999999e+001 	1.0248128716040117e-001 	-2.8945964053802219e-004 	1.0219182751986317e-001
5.3600000000000001e+001 	1.0101579913965372e-001 	-2.8955299949135784e-004 	1.0072624614016235e-001
5.6800000000000004e+001 	9.9505001150507949e-002 	-2.8964080791955610e-004 	9.9215360342588432e-002
6.0000000000000000e+001 	9.7960578831310777e-002 	-2.8972206765531328e-004 	9.7670856763655473e-002
6.3200000000000003e+001 	9.6392819325365905e-002 	-2.8979612532226292e-004 	9.6103023200043672e-002
6.6400000000000006e+001 	9.4810653303757611e-002 	-2.8986262186499537e-004 	9.4520790681892591e-002
6.9599999999999994e+001 	9.3221744750663610e-002 	-2.8992144030988562e-004 	9.2931823310353684e-002
7.2799999999999997e+001 	9.1632606104812761e-002 	-2.8996995015591765e-004 	9.1342636154656889e-002
7.9200000000000003e+001 	8.8505429570247415e-002 	-2.9004530534642409e-004 	8.8215384264901026e-002
8.5599999999999994e+001 	8.5379469734404495e-002 	-2.9010042703787040e-004 	8.5089369307366602e-002
9.2000000000000000e+001 	8.2353343138296925e-002 	-2.9013398730560281e-004 	8.2063209150991301e-002
9.8400000000000006e+001 	7.9416763921895506e-002 	-2.9014914560010908e-004 	7.9126614776295387e-002
1.0480000000000001e+002 	7.6579583434208759e-002 	-2.9014923920500277e-004 	7.6289434195003766e-002
1.1119999999999999e+002 	7.3847401115506819e-002 	-2.9013721336529119e-004 	7.3557263902141484e-002
1.1759999999999999e+002 	7.1222689186107552e-002 	-2.9011527268956442e-004 	7.0932573913417993e-002
1.2400000000000000e+002 	6.8705688517760405e-002 	-2.9008466422958038e-004 	6.8415603853530807e-002
1.3039999999999998e+002 	6.6295083214961817e-002 	-2.9004556018387341e-004 	6.6005037654777915e-002
1.3680000000000001e+002 	6.3988494862796327e-002 	-2.8999702247294517e-004 	6.3698497840323359e-002
1.4319999999999999e+002 	6.1782839806483351e-002 	-2.8992961592946685e-004 	6.1492910190553883e-002
1.5600000000000000e+002 	5.7700330591786572e-002 	-2.8973584758066825e-004 	5.7410594744205914e-002
1.6880000000000001e+002 	5.3883634154819754e-002 	-2.8945384322187520e-004 	5.3594180311597885e-002
1.8160000000000002e+002 	5.0439581027144770e-002 	-2.8903882259598702e-004 	5.0150542204548766e-002
1.9439999999999998e+002 	4.7293026844973926e-002 	-2.8845283252001074e-004 	4.7004574012453899e-002
2.0719999999999999e+002 	4.4415771394686165e-002 	-2.8766094886046093e-004 	4.4128110445825708e-002
2.2000000000000000e+002 	4.1781646065936616e-002 	-2.8663401472377083e-004 	4.1495012051212830e-002
2.3280000000000001e+002 	3.9366750158909891e-002 	-2.8535043061810272e-004 	3.9081399728291791e-002
2.4560000000000002e+002 	3.7149470724846437e-002 	-2.8379692432047227e-004 	3.6865673800525960e-002
2.5840000000000003e+002 	3.5110384121202799e-002 	-2.8196844940014710e-004 	3.4828415671802657e-002
2.7119999999999999e+002 	3.3232098856614309e-002 	-2.7986744496495664e-004 	3.2952231411649352e-002
2.8400000000000000e+002 	3.1499074966714308e-002 	-2.7750270479322552e-004 	3.1221572261921089e-002
2.9680000000000001e+002 	2.9897439965792371e-002 	-2.7488807591394634e-004 	2.9622551889878421e-002
3.0959999999999997e+002 	2.8414812165686275e-002 	-2.7196813085883265e-004 	2.8142844034827429e-002
3.3519999999999999e+002 	2.5794564911092933e-002 	-2.6553774643172274e-004 	2.5529027164661197e-002
3.6080000000000001e+002 	2.3446904653753157e-002 	-2.5861430926645039e-004 	2.3188290344486703e-002
3.8640000000000003e+002 	2.1443115768439339e-002 	-2.5121450306577630e-004 	2.1191901265373556e-002
4.1200000000000000e+002 	1.9691838784616989e-002 	-2.4347277800306372e-004 	1.9448366006613926e-002
4.3759999999999997e+002 	1.8153012806261713e-002 	-2.3551904858351303e-004 	1.7917493757678205e-002
4.6319999999999999e+002 	1.6793801730457161e-002 	-2.2746764625753758e-004 	1.6566334084199622e-002
4.8880000000000001e+002 	1.5587283771229027e-002 	-2.1941424527921612e-004 	1.5367869525949812e-002
5.1439999999999998e+002 	1.4511304611554057e-002 	-2.1143606770534015e-004 	1.4299868543848711e-002
5.4000000000000000e+002 	1.3547539398757594e-002 	-2.0359342107371584e-004 	1.3343945977683879e-002
5.6560000000000002e+002 	1.2680744974623558e-002 	-1.9593180683074690e-004 	1.2484813167792812e-002
5.9119999999999993e+002 	1.1898168790941072e-002 	-1.8848422996271347e-004 	1.1709684560978352e-002
6.1680000000000007e+002 	1.1189081993685344e-002 	-1.8137371310665543e-004 	1.1007708280578687e-002
6.6800000000000000e+002 	9.9713515860091455e-003 	-1.6794610643636575e-004 	9.8034054795727837e-003
7.1919999999999993e+002 	8.9086488633246200e-003 	-1.5536012776673039e-004 	8.7532887355578938e-003
7.7039999999999998e+002 	8.0318505317004719e-003 	-1.4375999004671348e-004 	7.8880905416537569e-003
8.2160000000000002e+002 	7.2848332855577781e-003 	-1.3311964459574802e-004 	7.1517136409620322e-003
8.7280000000000007e+002 	6.6425447908975829e-003 	-1.2338450368113202e-004 	6.5191602872164507e-003
9.2400000000000000e+002 	6.0856213017165270e-003 	-1.1448703243222169e-004 	5.9711342692843053e-003
9.7519999999999993e+002 	5.5990107751088102e-003 	-1.0635551353202472e-004 	5.4926552615767853e-003
1.0264000000000001e+003 	5.1708995041058504e-003 	-9.8919039805267270e-005 	5.0719804643005835e-003
1.0775999999999999e+003 	4.7919136830784021e-003 	-9.2110286660530258e-005 	4.6998033964178731e-003
1.1288000000000000e+003 	4.4545340384428422e-003 	-8.5866939559300242e-005 	4.3686670988835434e-003
1.1800000000000000e+003 	4.1526664350999510e-003 	-8.0291063518387077e-005 	4.0723753715815646e-003
1.2824000000000001e+003 	3.6420669124709619e-003 	-7.0433141034496793e-005 	3.5716337714364640e-003
1.3848000000000000e+003 	3.2042519222335889e-003 	-6.1711695642579150e-005 	3.1425402265910095e-003
1.4872000000000000e+003 	2.8496875401359261e-003 	-5.4186298671896242e-005 	2.7955012414640299e-003
1.5895999999999999e+003 	2.5522188171153734e-003 	-4.7682055358273333e-005 	2.5045367617571000e-003
1.6920000000000000e+003 	2.2999698043405167e-003 	-4.2037024457737773e-005 	2.2579327798827775e-003
1.7944000000000001e+003 	2.0840212706844741e-003 	-3.7115047892832488e-005 	2.0469062227916413e-003
1.8968000000000000e+003 	1.8976054314446813e-003 	-3.2805585046867833e-005 	1.8647998463978133e-003
1.9992000000000000e+003 	1.7355120917941515e-003 	-2.9019317098370227e-005 	1.7064927746957806e-003
2.1015999999999999e+003 	1.5936679977777049e-003 	-2.5683442193503976e-005 	1.5679845555842007e-003
2.2040000000000000e+003 	1.4688417362916147e-003 	-2.2737894463214426e-005 	1.4461038418284011e-003
2.3064000000000001e+003 	1.3584355259741920e-003 	-2.0232253002490437e-005 	1.3382032729717019e-003
2.5112000000000003e+003 	1.1745959449069900e-003 	-1.6046289165058030e-005 	1.1585496557419321e-003
2.7160000000000000e+003 	1.0204332485426815e-003 	-1.2561351958324990e-005 	1.0078718965843558e-003
2.9207999999999997e+003 	8.9859139318147231e-004 	-9.7925861909836595e-006 	8.8879880699048854e-004
3.1255999999999999e+003 	7.9872275036205350e-004 	-7.6059802073402502e-006 	7.9111677015471303e-004
3.3304000000000001e+003 	7.1590659899114118e-004 	-5.8823374998508211e-006 	7.1002426149129039e-004
3.5352000000000003e+003 	6.4647800019179929e-004 	-4.5249507045640763e-006 	6.4195304948723528e-004
3.7400000000000000e+003 	5.8768596091462750e-004 	-3.4571307488370850e-006 	5.8422883016579061e-004
3.9447999999999997e+003 	5.3744122293920317e-004 	-2.6181017350987738e-006 	5.3482312120410440e-004
4.1496000000000004e+003 	4.9413702980330215e-004 	-1.9596671921461780e-006 	4.9217736261115573e-004
4.3543999999999996e+003 	4.5652273577676547e-004 	-1.4436648900612265e-006 	4.5507907088670433e-004
4.5591999999999998e+003 	4.2361410190967552e-004 	-1.0399384695928122e-006 	4.2257416344008259e-004
4.7640000000000000e+003 	3.9462881569795396e-004 	-7.2469047884810709e-007 	3.9390412521910596e-004
4.9688000000000002e+003 	3.6893945735717241e-004 	-4.9479795226675206e-007 	3.6844465940490568e-004
5.3783999999999996e+003 	3.2597710881176263e-004 	-1.7570580084251648e-007 	3.2580140301092007e-004
5.7880000000000000e+003 	2.8947731952917228e-004 	4.1098029163565551e-008 	2.8951841755833578e-004
6.1976000000000004e+003 	2.6022336994346428e-004 	1.6785631098932136e-007 	2.6039122625445360e-004
6.6071999999999998e+003 	2.3578927601893902e-004 	2.3671801182351990e-007 	2.3602599403076249e-004
7.0168000000000002e+003 	2.1508245349695566e-004 	2.6987599149085882e-007 	2.1535232948844649e-004
7.4264000000000005e+003 	1.9730781815070745e-004 	2.8142024074201014e-007 	1.9758923839144948e-004
7.8360000000000000e+003 	1.8188085205739229e-004 	2.8025030694301129e-007 	1.8216110236433532e-004
8.2456000000000004e+003 	1.6836485030768302e-004 	2.7196435132772966e-007 	1.6863681465901069e-004
8.6552000000000007e+003 	1.5642751599571260e-004 	2.6000683907936469e-007 	1.5668752283479201e-004
9.0647999999999993e+003 	1.4581132907086090e-004 	2.4643209109242382e-007 	1.4605776116195329e-004
9.4743999999999996e+003 	1.3631326483894347e-004 	2.3345076836990474e-007 	1.3654671560731335e-004
1.0293600000000000e+004 	1.2031379264157232e-004 	2.0845971312799114e-007 	1.2052225235470030e-004
1.1112799999999999e+004 	1.0640579000843625e-004 	1.8325465359514866e-007 	1.0658904466203139e-004
1.1932000000000000e+004 	9.5174673822842284e-005 	1.6081062307446754e-007 	9.5335484445916712e-005
1.2751200000000001e+004 	8.5716695981325974e-005 	1.4194309046777153e-007 	8.5858639071793711e-005
1.3570400000000000e+004 	7.7663749362252499e-005 	1.2599962030475220e-007 	7.7789748982557246e-005
1.4389600000000000e+004 	7.0740077901138248e-005 	1.1229101079591714e-007 	7.0852368911934155e-005
1.5208799999999999e+004 	6.4736465426726807e-005 	1.0040992443594295e-007 	6.4836875351162771e-005
1.6027999999999998e+004 	5.9491647308693528e-005 	9.0102733842266634e-008 	5.9581750042535808e-005
1.6847200000000001e+004 	5.4879349512355311e-005 	8.1171617338349277e-008 	5.4960521129693681e-005
1.7666399999999998e+004 	5.0799270835613945e-005 	7.3444391185892016e-008 	5.0872715226799840e-005
1.8485600000000002e+004 	4.7170731080244138e-005 	6.7464790288525794e-008 	4.7238195870532654e-005
2.0124000000000000e+004 	4.1127779517572373e-005 	5.7659605573383904e-008 	4.1185439123145750e-005
2.1762399999999998e+004 	3.5912919054212370e-005 	4.8845525625066577e-008 	3.5961764579837448e-005
2.3400799999999999e+004 	3.1772972738470861e-005 	4.2413026989080749e-008 	3.1815385765459947e-005
2.5039200000000001e+004 	2.8333098853264687e-005 	3.7911348853354374e-008 	2.8371010202118030e-005
2.6677600000000002e+004 	2.5441489336234828e-005 	3.4660647560191121e-008 	2.5476149983795018e-005
2.8316000000000000e+004 	2.2985076773185222e-005 	3.1902326638583375e-008 	2.3016979099823815e-005
-1500 0
-1.5000000000000000e+003 0.0000000000000000e+000 0.0000000000000000e+000
1
1 1 1 1
1
         t, ms                         dVp, mV                         dVs, mV                         dV, mV
5.0000000000000000e-001 	2.9778777829691773e-002 	1.9227292030371135e-005 	2.9798005121722145e-002
5.9999999999999998e-001 	2.9822024013029812e-002 	1.7406979036193932e-005 	2.9839430992066023e-002
6.9999999999999996e-001 	2.9850451038495488e-002 	1.5735276883615947e-005 	2.9866186315379097e-002
8.0000000000000004e-001 	2.9872836331744569e-002 	1.4328683090817035e-005 	2.9887165014835383e-002
9.0000000000000002e-001 	2.9891773685135889e-002 	1.3129722878803035e-005 	2.9904903408014692e-002
1.0000000000000000e+000 	2.9908259183701012e-002 	1.2094017255512392e-005 	2.9920353200956522e-002
1.1000000000000001e+000 	2.9922822084768316e-002 	1.1188443278154831e-005 	2.9934010528046468e-002
1.2000000000000000e+000 	2.9935815254022575e-002 	1.0388345925162319e-005 	2.9946203599947731e-002
1.3000000000000000e+000 	2.9947500604871898e-002 	9.6751479199413422e-006 	2.9957175752791828e-002
1.3999999999999999e+000 	2.9958081673300219e-002 	9.0549775625425452e-006 	2.9967136650862751e-002
1.6000000000000001e+000 	3.0309774361554909e-002 	7.9824794782847984e-006 	3.0317756841033192e-002
1.8000000000000000e+000 	2.9992433282943480e-002 	7.0466166997957969e-006 	2.9999479899643279e-002
2.0000000000000000e+000 	3.0005932052172307e-002 	6.2484540383859022e-006 	3.0012180506210677e-002
2.2000000000000002e+000 	3.0017669441414069e-002 	5.5613060920223711e-006 	3.0023230747506086e-002
2.3999999999999999e+000 	3.0027999937134196e-002 	4.9629376395020883e-006 	3.0032962874773691e-002
2.6000000000000001e+000 	3.0037187131392827e-002 	4.4360702032974672e-006 	3.0041623201596136e-002
2.7999999999999998e+000 	3.0045430003925337e-002 	3.9675583144904864e-006 	3.0049397562239843e-002
3.0000000000000000e+000 	3.0052881603928185e-002 	3.5474039447871778e-006 	3.0056429007872972e-002
3.2000000000000002e+000 	3.0059661863167601e-002 	3.1679300280002057e-006 	3.0062829793195592e-002
3.3999999999999999e+000 	3.0065866354861841e-002 	2.8231574132708196e-006 	3.0068689512275110e-002
3.6000000000000001e+000 	3.0071572362513368e-002 	2.5172859945634173e-006 	3.0074089648507912e-002
4.0000000000000000e+000 	3.0203702218801087e-002 	1.9785879650610650e-006 	3.0205680806766149e-002
4.4000000000000004e+000 	3.0090641191524711e-002 	1.5022979706181583e-006 	3.0092143489495338e-002
4.7999999999999998e+000 	3.0098396018476754e-002 	1.0909305386772088e-006 	3.0099486949015430e-002
5.2000000000000002e+000 	3.0105281246537240e-002 	7.3430130840682991e-007 	3.0106015547845661e-002
5.5999999999999996e+000 	3.0111482264849242e-002 	4.2336832140425517e-007 	3.0111905633170635e-002
6.0000000000000000e+000 	3.0117154741529206e-002 	1.5064681822501270e-007 	3.0117305388347431e-002
6.4000000000000004e+000 	3.0122430372059087e-002 	-8.9948467707357564e-008 	3.0122340423591385e-002
6.7999999999999998e+000 	3.0127419098018960e-002 	-3.0336757715075148e-007 	3.0127115730441800e-002
7.2000000000000002e+000 	3.0132209531318514e-002 	-4.9366376682165382e-007 	3.0131715867551697e-002
7.5999999999999996e+000 	3.0136869098712962e-002 	-6.6418179902844683e-007 	3.0136204916913923e-002
8.0000000000000000e+000 	3.0141444793756945e-002 	-8.1277855520456725e-007 	3.0140632015201747e-002
8.8000000000000007e+000 	3.0217026328945747e-002 	-1.0696083031571895e-006 	3.0215956720642586e-002
9.5999999999999996e+000 	3.0159201039702991e-002 	-1.2930977287324973e-006 	3.0157907941974257e-002
1.0400000000000000e+001 	3.0167619312110591e-002 	-1.4829125246871694e-006 	3.0166136399585909e-002
1.1199999999999999e+001 	3.0175517733753543e-002 	-1.6455843907493056e-006 	3.0173872149362797e-002
1.2000000000000000e+001 	3.0182687982826820e-002 	-1.7867068966600828e-006 	3.0180901275930160e-002
1.2800000000000001e+001 	3.0188925811835975e-002 	-1.9107281690264573e-006 	3.0187015083666932e-002
1.3600000000000000e+001 	3.0194052699093477e-002 	-2.0210977814540168e-006 	3.0192031601312019e-002
1.4400000000000000e+001 	3.0197926391334215e-002 	-2.1204784052301907e-006 	3.0195805912928995e-002
1.5199999999999999e+001 	3.0200443506732760e-002 	-2.2109348172035317e-006 	3.0198232571915548e-002
1.6000000000000000e+001 	3.0201537309399909e-002 	-2.2940823028181124e-006 	3.0199243227097099e-002
1.6800000000000001e+001 	3.0201173056675922e-002 	-2.3711978004888014e-006 	3.0198801858875430e-002
1.7600000000000001e+001 	3.0199342509409595e-002 	-2.4433018236409451e-006 	3.0196899207585941e-002
1.8399999999999999e+001 	3.0196058535614842e-002 	-2.5100726910464996e-006 	3.0193548462923790e-002
2.0000000000000000e+001 	3.0222014075310485e-002 	-2.6341617557026968e-006 	3.0219379913554775e-002
2.1600000000000001e+001 	3.0169308809627014e-002 	-2.7508444676093174e-006 	3.0166557965159404e-002
2.3199999999999999e+001 	3.0148447587031772e-002 	-2.8603645999986868e-006 	3.0145587222431752e-002
2.4800000000000001e+001 	3.0123215919042177e-002 	-2.9645281958922883e-006 	3.0120251390846283e-002
2.6399999999999999e+001 	3.0094099246982586e-002 	-3.0648437988396774e-006 	3.0091034403183746e-002
2.8000000000000000e+001 	3.0061567695723913e-002 	-3.1624843233075278e-006 	3.0058405211400616e-002
2.9600000000000001e+001 	3.0026060454900590e-002 	-3.2583312519821090e-006 	3.0022802123648600e-002
3.1199999999999999e+001 	2.9987976687655845e-002 	-3.3530309858169688e-006 	2.9984623656670015e-002
3.2800000000000004e+001 	2.9947671036101450e-002 	-3.4470438557985887e-006 	2.9944223992245660e-002
3.4399999999999999e+001 	2.9905452271084751e-002 	-3.5406829474038279e-006 	2.9901911588137341e-002
3.6000000000000000e+001 	2.9861584058567391e-002 	-3.6341443978250559e-006 	2.9857949914169572e-002
3.7600000000000001e+001 	2.9816287129566549e-002 	-3.7274927206311219e-006 	2.9812559636845912e-002
4.0800000000000004e+001 	2.9737261903636694e-002 	-3.9138359579415131e-006 	2.9733348067678748e-002
4.4000000000000000e+001 	2.9624133857242069e-002 	-4.0993369986870712e-006 	2.9620034520243380e-002
4.7199999999999996e+001 	2.9522502478377365e-002 	-4.2831395226441276e-006 	2.9518219338854707e-002
5.0399999999999999e+001 	2.9417635088029196e-002 	-4.4642149605933419e-006 	2.9413170873068606e-002
5.3600000000000001e+001 	2.9309601936798931e-002 	-4.6414546285568468e-006 	2.9304960482170381e-002
5.6800000000000004e+001 	2.9198328807010877e-002 	-4.8137749688688731e-006 	2.9193515032042008e-002
6.0000000000000000e+001 	2.9083659470264398e-002 	-4.9801934856432328e-006 	2.9078679276778763e-002
6.3200000000000003e+001 	2.8965405399701168e-002 	-5.1398753182311826e-006 	2.8960265524382939e-002
6.6400000000000006e+001 	2.8843381911860162e-002 	-5.2921555323712410e-006 	2.8838089756327786e-002
6.9599999999999994e+001 	2.8717432210349884e-002 	-5.4365434732961024e-006 	2.8711995666876582e-002
7.2799999999999997e+001 	2.8587441592650951e-002 	-5.5694587074115310e-006 	2.8581872133943535e-002
7.9200000000000003e+001 	2.8321733218812331e-002 	-5.8093929795626364e-006 	2.8315923825832767e-002
8.5599999999999994e+001 	2.8026781192921665e-002 	-6.0228097671628553e-006 	2.8020758383154518e-002
9.2000000000000000e+001 	2.7723011709828764e-002 	-6.2057811708949784e-006 	2.7716805928657863e-002
9.8400000000000006e+001 	2.7405020525746438e-002 	-6.3598465687674983e-006 	2.7398660679177671e-002
1.0480000000000001e+002 	2.7074282422931955e-002 	-6.4873111793220128e-006 	2.7067795111752647e-002
1.1119999999999999e+002 	2.6732453923225551e-002 	-6.5907628889247225e-006 	2.6725863160336642e-002
1.1759999999999999e+002 	2.6381261389161935e-002 	-6.6728191890305761e-006 	2.6374588569972900e-002
1.2400000000000000e+002 	2.6022415839952236e-002 	-6.7360068003880068e-006 	2.6015679833151843e-002
1.3039999999999998e+002 	2.5657554144732555e-002 	-6.7827243512995712e-006 	2.5650771420381253e-002
1.3680000000000001e+002 	2.5288202494704929e-002 	-6.8152517738166737e-006 	2.5281387242931105e-002
1.4319999999999999e+002 	2.4915756970371766e-002 	-6.8328388629437546e-006 	2.4908924131508824e-002
1.5600000000000000e+002 	2.4176260918036794e-002 	-6.8438055144051120e-006 	2.4169417112522393e-002
1.6880000000000001e+002 	2.3420709003782732e-002 	-6.8410967136833496e-006 	2.3413867907069043e-002
1.8160000000000002e+002 	2.2680645928142788e-002 	-6.8323489733422719e-006 	2.2673813579169443e-002
1.9439999999999998e+002 	2.1952540075369956e-002 	-6.8304095478057781e-006 	2.1945709665822145e-002
2.0719999999999999e+002 	2.1240122271335416e-002 	-6.8471697584059313e-006 	2.1233275101577010e-002
2.2000000000000000e+002 	2.0546102383849980e-002 	-6.8926242555678664e-006 	2.0539209759594407e-002
2.3280000000000001e+002 	1.9872362959575469e-002 	-6.9744445483286114e-006 	1.9865388515027123e-002
2.4560000000000002e+002 	1.9220133208029212e-002 	-7.0978783280191146e-006 	1.9213035329701197e-002
2.5840000000000003e+002 	1.8590133691764987e-002 	-7.2658740678445505e-006 	1.8582867817697139e-002
2.7119999999999999e+002 	1.7982692543262221e-002 	-7.4793514241181830e-006 	1.7975213191838098e-002
2.8400000000000000e+002 	1.7397837345586118e-002 	-7.7375486781428680e-006 	1.7390099796907983e-002
2.9680000000000001e+002 	1.6835367320349046e-002 	-8.0383922092136657e-006 	1.6827328928139842e-002
3.0959999999999997e+002 	1.6294909967921711e-002 	-8.3910389134720555e-006 	1.6286518929008242e-002
3.3519999999999999e+002 	1.5289048219676440e-002 	-9.1950195173099730e-006 	1.5279853200159128e-002
3.6080000000000001e+002 	1.4339818448370218e-002 	-1.0078730834008414e-005 	1.4329739717536209e-002
3.8640000000000003e+002 	1.3477743376114936e-002 	-1.1036291313033372e-005 	1.3466707084801901e-002
4.1200000000000000e+002 	1.2685174941549865e-002 	-1.2041720128417764e-005 	1.2673133221421449e-002
4.3759999999999997e+002 	1.1956411021462793e-002 	-1.3069811222288760e-005 	1.1943341210240507e-002
4.6319999999999999e+002 	1.1285935782368809e-002 	-1.4098373285482680e-005 	1.1271837409083330e-002
4.8880000000000001e+002 	1.0668539918719992e-002 	-1.5109098406454650e-005 	1.0653430820313545e-002
5.1439999999999998e+002 	1.0099383972097626e-002 	-1.6087603717154167e-005 	1.0083296368380470e-002
5.4000000000000000e+002 	9.5740232144754193e-003 	-1.7023007025276705e-005 	9.5570002074501434e-003
5.6560000000000002e+002 	9.0884077867333761e-003 	-1.7907355409273890e-005 	9.0705004313240967e-003
5.9119999999999993e+002 	8.6388677757564345e-003 	-1.8735091879575240e-005 	8.6201326838768622e-003
6.1680000000000007e+002 	8.2220898219661324e-003 	-1.9478345413610755e-005 	8.2026114765525217e-003
6.6800000000000000e+002 	7.4842020319798195e-003 	-2.0772089079641880e-005 	7.4634299429001787e-003
7.1919999999999993e+002 	6.8208753111806382e-003 	-2.1867082540145436e-005 	6.7990082286404907e-003
7.7039999999999998e+002 	6.2531424054235200e-003 	-2.2733047386720962e-005 	6.2304093580368000e-003
8.2160000000000002e+002 	5.7554184499249523e-003 	-2.3380639092627465e-005 	5.7320378108323264e-003
8.7280000000000007e+002 	5.3166590631744236e-003 	-2.3826973360983640e-005 	5.2928320898134405e-003
9.2400000000000000e+002 	4.9278028125332215e-003 	-2.4092144415394583e-005 	4.9037106681178288e-003
9.7519999999999993e+002 	4.5814206008609575e-003 	-2.4197029746548363e-005 	4.5572235711144092e-003
1.0264000000000001e+003 	4.2714031019193983e-003 	-2.4161909805193631e-005 	4.2472411921142044e-003
1.0775999999999999e+003 	3.9927021308990831e-003 	-2.4005739729817078e-005 	3.9686963911692652e-003
1.1288000000000000e+003 	3.7411229990983634e-003 	-2.3745854786380547e-005 	3.7173771443119825e-003
1.1800000000000000e+003 	3.5131597630971719e-003 	-2.3373845731323784e-005 	3.4897859173658487e-003
1.2824000000000001e+003 	3.1213848944669424e-003 	-2.2433439207742238e-005 	3.0989514552592001e-003
1.3848000000000000e+003 	2.7795876078738312e-003 	-2.1348554415387781e-005 	2.7582390534584456e-003
1.4872000000000000e+003 	2.4972921589069517e-003 	-2.0136585313505666e-005 	2.4771555735934462e-003
1.5895999999999999e+003 	2.2567044024233776e-003 	-1.8847253788119793e-005 	2.2378571486352575e-003
1.6920000000000000e+003 	2.0498742533722053e-003 	-1.7522109656042218e-005 	2.0323521437161621e-003
1.7944000000000001e+003 	1.8706679495889334e-003 	-1.6194096564075164e-005 	1.8544738530248581e-003
1.8968000000000000e+003 	1.7143160069985803e-003 	-1.4888674488374243e-005 	1.6994273325102068e-003
1.9992000000000000e+003 	1.5770660013006605e-003 	-1.3624844207975841e-005 	1.5634411570926846e-003
2.1015999999999999e+003 	1.4559277607694866e-003 	-1.2416115470651708e-005 	1.4435116452988347e-003
2.2040000000000000e+003 	1.3484888593663564e-003 	-1.1271498385349918e-005 	1.3372173609810061e-003
2.3064000000000001e+003 	1.2527807303554126e-003 	-1.0223171014477715e-005 	1.2425575593409349e-003
2.5112000000000003e+003 	1.0920234345367197e-003 	-8.3468949879920638e-006 	1.0836765395487273e-003
2.7160000000000000e+003 	9.5579131588553160e-004 	-6.6988002264526484e-006 	9.4909251565907903e-004
2.9207999999999997e+003 	8.4690817924898247e-004 	-5.3077432652640377e-006 	8.4160043598371849e-004
3.1255999999999999e+003 	7.5682724561212781e-004 	-4.1510621682389920e-006 	7.5267618344388885e-004
3.3304000000000001e+003 	6.8151481445810234e-004 	-3.1997140029810859e-006 	6.7831510045512119e-004
3.5352000000000003e+003 	6.1792181644973964e-004 	-2.4247030941257190e-006 	6.1549711335561375e-004
3.7400000000000000e+003 	5.6372826375635811e-004 	-1.7988841361307127e-006 	5.6192937962022747e-004
3.9447999999999997e+003 	5.1715075937015754e-004 	-1.2975352535307876e-006 	5.1585322411662666e-004
4.1496000000000004e+003 	4.7680308748012637e-004 	-8.9876193848745430e-007 	4.7590432554163887e-004
4.3543999999999996e+003 	4.4159614652996795e-004 	-5.8369202573452219e-007 	4.4101245450423347e-004
4.5591999999999998e+003 	4.1066576019278453e-004 	-3.3640835950951007e-007 	4.1032935183327521e-004
4.7640000000000000e+003 	3.8332001972495613e-004 	-1.4369659402112972e-007 	3.8317632313093498e-004
4.9688000000000002e+003 	3.5900037182953537e-004 	-4.3792197575637143e-009 	3.5899599260977782e-004
5.3783999999999996e+003 	3.1815103608113382e-004 	1.8460528957227231e-007 	3.1833564137070621e-004
5.7880000000000000e+003 	2.8329225006782342e-004 	3.0666421962314607e-007 	2.8359891428744656e-004
6.1976000000000004e+003 	2.5520301721065875e-004 	3.7025265701226676e-007 	2.5557326986767100e-004
6.6071999999999998e+003 	2.3164608298945866e-004 	3.9687012222353819e-007 	2.3204295311168215e-004
7.0168000000000002e+003 	2.1161428655814844e-004 	4.0122706022321984e-007 	2.1201551361837165e-004
7.4264000000000005e+003 	1.9436973041609074e-004 	3.9255303613528387e-007 	1.9476228345222606e-004
7.8360000000000000e+003 	1.7936652966172030e-004 	3.7668200016348256e-007 	1.7974321166188374e-004
8.2456000000000004e+003 	1.6619455371512956e-004 	3.5729907652136052e-007 	1.6655185279165093e-004
8.6552000000000007e+003 	1.5454019674262354e-004 	3.3665663134029242e-007 	1.5487685337396383e-004
9.0647999999999993e+003 	1.4415939352093918e-004 	3.1606109129916539e-007 	1.4447545461223837e-004
9.4743999999999996e+003 	1.3485902139783316e-004 	2.9748806877145106e-007 	1.3515650946660464e-004
1.0293600000000000e+004 	1.1916310062998938e-004 	2.6357569606817735e-007 	1.1942667632605754e-004
1.1112799999999999e+004 	1.0550067929956643e-004 	2.3109550531767851e-007 	1.0573177480488412e-004
1.1932000000000000e+004 	9.4443240622250400e-005 	2.0285514217090339e-007 	9.4646095764421297e-005
1.2751200000000001e+004 	8.5117331666054584e-005 	1.7925319209616694e-007 	8.5296584858150751e-005
1.3570400000000000e+004 	7.7166655536650407e-005 	1.5937336024610819e-007 	7.7326028896896511e-005
1.4389600000000000e+004 	7.0323490314938957e-005 	1.4234822974307933e-007 	7.0465838544682066e-005
1.5208799999999999e+004 	6.4384164345247005e-005 	1.2764044691471710e-007 	6.4511804792161711e-005
1.6027999999999998e+004 	5.9191318830693634e-005 	1.1489925726106837e-007 	5.9306218087954716e-005
1.6847200000000001e+004 	5.4621491842700158e-005 	1.0385366008270558e-007 	5.4725345502782866e-005
1.7666399999999998e+004 	5.0576448541652461e-005 	9.4275552825386920e-008 	5.0670724094477860e-005
1.8485600000000002e+004 	4.6977054640970291e-005 	8.6723876934390343e-008 	4.7063778517904650e-005
2.0124000000000000e+004 	4.0978017035875545e-005 	7.4286353959171948e-008 	4.1052303389834705e-005
2.1762399999999998e+004 	3.5798385260860328e-005 	6.3254438824285592e-008 	3.5861639699684623e-005
2.3400799999999999e+004 	3.1682578259016916e-005 	5.5000212943993786e-008 	3.1737578471960903e-005
2.5039200000000001e+004 	2.8260630266537267e-005 	4.8992926360156864e-008 	2.8309623192897436e-005
2.6677600000000002e+004 	2.5382589199971651e-005 	4.4490456938408291e-008 	2.5427079656910075e-005
2.8316000000000000e+004 	2.2936632357119442e-005 	4.0593131872053960e-008 	2.2977225488991493e-005
