2000 0
2.0000000000000000e+003 0.0000000000000000e+000 -4.0000000000000000e+002
1
1 1 1 1
1
         t, ms                         dVp, mV                         dVs, mV                         dV, mV
1.0000000000000000e+001 	4.2214183693745537e-006 	-4.4238464314861117e-008 	4.1771799050596928e-006
1.2000000000000000e+001 	4.2230894358863058e-006 	-4.4172857485213551e-008 	4.1789165784010918e-006
1.4000000000000000e+001 	4.2238407020764326e-006 	-4.4114545275911518e-008 	4.1797261568005211e-006
1.6000000000000000e+001 	4.2245639981463243e-006 	-4.4066947011261713e-008 	4.1804970511350624e-006
1.8000000000000000e+001 	4.2252923636804177e-006 	-4.4023942159698056e-008 	4.1812684215207192e-006
2.0000000000000000e+001 	4.2259671633528700e-006 	-4.3982747501716580e-008 	4.1819844158511536e-006
2.2000000000000000e+001 	4.2265716579413885e-006 	-4.3943580614326340e-008 	4.1826280773270620e-006
2.4000000000000000e+001 	4.2271120539702578e-006 	-4.3908662387686548e-008 	4.1832033915825716e-006
2.6000000000000000e+001 	4.2275988245368926e-006 	-4.3881105634049985e-008 	4.1837177189028426e-006
2.8000000000000000e+001 	4.2280409983957523e-006 	-4.3869637796074269e-008 	4.1841713605996781e-006
3.2000000000000000e+001 	4.2415147106260498e-006 	-4.3889958958416414e-008 	4.1976247516676330e-006
3.6000000000000000e+001 	4.2294922649375594e-006 	-4.3958659219779411e-008 	4.1855336057177798e-006
4.0000000000000000e+001 	4.2300712941498154e-006 	-4.4082309736049840e-008 	4.1859889844137655e-006
4.4000000000000000e+001 	4.2305796437377400e-006 	-4.4255229420047191e-008 	4.1863244143176931e-006
4.8000000000000000e+001 	4.2310315205617410e-006 	-4.4468242293060432e-008 	4.1865632782686804e-006
5.2000000000000000e+001 	4.2314379592313306e-006 	-4.4710978143898280e-008 	4.1867269810874320e-006
5.6000000000000000e+001 	4.2318075724525898e-006 	-4.4973415873105798e-008 	4.1868341565794841e-006
6.0000000000000000e+001 	4.2321468438035737e-006 	-4.5246744436521982e-008 	4.1869000993670517e-006
6.4000000000000000e+001 	4.2324601897221439e-006 	-4.5523716950394452e-008 	4.1869364727717493e-006
6.8000000000000000e+001 	4.2327499813673024e-006 	-4.5798682896485308e-008 	4.1869512984708174e-006
7.2000000000000000e+001 	4.2330166379340080e-006 	-4.6063200407045168e-008 	4.1869534375269632e-006
8.0000000000000000e+001 	4.2401855590669634e-006 	-4.6559823298708929e-008 	4.1936257357682545e-006
8.8000000000000000e+001 	4.2337904709504959e-006 	-4.7016915989613778e-008 	4.1867735549608825e-006
9.6000000000000000e+001 	4.2339457641990830e-006 	-4.7426262833989846e-008 	4.1865195013650932e-006
1.0400000000000000e+002 	4.2338945379079043e-006 	-4.7788519332999523e-008 	4.1861060185749050e-006
1.1200000000000000e+002 	4.2335974038859359e-006 	-4.8107238186550707e-008 	4.1854901656993856e-006
1.2000000000000000e+002 	4.2330190813072765e-006 	-4.8387452174942473e-008 	4.1846316291323336e-006
1.2800000000000000e+002 	4.2321302194397754e-006 	-4.8634700784931862e-008 	4.1834955186548436e-006
1.3600000000000000e+002 	4.2309079783542397e-006 	-4.8854422508586233e-008 	4.1820535558456535e-006
1.4400000000000000e+002 	4.2293357595575401e-006 	-4.9051600079997510e-008 	4.1802841594775422e-006
1.5200000000000000e+002 	4.2274024356875350e-006 	-4.9230556585776305e-008 	4.1781718791017585e-006
1.6000000000000000e+002 	4.2251013460030112e-006 	-4.9390679594476464e-008 	4.1757106664085350e-006
1.7600000000000000e+002 	4.2237973129175524e-006 	-4.9675719485388750e-008 	4.1741215934321633e-006
1.9200000000000000e+002 	4.2121902713161644e-006 	-4.9924733442880338e-008 	4.1622655378732840e-006
2.0800000000000000e+002 	4.2035258706453871e-006 	-5.0122333029521766e-008 	4.1534035376158653e-006
2.2400000000000000e+002 	4.1934065171681295e-006 	-5.0250357181889805e-008 	4.1431561599862397e-006
2.4000000000000000e+002 	4.1818459887304921e-006 	-5.0283099185888543e-008 	4.1315628895446031e-006
2.5600000000000000e+002 	4.1688571438405566e-006 	-5.0190086120127532e-008 	4.1186670577204289e-006
2.7200000000000000e+002 	4.1544535079806073e-006 	-4.9939600515883816e-008 	4.1045139074647238e-006
2.8800000000000000e+002 	4.1386518515844449e-006 	-4.9502056469959959e-008 	4.0891497951144848e-006
3.0400000000000000e+002 	4.1214747285278727e-006 	-4.8852707084524349e-008 	4.0726220214433480e-006
3.2000000000000000e+002 	4.1029523420082828e-006 	-4.7973442954284462e-008 	4.0549788990539983e-006
3.3600000000000000e+002 	4.0831234835100583e-006 	-4.6853657103520241e-008 	4.0362698264065379e-006
3.5200000000000000e+002 	4.0620355633751684e-006 	-4.5490295463007509e-008 	4.0165452679121609e-006
3.6800000000000000e+002 	4.0397439064167845e-006 	-4.3805061304034513e-008 	3.9959388451127497e-006
4.0000000000000000e+002 	3.9928764888894674e-006 	-3.9776270949043519e-008 	3.9531002179404240e-006
4.3200000000000000e+002 	3.9400735893742230e-006 	-3.5165479412141061e-008 	3.9049081099620822e-006
4.6400000000000000e+002 	3.8848290522204873e-006 	-2.9973686550990353e-008 	3.8548553656694973e-006
4.9600000000000000e+002 	3.8267223119743338e-006 	-2.4344105818445923e-008 	3.8023782061558881e-006
5.2800000000000000e+002 	3.7662921218032320e-006 	-1.8425020494708654e-008 	3.7478671013085234e-006
5.6000000000000000e+002 	3.7040380355259308e-006 	-1.2352033433389745e-008 	3.6916860020925413e-006
5.9200000000000000e+002 	3.6404112686420782e-006 	-6.2400847376315832e-009 	3.6341711839044466e-006
6.2400000000000000e+002 	3.5758117422461115e-006 	-1.8108017202063152e-010 	3.5756306620740910e-006
6.5600000000000000e+002 	3.5105891844517058e-006 	5.7552141673869548e-009 	3.5163443986190926e-006
6.8800000000000000e+002 	3.4450465822029349e-006 	1.1518550118501823e-008 	3.4565651323214369e-006
7.2000000000000000e+002 	3.3794447393787711e-006 	1.7074878362465747e-008 	3.3965196177412367e-006
7.5200000000000000e+002 	3.3140071234822422e-006 	2.2308952641608912e-008 	3.3363160761238511e-006
8.1600000000000000e+002 	3.1850440417452327e-006 	3.2031954082074432e-008 	3.2170759958273072e-006
8.8000000000000000e+002 	3.0576408481289880e-006 	4.0983722806224729e-008 	3.0986245709352127e-006
9.4400000000000000e+002 	2.9341104382307000e-006 	4.9047917506411300e-008 	2.9831583557371113e-006
1.0080000000000000e+003 	2.8145554089905802e-006 	5.6265124613413367e-008 	2.8708205336039937e-006
1.0720000000000000e+003 	2.6993864979589090e-006 	6.2696260684133885e-008 	2.7620827586430430e-006
1.1360000000000000e+003 	2.5888564868687431e-006 	6.8408139545014020e-008 	2.6572646264137571e-006
1.2000000000000000e+003 	2.4830933634704308e-006 	7.3466564125391805e-008 	2.5565599275958227e-006
1.2640000000000000e+003 	2.3821288560512990e-006 	7.7933264346111167e-008 	2.4600621203974103e-006
1.3280000000000000e+003 	2.2859218811563280e-006 	8.1864822852327540e-008 	2.3677867040086555e-006
1.3920000000000000e+003 	2.1943774521109169e-006 	8.5312572696135709e-008 	2.2796900248070528e-006
1.4560000000000000e+003 	2.1073617688012285e-006 	8.8184765792291405e-008 	2.1955465345935198e-006
1.5840000000000000e+003 	1.9478872026439110e-006 	9.2807659943278297e-008 	2.0406948625871895e-006
1.7120000000000000e+003 	1.8005643022291644e-006 	9.6444931480200172e-008 	1.8970092337093646e-006
1.8400000000000000e+003 	1.6695725736686720e-006 	9.9050770261449363e-008 	1.7686233439301213e-006
1.9680000000000000e+003 	1.5515781024554112e-006 	1.0078620042430917e-007 	1.6523643028797203e-006
2.0960000000000000e+003 	1.4451891834315580e-006 	1.0180379257670187e-007 	1.5469929760082600e-006
2.2240000000000000e+003 	1.3491196176517360e-006 	1.0223612615397408e-007 	1.4513557438057101e-006
2.3520000000000000e+003 	1.2622055591073825e-006 	1.0219467372906147e-007 	1.3644002328364440e-006
2.4800000000000000e+003 	1.1834083615429652e-006 	1.0177188214472655e-007 	1.2851802436876917e-006
2.6080000000000000e+003 	1.1118093280699137e-006 	1.0104396019317434e-007 	1.2128532882630880e-006
2.7360000000000000e+003 	1.0466002864141062e-006 	1.0007356172991113e-007 	1.1466738481440174e-006
2.8640000000000000e+003 	9.8707245804204617e-007 	9.8867900105597510e-008 	1.0859403581476437e-006
3.1200000000000000e+003 	8.8410732316969069e-007 	9.6084578852906017e-008 	9.8019190202259673e-007
3.3760000000000000e+003 	7.9323729915295432e-007 	9.3063628279205862e-008 	8.8630092743216020e-007
3.6320000000000000e+003 	7.1773296129929999e-007 	8.9856831407252479e-008 	8.0758979270655246e-007
3.8880000000000000e+003 	6.5304009219236732e-007 	8.6568069741939422e-008 	7.3960816193430671e-007
4.1440000000000000e+003 	5.9719492466648108e-007 	8.3275980213599519e-008 	6.8047090488008057e-007
4.4000000000000000e+003 	5.4864248348647058e-007 	8.0035392051828180e-008 	6.2867787553829876e-007
4.6560000000000000e+003 	5.0614918409162347e-007 	7.6882394907321510e-008 	5.8303157899894498e-007
4.9120000000000000e+003 	4.6873047786577908e-007 	7.3839373174210385e-008 	5.4256985103998949e-007
5.1680000000000000e+003 	4.3559441907452253e-007 	7.0919059329886514e-008 	5.0651347840440902e-007
5.4240000000000000e+003 	4.0609864754169629e-007 	6.8127545600805238e-008 	4.7422619314250153e-007
5.6800000000000000e+003 	3.7971780708230466e-007 	6.5466436654272685e-008 	4.4518424373657732e-007
5.9360000000000000e+003 	3.5601882343182671e-007 	6.2934358090079943e-008 	4.1895318152190668e-007
6.1920000000000000e+003 	3.3464203378516418e-007 	6.0572739461141904e-008 	3.9521477324630607e-007
6.7040000000000000e+003 	2.9825156345577828e-007 	5.6209165880694593e-008 	3.5446072933647289e-007
7.2160000000000000e+003 	2.6647300103405899e-007 	5.2190809739388873e-008 	3.1866381077344789e-007
7.7280000000000000e+003 	2.4052535905319451e-007 	4.8555223834723105e-008 	2.8908058288791762e-007
8.2400000000000000e+003 	2.1853746703592623e-007 	4.5269511927460520e-008 	2.6380697896338677e-007
8.7520000000000000e+003 	1.9972029074105291e-007 	4.2297350585928778e-008 	2.4201764132698168e-007
9.2640000000000000e+003 	1.8347016957531692e-007 	3.9603938204553092e-008 	2.2307410777987000e-007
9.7760000000000000e+003 	1.6932203887849150e-007 	3.7157620110671325e-008 	2.0647965898916284e-007
1.0288000000000000e+004 	1.5691365762388272e-007 	3.4930258474596966e-008 	1.9184391609847970e-007
1.0800000000000000e+004 	1.4595943239499510e-007 	3.2897120340096188e-008 	1.7885655273509128e-007
1.1312000000000000e+004 	1.3623150243271411e-007 	3.1036582675146789e-008 	1.6726808510786089e-007
1.1824000000000000e+004 	1.2754603875737030e-007 	2.9329781450140948e-008 	1.5687582020751126e-007
1.2336000000000000e+004 	1.1975322479402549e-007 	2.7802900797380156e-008 	1.4755612559140563e-007
1.3360000000000000e+004 	1.0657109664765639e-007 	2.5096478976180132e-008 	1.3166757562383651e-007
1.4384000000000000e+004 	9.5125639501834584e-008 	2.2693888746084029e-008 	1.1781952824791862e-007
1.5408000000000000e+004 	8.5843021523872494e-008 	2.0610063402373566e-008 	1.0645308492624606e-007
1.6432000000000000e+004 	7.8011572196557999e-008 	1.8797715613166895e-008 	9.6809287809724890e-008
1.7456000000000000e+004 	7.1330949242655397e-008 	1.7213581992678906e-008 	8.8544531235334309e-008
1.8480000000000000e+004 	6.5574754791201800e-008 	1.5821204298353061e-008 	8.1395959089554868e-008
1.9504000000000000e+004 	6.0570800927167501e-008 	1.4590660881186787e-008 	7.5161461808354285e-008
2.0528000000000000e+004 	5.6186409109357796e-008 	1.3497540704923298e-008 	6.9683949814281099e-008
2.1552000000000000e+004 	5.2317896966746508e-008 	1.2521880630829208e-008 	6.4839777597575711e-008
2.2576000000000000e+004 	4.8883135148195305e-008 	1.1647259958120984e-008 	6.0530395106316284e-008
2.3600000000000000e+004 	4.5816251729021699e-008 	1.0885820380314347e-008 	5.6702072109336042e-008
2.5648000000000000e+004 	4.0654945670792431e-008 	9.5738794751740019e-009 	5.0228825145966435e-008
2.7696000000000000e+004 	3.6204041778306918e-008 	8.4392184128770569e-009 	4.4643260191183974e-008
2.9744000000000000e+004 	3.2614554241518628e-008 	7.4859182517566715e-009 	4.0100472493275301e-008
3.1792000000000000e+004 	2.9599491642319861e-008 	6.6818007129248319e-009 	3.6281292355244691e-008
3.3840000000000000e+004 	2.7036237062593641e-008 	5.9989042960480890e-009 	3.3035141358641730e-008
3.5888000000000000e+004 	2.4833476594591110e-008 	5.4146335900726662e-009 	3.0248110184663780e-008
3.7936000000000000e+004 	2.2922487461569741e-008 	4.9111350833949549e-009 	2.7833622544964694e-008
3.9984000000000000e+004 	2.1250779089379782e-008 	4.4743405035673002e-009 	2.5725119592947083e-008
4.2032000000000000e+004 	1.9777626530504659e-008 	4.0931022826015282e-009 	2.3870728813106189e-008
4.4080000000000000e+004 	1.8470958674088242e-008 	3.7585089364517011e-009 	2.2229467610539942e-008
4.6128000000000000e+004 	1.7305175232404898e-008 	3.4745022190551814e-009 	2.0779677451460078e-008
5.0224000000000000e+004 	1.5341566483551380e-008 	2.9981823216527483e-009 	1.8339748805204128e-008
5.4320000000000000e+004 	1.3655643721239987e-008 	2.5963451801381715e-009 	1.6251988901378159e-008
5.8416000000000000e+004 	1.2294361638097190e-008 	2.2689609472566475e-009 	1.4563322585353837e-008
6.2512000000000000e+004 	1.1151404940772671e-008 	2.0007847377368423e-009 	1.3152189678509514e-008
6.6608000000000000e+004 	1.0179973925366139e-008 	1.7790461493343260e-009 	1.1959020074700465e-008
7.0704000000000000e+004 	9.3452978444859993e-009 	1.5937636115353624e-009 	1.0939061456021362e-008
7.4800000000000000e+004 	8.6212554510929499e-009 	1.4373114692965412e-009 	1.0058566920389491e-008
7.8896000000000000e+004 	7.9879211235743610e-009 	1.3038853674920074e-009 	9.2918064910663676e-009
8.2992000000000000e+004 	7.4298489405829805e-009 	1.1890454065611670e-009 	8.6188943471441469e-009
8.7088000000000000e+004 	6.9348817623099200e-009 	1.0893656566425641e-009 	8.0242474189524837e-009
9.1184000000000000e+004 	6.4933183443522312e-009 	1.0021757885609634e-009 	7.4954941329131946e-009
9.5280000000000000e+004 	6.0973220910803510e-009 	9.2537294035853445e-010 	7.0226950314388858e-009
9.9376000000000000e+004 	5.7404938961711901e-009 	8.5728459937148530e-010 	6.5977784955426755e-009
1.0347200000000000e+005 	5.4175580358216998e-009 	7.9656794406570706e-010 	6.2141259798874069e-009
1.0756800000000000e+005 	5.1241273645318099e-009 	7.3923729479518374e-010 	5.8633646593269938e-009
4000 0
4.0000000000000000e+003 0.0000000000000000e+000 -4.0000000000000000e+002
1
1 1 1 1
1
         t, ms                         dVp, mV                         dVs, mV                         dV, mV
1.0000000000000000e+001 	9.5754102406044500e-007 	-3.5681839320145168e-008 	9.2185918474029978e-007
1.2000000000000000e+001 	9.5795761945691422e-007 	-3.5684351163329201e-008 	9.2227326829358507e-007
1.4000000000000000e+001 	9.5814488500048902e-007 	-3.5686601250039126e-008 	9.2245828375044984e-007
1.6000000000000000e+001 	9.5832518297904120e-007 	-3.5687767633353240e-008 	9.2263741534568796e-007
1.8000000000000000e+001 	9.5850675020055955e-007 	-3.5687105091540496e-008 	9.2281964510901905e-007
2.0000000000000000e+001 	9.5867496606625816e-007 	-3.5684628951556196e-008 	9.2299033711470191e-007
2.2000000000000000e+001 	9.5882565604292459e-007 	-3.5680989178454648e-008 	9.2314466686446989e-007
2.4000000000000000e+001 	9.5896036723736781e-007 	-3.5677167996240613e-008 	9.2328319924112725e-007
2.6000000000000000e+001 	9.5908171036080532e-007 	-3.5674186989381855e-008 	9.2340752337142352e-007
2.8000000000000000e+001 	9.5919193619214777e-007 	-3.5673938614440128e-008 	9.2351799757770769e-007
3.2000000000000000e+001 	9.6255129262018103e-007 	-3.5681272938700674e-008 	9.2687001968148031e-007
3.6000000000000000e+001 	9.5955371253392309e-007 	-3.5697469998379854e-008 	9.2385624253554319e-007
4.0000000000000000e+001 	9.5969806373759498e-007 	-3.5723693805910167e-008 	9.2397436993168484e-007
4.4000000000000000e+001 	9.5982481965117504e-007 	-3.5758926729304571e-008 	9.2406589292187044e-007
4.8000000000000000e+001 	9.5993755763703557e-007 	-3.5801603120212035e-008 	9.2413595451682356e-007
5.2000000000000000e+001 	9.6003909690428884e-007 	-3.5850015464174262e-008 	9.2418908144011458e-007
5.6000000000000000e+001 	9.6013170078094546e-007 	-3.5902545656457063e-008 	9.2422915512448840e-007
6.0000000000000000e+001 	9.6021716441292193e-007 	-3.5957769646691040e-008 	9.2425939476623095e-007
6.4000000000000000e+001 	9.6029684227355365e-007 	-3.6014485769400584e-008 	9.2428235650415310e-007
6.8000000000000000e+001 	9.6037166098841170e-007 	-3.6071704577477700e-008 	9.2429995641093405e-007
7.2000000000000000e+001 	9.6044214377449372e-007 	-3.6128058545531520e-008 	9.2431408522896216e-007
8.0000000000000000e+001 	9.6224566266616824e-007 	-3.6236545727537284e-008 	9.2600911693863092e-007
8.8000000000000000e+001 	9.6067831540387905e-007 	-3.6338531576099359e-008 	9.2433978382777966e-007
9.6000000000000000e+001 	9.6076300456241614e-007 	-3.6431592075985004e-008 	9.2433141248643112e-007
1.0400000000000000e+002 	9.6081926751368513e-007 	-3.6514518753894784e-008 	9.2430474875979030e-007
1.1200000000000000e+002 	9.6084224758527797e-007 	-3.6586768771932982e-008 	9.2425547881334502e-007
1.2000000000000000e+002 	9.6082765395777321e-007 	-3.6648317752440090e-008 	9.2417933620533316e-007
1.2800000000000000e+002 	9.6077207731667259e-007 	-3.6699514966206051e-008 	9.2407256235046652e-007
1.3600000000000000e+002 	9.6067309908848985e-007 	-3.6740960009912679e-008 	9.2393213907857720e-007
1.4400000000000000e+002 	9.6052926770344702e-007 	-3.6773405301007962e-008 	9.2375586240243904e-007
1.5200000000000000e+002 	9.6034000083513699e-007 	-3.6797682242419765e-008 	9.2354231859271725e-007
1.6000000000000000e+002 	9.6010545367822194e-007 	-3.6812456456496600e-008 	9.2329299722172530e-007
1.7600000000000000e+002 	9.6062456039327814e-007 	-3.6824118589828730e-008 	9.2380044180344946e-007
1.9200000000000000e+002 	9.5874121883821305e-007 	-3.6820828518679230e-008 	9.2192039031953383e-007
2.0800000000000000e+002 	9.5782477177384457e-007 	-3.6802229000340571e-008 	9.2102254277350401e-007
2.2400000000000000e+002 	9.5677143337418646e-007 	-3.6770575081901474e-008 	9.2000085829228494e-007
2.4000000000000000e+002 	9.5559582314998391e-007 	-3.6726997674865207e-008 	9.1886882547511867e-007
2.5600000000000000e+002 	9.5431135576208244e-007 	-3.6671259514618551e-008 	9.1764009624746394e-007
2.7200000000000000e+002 	9.5292967629449058e-007 	-3.6601829278466628e-008 	9.1632784701602398e-007
2.8800000000000000e+002 	9.5146045171985129e-007 	-3.6516119356580743e-008 	9.1494433236327052e-007
3.0400000000000000e+002 	9.4991141447194125e-007 	-3.6410802638729861e-008 	9.1350061183321139e-007
3.2000000000000000e+002 	9.4828856276368861e-007 	-3.6282151117099213e-008 	9.1200641164658935e-007
3.3600000000000000e+002 	9.4659644148761397e-007 	-3.6126355234475878e-008 	9.1047008625313804e-007
3.5200000000000000e+002 	9.4483844801419729e-007 	-3.5939796637476193e-008 	9.0889865137672105e-007
3.6800000000000000e+002 	9.4301712620083076e-007 	-3.5704282817159025e-008 	9.0731284338367171e-007
4.0000000000000000e+002 	9.3947175674105547e-007 	-3.5115040981358403e-008 	9.0435671575969705e-007
4.3200000000000000e+002 	9.3513722104660584e-007 	-3.4396285431002565e-008 	9.0074093561560328e-007
4.6400000000000000e+002 	9.3085788169632001e-007 	-3.3523103380516619e-008 	8.9733477831580334e-007
4.9600000000000000e+002 	9.2636737409114091e-007 	-3.2497653543004106e-008 	8.9386972054813682e-007
5.2800000000000000e+002 	9.2167839983912737e-007 	-3.1328966632802802e-008 	8.9034943320632456e-007
5.6000000000000000e+002 	9.1680486416437767e-007 	-3.0030457425575837e-008 	8.8677440673880187e-007
5.9200000000000000e+002 	9.1176154968676199e-007 	-2.8618009610885014e-008 	8.8314354007587693e-007
6.2400000000000000e+002 	9.0656363124007754e-007 	-2.7108484156973601e-008 	8.7945514708310392e-007
6.5600000000000000e+002 	9.0122618007770494e-007 	-2.5518621958153009e-008 	8.7570755811955196e-007
6.8800000000000000e+002 	8.9576374741702413e-007 	-2.3864303742843466e-008 	8.7189944367418069e-007
7.2000000000000000e+002 	8.9019006500914386e-007 	-2.2160107998969580e-008 	8.6802995701017427e-007
7.5200000000000000e+002 	8.8451786495541342e-007 	-2.0413270938752205e-008 	8.6410459401666119e-007
8.1600000000000000e+002 	8.7305529103738684e-007 	-1.6868050763826812e-008 	8.5618724027356002e-007
8.8000000000000000e+002 	8.6108646624069069e-007 	-1.3314856708133802e-008 	8.4777160953255692e-007
9.4400000000000000e+002 	8.4903122745909157e-007 	-9.7842265284844404e-009 	8.3924700093060712e-007
1.0080000000000000e+003 	8.3682424583263163e-007 	-6.3124583652257401e-009 	8.3051178746740592e-007
1.0720000000000000e+003 	8.2451099796462916e-007 	-2.9278973812601887e-009 	8.2158310058336895e-007
1.1360000000000000e+003 	8.1213007443339707e-007 	3.4869017444769690e-010 	8.1247876460784482e-007
1.2000000000000000e+003 	7.9971462512043893e-007 	3.5027698796284418e-009 	8.0321739500006733e-007
1.2640000000000000e+003 	7.8729352652817468e-007 	6.5246483482099912e-009 	7.9381817487638464e-007
1.3280000000000000e+003 	7.7489223672275488e-007 	9.4083174268628335e-009 	7.8430055414961773e-007
1.3920000000000000e+003 	7.6253339279337903e-007 	1.2150567129259613e-008 	7.7468395992263859e-007
1.4560000000000000e+003 	7.5023722266790132e-007 	1.4696138797967325e-008 	7.6493336146586862e-007
1.5840000000000000e+003 	7.2610434767503149e-007 	1.9354461781958235e-008 	7.4545880945698971e-007
1.7120000000000000e+003 	7.0205086339165488e-007 	2.3577300417854425e-008 	7.2562816380950926e-007
1.8400000000000000e+003 	6.7871305244075749e-007 	2.7301897526403837e-008 	7.0601494996716129e-007
1.9680000000000000e+003 	6.5598322470904416e-007 	3.0553305880446707e-008 	6.8653653058949085e-007
2.0960000000000000e+003 	6.3391772916804215e-007 	3.3366465753055954e-008 	6.6728419492109814e-007
2.2240000000000000e+003 	6.1255685769145741e-007 	3.5779795592626698e-008 	6.4833665328408413e-007
2.3520000000000000e+003 	5.9192694846140460e-007 	3.7832109219917450e-008 	6.2975905768132208e-007
2.4800000000000000e+003 	5.7204252654620484e-007 	3.9560974971967691e-008 	6.1160350151817250e-007
2.6080000000000000e+003 	5.5290831048386948e-007 	4.1001810769061517e-008 	5.9391012125293104e-007
2.7360000000000000e+003 	5.3452102590201127e-007 	4.2187409892536186e-008 	5.7670843579454742e-007
2.8640000000000000e+003 	5.1687100872746159e-007 	4.3080657673110058e-008 	5.5995166640057166e-007
3.1200000000000000e+003 	4.8400697405236065e-007 	4.4319490957937094e-008 	5.2832646501029776e-007
3.3760000000000000e+003 	4.5322669649658150e-007 	4.5102928056980092e-008 	4.9832962455356160e-007
3.6320000000000000e+003 	4.2529389815604366e-007 	4.5430309520635498e-008 	4.7072420767667915e-007
3.8880000000000000e+003 	3.9970026332108739e-007 	4.5397942340004844e-008 	4.4509820566109220e-007
4.1440000000000000e+003 	3.7624879088902598e-007 	4.5091231205730122e-008 	4.2134002209475611e-007
4.4000000000000000e+003 	3.5474782999614922e-007 	4.4579933013220697e-008 	3.9932776300936993e-007
4.6560000000000000e+003 	3.3501618318158509e-007 	4.3919015405428772e-008 	3.7893519858701387e-007
4.9120000000000000e+003 	3.1688585108258329e-007 	4.3151048107120395e-008 	3.6003689918970368e-007
5.1680000000000000e+003 	3.0020314206411025e-007 	4.2308707476028348e-008 	3.4251184954013862e-007
5.4240000000000000e+003 	2.8482872392372402e-007 	4.1416953443252528e-008 	3.2624567736697654e-007
5.6800000000000000e+003 	2.7063704033809119e-007 	4.0494792020260101e-008 	3.1113183235835130e-007
5.9360000000000000e+003 	2.5751538235618648e-007 	3.9556656406095095e-008 	2.9707203876228156e-007
6.1920000000000000e+003 	2.4536280413169412e-007 	3.8617050481455715e-008 	2.8397985461314982e-007
6.7040000000000000e+003 	2.2386976927103531e-007 	3.6762645334810974e-008 	2.6063241460584629e-007
7.2160000000000000e+003 	2.0458445800140070e-007 	3.4958097109010383e-008 	2.3954255511041105e-007
7.7280000000000000e+003 	1.8809861524307321e-007 	3.3225352374081825e-008 	2.2132396761715502e-007
8.2400000000000000e+003 	1.7366335207348370e-007 	3.1576838940473096e-008 	2.0524019101395678e-007
8.7520000000000000e+003 	1.6095248201729080e-007 	3.0018443015105592e-008 	1.9097092503239641e-007
9.2640000000000000e+003 	1.4969921115723358e-007 	2.8551374744432487e-008 	1.7825058590166607e-007
9.7760000000000000e+003 	1.3968526439774399e-007 	2.7173816203779190e-008 	1.6685908060152317e-007
1.0288000000000000e+004 	1.3073136788492260e-007 	2.5882147896217362e-008 	1.5661351578113997e-007
1.0800000000000000e+004 	1.2268947589512639e-007 	2.4671784999400289e-008 	1.4736126089452668e-007
1.1312000000000000e+004 	1.1543659130258018e-007 	2.3537717071173784e-008 	1.3897430837375397e-007
1.1824000000000000e+004 	1.0886989869462429e-007 	2.2474842236888881e-008 	1.3134474093151318e-007
1.2336000000000000e+004 	1.0290293559693709e-007 	2.1500176118402491e-008 	1.2440311171533958e-007
1.3360000000000000e+004 	9.2626046056158794e-008 	1.9728711602143018e-008 	1.1235475765830181e-007
1.4384000000000000e+004 	8.3589492907061199e-008 	1.8120362167539397e-008 	1.0170985507460059e-007
1.5408000000000000e+004 	7.6099262851434497e-008 	1.6688348662503543e-008 	9.2787611513938037e-008
1.6432000000000000e+004 	6.9682694666159799e-008 	1.5412577953546058e-008 	8.5095272619705864e-008
1.7456000000000000e+004 	6.4136510552304495e-008 	1.4273099598159742e-008 	7.8409610150464233e-008
1.8480000000000000e+004 	5.9303071131288603e-008 	1.3252042883017407e-008 	7.2555114014306009e-008
1.9504000000000000e+004 	5.5059372323228490e-008 	1.2333970518817582e-008 	6.7393342842046077e-008
2.0528000000000000e+004 	5.1308472529412801e-008 	1.1505715028745285e-008 	6.2814187558158091e-008
2.1552000000000000e+004 	4.7973116288157399e-008 	1.0756078044201708e-008 	5.8729194332359104e-008
2.2576000000000000e+004 	4.4991057136466600e-008 	1.0075523922941930e-008 	5.5066581059408530e-008
2.3600000000000000e+004 	4.2311622819945992e-008 	9.4744602191709418e-009 	5.1786083039116936e-008
2.5648000000000000e+004 	3.7762982168775060e-008 	8.4236147491569180e-009 	4.6186596917931979e-008
2.7696000000000000e+004 	3.3815185277495847e-008 	7.5029309032070774e-009 	4.1318116180702922e-008
2.9744000000000000e+004 	3.0597548372386529e-008 	6.7174489834232855e-009 	3.7314997355809817e-008
3.1792000000000000e+004 	2.7874602714850725e-008 	6.0454743297710925e-009 	3.3920077044621818e-008
3.3840000000000000e+004 	2.5544849646497073e-008 	5.4675268606247026e-009 	3.1012376507121776e-008
3.5888000000000000e+004 	2.3531701008441549e-008 	4.9674479472429347e-009 	2.8499148955684484e-008
3.7936000000000000e+004 	2.1776827242752487e-008 	4.5321703716135736e-009 	2.6308997614366063e-008
3.9984000000000000e+004 	2.0235208806178529e-008 	4.1511765819961363e-009 	2.4386385388174664e-008
4.2032000000000000e+004 	1.8871600346964313e-008 	3.8159705445008725e-009 	2.2687570891465185e-008
4.4080000000000000e+004 	1.7658028580797893e-008 	3.5196424625228002e-009 	2.1177671043320693e-008
4.6128000000000000e+004 	1.6572012170750339e-008 	3.2660709304256439e-009 	1.9838083101175983e-008
5.0224000000000000e+004 	1.4735330104607729e-008 	2.8372574718390916e-009 	1.7572587576446822e-008
5.4320000000000000e+004 	1.3152895285089629e-008 	2.4728478690497109e-009 	1.5625743154139341e-008
5.8416000000000000e+004 	1.1868781000801870e-008 	2.1733344026157744e-009 	1.4042115403417645e-008
6.2512000000000000e+004 	1.0786649896022911e-008 	1.9259728014034622e-009 	1.2712622697426373e-008
6.6608000000000000e+004 	9.8640007972313306e-009 	1.7199261941378850e-009 	1.1583926991369215e-008
7.0704000000000000e+004 	9.0690625261940308e-009 	1.5466209793004949e-009 	1.0615683505494526e-008
7.4800000000000000e+004 	8.3778340402754710e-009 	1.3994318205076989e-009 	9.7772658607831695e-009
7.8896000000000000e+004 	7.7719170112445312e-009 	1.2732610352530171e-009 	9.0451780464975491e-009
8.2992000000000000e+004 	7.2369885424713803e-009 	1.1641708908711181e-009 	8.4011594333424988e-009
8.7088000000000000e+004 	6.7617336561970700e-009 	1.0690965140824861e-009 	7.8308301702795557e-009
9.1184000000000000e+004 	6.3370939293360507e-009 	9.8563079698906204e-010 	7.3227247263251127e-009
9.5280000000000000e+004 	5.9557311037639497e-009 	9.1186548031142854e-010 	6.8675965840753781e-009
9.9376000000000000e+004 	5.6116376597957900e-009 	8.4627385116089143e-010 	6.4579115109566811e-009
1.0347200000000000e+005 	5.2998492432124208e-009 	7.8762367874180677e-010 	6.0874729219542275e-009
1.0756800000000000e+005 	5.0162289044594897e-009 	7.3216833891845516e-010 	5.7483972433779449e-009
6000 0
6.0000000000000000e+003 0.0000000000000000e+000 -4.0000000000000000e+002
1
1 1 1 1
1
         t, ms                         dVp, mV                         dVs, mV                         dV, mV
1.0000000000000000e+001 	4.0321322966254878e-007 	-8.0246623134018849e-009 	3.9518856734914690e-007
1.2000000000000000e+001 	4.0339829209407928e-007 	-8.0262116845027496e-009 	3.9537208040957654e-007
1.4000000000000000e+001 	4.0348147668528647e-007 	-8.0273428258034093e-009 	3.9545413385948308e-007
1.6000000000000000e+001 	4.0356156689514480e-007 	-8.0272649014589445e-009 	3.9553430199368588e-007
1.8000000000000000e+001 	4.0364222167132400e-007 	-8.0255200703057209e-009 	3.9561670160101825e-007
2.0000000000000000e+001 	4.0371694591190932e-007 	-8.0222315481983287e-009 	3.9569471436371099e-007
2.2000000000000000e+001 	4.0378388483320729e-007 	-8.0179942955721643e-009 	3.9576589053763513e-007
2.4000000000000000e+001 	4.0384372566797003e-007 	-8.0136246440068731e-009 	3.9583010102396316e-007
2.6000000000000000e+001 	4.0389762813943542e-007 	-8.0099289685340602e-009 	3.9588769917090134e-007
2.8000000000000000e+001 	4.0394659219839194e-007 	-8.0083258202179644e-009 	3.9593826637817395e-007
3.2000000000000000e+001 	4.0543896047438625e-007 	-8.0109701531523201e-009 	3.9742799032123396e-007
3.6000000000000000e+001 	4.0410729939761683e-007 	-8.0200671670117029e-009 	3.9608723223060510e-007
4.0000000000000000e+001 	4.0417142380725869e-007 	-8.0363387456518800e-009 	3.9613508506160683e-007
4.4000000000000000e+001 	4.0422773554956694e-007 	-8.0589305773613775e-009 	3.9616880497220555e-007
4.8000000000000000e+001 	4.0427782897644246e-007 	-8.0866628953647164e-009 	3.9619116608107773e-007
5.2000000000000000e+001 	4.0432296640104148e-007 	-8.1183259648458546e-009 	3.9620464043619561e-007
5.6000000000000000e+001 	4.0436417005153194e-007 	-8.1528327096362818e-009 	3.9621133734189564e-007
6.0000000000000000e+001 	4.0440226327051125e-007 	-8.1892737930470434e-009 	3.9621298947746423e-007
6.4000000000000000e+001 	4.0443788438176488e-007 	-8.2269177248546268e-009 	3.9621096665691024e-007
6.8000000000000000e+001 	4.0447149347209459e-007 	-8.2651864774177474e-009 	3.9620630699467684e-007
7.2000000000000000e+001 	4.0450338327151212e-007 	-8.3034355225028627e-009 	3.9619994774900925e-007
8.0000000000000000e+001 	4.0530690913406931e-007 	-8.3785753019294918e-009 	3.9692833383213981e-007
8.8000000000000000e+001 	4.0461453368646652e-007 	-8.4510204453452543e-009 	3.9616351324112128e-007
9.6000000000000000e+001 	4.0465876159761566e-007 	-8.5194161281724750e-009 	3.9613934546944319e-007
1.0400000000000000e+002 	4.0469364570828519e-007 	-8.5828004623133625e-009 	3.9611084524597182e-007
1.1200000000000000e+002 	4.0471770909482003e-007 	-8.6405040010600470e-009 	3.9607720509375999e-007
1.2000000000000000e+002 	4.0472964289180194e-007 	-8.6921160830576751e-009 	3.9603752680874427e-007
1.2800000000000000e+002 	4.0472842136278039e-007 	-8.7374431076764955e-009 	3.9599097825510387e-007
1.3600000000000000e+002 	4.0471333982855568e-007 	-8.7764677010870647e-009 	3.9593687212746863e-007
1.4400000000000000e+002 	4.0468400477065833e-007 	-8.8093111542549827e-009 	3.9587469361640333e-007
1.5200000000000000e+002 	4.0464029886934578e-007 	-8.8361997906978392e-009 	3.9580409907864794e-007
1.6000000000000000e+002 	4.0458233606489754e-007 	-8.8555424607945901e-009 	3.9572679360410297e-007
1.7600000000000000e+002 	4.0492514899926879e-007 	-8.8789726169656108e-009 	3.9604617638230319e-007
1.9200000000000000e+002 	4.0421767768540248e-007 	-8.8886507664166910e-009 	3.9532902691898580e-007
2.0800000000000000e+002 	4.0396303954817488e-007 	-8.8838943214655583e-009 	3.9507914522670930e-007
2.2400000000000000e+002 	4.0366686204748087e-007 	-8.8669913373209117e-009 	3.9479987071015996e-007
2.4000000000000000e+002 	4.0333425334292480e-007 	-8.8401951034615617e-009 	3.9449405823946324e-007
2.5600000000000000e+002 	4.0297002491369099e-007 	-8.8054551145804509e-009 	3.9416456979911056e-007
2.7200000000000000e+002 	4.0257851666328584e-007 	-8.7643195700824829e-009 	3.9381419709320336e-007
2.8800000000000000e+002 	4.0216351371592716e-007 	-8.7179169156070559e-009 	3.9344559680032012e-007
3.0400000000000000e+002 	4.0172822666554874e-007 	-8.6669783420189508e-009 	3.9306124832352977e-007
3.2000000000000000e+002 	4.0127531211444071e-007 	-8.6118830058036716e-009 	3.9266342910863703e-007
3.3600000000000000e+002 	4.0080691708323040e-007 	-8.5527154157795778e-009 	3.9225420166745082e-007
3.5200000000000000e+002 	4.0032473597951477e-007 	-8.4893278096959988e-009 	3.9183540816981879e-007
3.6800000000000000e+002 	3.9983007266602714e-007 	-8.4192572991154744e-009 	3.9141081536691167e-007
4.0000000000000000e+002 	3.9893222700003099e-007 	-8.2621210702698288e-009 	3.9067010592976117e-007
4.3200000000000000e+002 	3.9774329166050220e-007 	-8.0844990338607211e-009 	3.8965879262664145e-007
4.6400000000000000e+002 	3.9663930353965840e-007 	-7.8802037174247801e-009 	3.8875909982223363e-007
4.9600000000000000e+002 	3.9549668607694109e-007 	-7.6464919333946271e-009 	3.8785019414354645e-007
5.2800000000000000e+002 	3.9431576392151889e-007 	-7.3817230953721385e-009 	3.8693404082614673e-007
5.6000000000000000e+002 	3.9309661532438783e-007 	-7.0853213643296378e-009 	3.8601129396005820e-007
5.9200000000000000e+002 	3.9183938012561538e-007 	-6.7576722945444740e-009 	3.8508170783107088e-007
6.2400000000000000e+002 	3.9054442938239236e-007 	-6.3999583032901532e-009 	3.8414447107910220e-007
6.5600000000000000e+002 	3.8921243077602650e-007 	-6.0139655257690723e-009 	3.8319846525025740e-007
6.8800000000000000e+002 	3.8784434653328919e-007 	-5.6018923683585118e-009 	3.8224245416493068e-007
7.2000000000000000e+002 	3.8644139393080549e-007 	-5.1661796286782467e-009 	3.8127521430212727e-007
7.5200000000000000e+002 	3.8500498993082167e-007 	-4.7031950336188007e-009 	3.8030179489720285e-007
8.1600000000000000e+002 	3.8209035670702118e-007 	-3.7268490073553222e-009 	3.7836350769966586e-007
8.8000000000000000e+002 	3.7896232239391617e-007 	-2.7106046845543534e-009 	3.7625171770936180e-007
9.4400000000000000e+002 	3.7578364335667512e-007 	-1.6571383255935528e-009 	3.7412650503108156e-007
1.0080000000000000e+003 	3.7251709414607162e-007 	-5.7854678916772168e-010 	3.7193854735690390e-007
1.0720000000000000e+003 	3.6917487757293687e-007 	5.1404289132136092e-010 	3.6968892046425825e-007
1.1360000000000000e+003 	3.6576842502914109e-007 	1.6111209131230062e-009 	3.6737954594226411e-007
1.2000000000000000e+003 	3.6230833012536336e-007 	2.7048179083213790e-009 	3.6501314803368475e-007
1.2640000000000000e+003 	3.5880435943420571e-007 	3.7887203943880629e-009 	3.6259307982859375e-007
1.3280000000000000e+003 	3.5526549662878405e-007 	4.8576407989132187e-009 	3.6012313742769729e-007
1.3920000000000000e+003 	3.5169999620835019e-007 	5.9074025436912586e-009 	3.5760739875204145e-007
1.4560000000000000e+003 	3.4811543555436716e-007 	6.9240645859788630e-009 	3.5503950014034602e-007
1.5840000000000000e+003 	3.4100404201985503e-007 	8.8738949487120328e-009 	3.4987793696856707e-007
1.7120000000000000e+003 	3.3373235414073053e-007 	1.0727949069331225e-008 	3.4446030321006178e-007
1.8400000000000000e+003 	3.2657842792364360e-007 	1.2463125302366298e-008 	3.3904155322600990e-007
1.9680000000000000e+003 	3.1949478069495002e-007 	1.4073907537719144e-008 	3.3356868823266914e-007
2.0960000000000000e+003 	3.1250800592500709e-007 	1.5558811391633174e-008 	3.2806681731664028e-007
2.2240000000000000e+003 	3.0563918105888258e-007 	1.6919169187002179e-008 	3.2255835024588477e-007
2.3520000000000000e+003 	2.9890450709166268e-007 	1.8158320463170922e-008 	3.1706282755483363e-007
2.4800000000000000e+003 	2.9231599385235780e-007 	1.9281012293979576e-008 	3.1159700614633739e-007
2.6080000000000000e+003 	2.8588211844009087e-007 	2.0292938306905840e-008 	3.0617505674699673e-007
2.7360000000000000e+003 	2.7960842808796312e-007 	2.1200381555718207e-008 	3.0080880964368133e-007
2.8640000000000000e+003 	2.7349807644877120e-007 	2.1977318109192338e-008 	2.9547539455796354e-007
3.1200000000000000e+003 	2.6187712121250103e-007 	2.3267878059455550e-008 	2.8514499927195660e-007
3.3760000000000000e+003 	2.5068559007565092e-007 	2.4318843919785805e-008 	2.7500443399543672e-007
3.6320000000000000e+003 	2.4022779956845438e-007 	2.5114282245371376e-008 	2.6534208181382576e-007
3.8880000000000000e+003 	2.3036803445118381e-007 	2.5688819471398420e-008 	2.5605685392258225e-007
4.1440000000000000e+003 	2.2107431067462029e-007 	2.6077280384618688e-008 	2.4715159105923898e-007
4.4000000000000000e+003 	2.1231284582073482e-007 	2.6311205239831677e-008 	2.3862405106056649e-007
4.6560000000000000e+003 	2.0404982705485580e-007 	2.6417929849199306e-008 	2.3046775690405511e-007
4.9120000000000000e+003 	1.9625249978320641e-007 	2.6420627683991085e-008 	2.2267312746719750e-007
5.1680000000000000e+003 	1.8888976439084730e-007 	2.6338701486887243e-008 	2.1522846587773455e-007
5.4240000000000000e+003 	1.8193244838767473e-007 	2.6188277967708353e-008 	2.0812072635538308e-007
5.6800000000000000e+003 	1.7535337974570419e-007 	2.5982702693243487e-008 	2.0133608243894767e-007
5.9360000000000000e+003 	1.6912734727412759e-007 	2.5732992823873062e-008 	1.9486034009800065e-007
6.1920000000000000e+003 	1.6323100273592101e-007 	2.5439960072937202e-008 	1.8867096280885821e-007
6.7040000000000000e+003 	1.5243847059939968e-007 	2.4784462455209006e-008 	1.7722293305460868e-007
7.2160000000000000e+003 	1.4248263174127401e-007 	2.4083513175299877e-008 	1.6656614491657388e-007
7.7280000000000000e+003 	1.3359934950300670e-007 	2.3346105103761860e-008 	1.5694545460676857e-007
8.2400000000000000e+003 	1.2555510445662638e-007 	2.2591317478136916e-008 	1.4814642193476330e-007
8.7520000000000000e+003 	1.1825098649191458e-007 	2.1833907250455687e-008 	1.4008489374237026e-007
9.2640000000000000e+003 	1.1160102840170118e-007 	2.1084449068361124e-008 	1.3268547747006232e-007
9.7760000000000000e+003 	1.0553064309557258e-007 	2.0350170968890500e-008 	1.2588081406446307e-007
1.0288000000000000e+004 	9.9975074364433091e-008 	1.9635815202901993e-008 	1.1961088956733509e-007
1.0800000000000000e+004 	9.4878008220141865e-008 	1.8944339810255895e-008 	1.1382234803039775e-007
1.1312000000000000e+004 	9.0190370383317912e-008 	1.8277443375076871e-008 	1.0846781375839479e-007
1.1824000000000000e+004 	8.5869297871362809e-008 	1.7635943406372968e-008 	1.0350524127773578e-007
1.2336000000000000e+004 	8.1877263254623703e-008 	1.7029659854362963e-008 	9.8906923108986669e-008
1.3360000000000000e+004 	7.4834758337956806e-008 	1.5893964350028542e-008 	9.0728722687985348e-008
1.4384000000000000e+004 	6.8530701549612291e-008 	1.4834661219188151e-008 	8.3365362768800437e-008
1.5408000000000000e+004 	6.3151515923329701e-008 	1.3861977954062831e-008 	7.7013493877392532e-008
1.6432000000000000e+004 	5.8444838225649405e-008 	1.2970771364263272e-008 	7.1415609589912675e-008
1.7456000000000000e+004 	5.4300381919339493e-008 	1.2154564577963297e-008 	6.6454946497302795e-008
1.8480000000000000e+004 	5.0629086185354199e-008 	1.1406677340205212e-008 	6.2035763525559407e-008
1.9504000000000000e+004 	4.7358845657775903e-008 	1.0720699947903499e-008 	5.8079545605679404e-008
2.0528000000000000e+004 	4.4430930480012235e-008 	1.0090688507230380e-008 	5.4521618987242616e-008
2.1552000000000000e+004 	4.1797155518101255e-008 	9.5112298839737020e-009 	5.1308385402074958e-008
2.2576000000000000e+004 	3.9417687805309671e-008 	8.9774433868194930e-009 	4.8395131192129164e-008
2.3600000000000000e+004 	3.7259356051785117e-008 	8.4980529079599985e-009 	4.5757408959745115e-008
2.5648000000000000e+004 	3.3546703931608741e-008 	7.6456697276311793e-009 	4.1192373659239918e-008
2.7696000000000000e+004 	3.0291839647750866e-008 	6.8876392131407940e-009 	3.7179478860891662e-008
2.9744000000000000e+004 	2.7596183488349487e-008 	6.2294264310826616e-009 	3.3825609919432148e-008
3.1792000000000000e+004 	2.5288590386613409e-008 	5.6571354521751318e-009 	3.0945725838788544e-008
3.3840000000000000e+004 	2.3294496373081130e-008 	5.1577291788609911e-009 	2.8452225551942121e-008
3.5888000000000000e+004 	2.1556463244415609e-008 	4.7199983770980668e-009 	2.6276461621513675e-008
3.7936000000000000e+004 	2.0029920557833091e-008 	4.3345875989273391e-009 	2.4364508156760429e-008
3.9984000000000000e+004 	1.8679896224624759e-008 	3.9937547590135237e-009 	2.2673650983638281e-008
4.2032000000000000e+004 	1.7478614592788520e-008 	3.6910914798908149e-009 	2.1169706072679334e-008
4.4080000000000000e+004 	1.6403753340874642e-008 	3.4212729527872751e-009 	1.9825026293661918e-008
4.6128000000000000e+004 	1.5437174999455617e-008 	3.1881709759857591e-009 	1.8625345975441376e-008
5.0224000000000000e+004 	1.3791820533804049e-008 	2.7901335040427808e-009 	1.6581954037846829e-008
5.4320000000000000e+004 	1.2366138022811448e-008 	2.4489820347142588e-009 	1.4815120057525707e-008
5.8416000000000000e+004 	1.1199944953649401e-008 	2.1656515070568308e-009 	1.3365596460706232e-008
6.2512000000000000e+004 	1.0211331567147051e-008 	1.9293811822358358e-009 	1.2140712749382886e-008
6.6608000000000000e+004 	9.3640744353186510e-009 	1.7308564753282882e-009 	1.1094930910646940e-008
7.0704000000000000e+004 	8.6308231646106404e-009 	1.5625891733855099e-009 	1.0193412337996151e-008
7.4800000000000000e+004 	7.9907277919672701e-009 	1.4187084533082531e-009 	9.4094362452755225e-009
7.8896000000000000e+004 	7.4276767202234897e-009 	1.2946379607060433e-009 	8.7223146809295326e-009
8.2992000000000000e+004 	6.9290392106996090e-009 	1.1868008596652478e-009 	8.1158400703648566e-009
8.7088000000000000e+004 	6.4847761315985298e-009 	1.0923836026388021e-009 	7.5771597342373317e-009
9.1184000000000000e+004 	6.0868074424412798e-009 	1.0091554962885298e-009 	7.0959629387298098e-009
9.5280000000000000e+004 	5.7285564314428494e-009 	9.3533314722933381e-010 	6.6638895786721832e-009
9.9376000000000000e+004 	5.4046161353904505e-009 	8.6947890330723512e-010 	6.2740950386976855e-009
1.0347200000000000e+005 	5.1105012700873905e-009 	8.1042446442637828e-010 	5.9209257345137686e-009
1.0756800000000000e+005 	4.8424609633561397e-009 	7.5450741442169516e-010 	5.5969683777778345e-009
2000 0
2.0000000000000000e+003 0.0000000000000000e+000 -3.9750000000000000e+002
1
1 1 1 1
1
         t, ms                         dVp, mV                         dVs, mV                         dV, mV
1.0000000000000000e+001 	-4.4389403772470997e-007 	-1.0331384229767062e-007 	-5.4720788002238054e-007
1.2000000000000000e+001 	-4.4389403783187399e-007 	-1.0333601397152944e-007 	-5.4723005180340343e-007
1.4000000000000000e+001 	-4.4389403794095002e-007 	-1.0335804026502071e-007 	-5.4725207820597073e-007
1.6000000000000000e+001 	-4.4389403805117701e-007 	-1.0337998697521377e-007 	-5.4727402502639073e-007
1.8000000000000000e+001 	-4.4389403816263400e-007 	-1.0340220242974395e-007 	-5.4729624059237795e-007
2.0000000000000000e+001 	-4.4389403827555398e-007 	-1.0342490495564148e-007 	-5.4731894323119546e-007
2.2000000000000000e+001 	-4.4389403838910801e-007 	-1.0344821995388429e-007 	-5.4734225834299224e-007
2.4000000000000000e+001 	-4.4389403850345401e-007 	-1.0347221405025759e-007 	-5.4736625255371160e-007
2.6000000000000000e+001 	-4.4389403861888698e-007 	-1.0349692112795862e-007 	-5.4739095974684564e-007
2.8000000000000000e+001 	-4.4389403873519100e-007 	-1.0352265872216925e-007 	-5.4741669745736025e-007
3.2000000000000000e+001 	-4.4389403896995699e-007 	-1.0357651824069352e-007 	-5.4747055721065050e-007
3.6000000000000000e+001 	-4.4389403920800803e-007 	-1.0363297837027679e-007 	-5.4752701757828476e-007
4.0000000000000000e+001 	-4.4389403944963000e-007 	-1.0369263021053195e-007 	-5.4758666966016190e-007
4.4000000000000000e+001 	-4.4389403969424300e-007 	-1.0375558695548779e-007 	-5.4764962664973079e-007
4.8000000000000000e+001 	-4.4389403994051598e-007 	-1.0382184570854307e-007 	-5.4771588564905910e-007
5.2000000000000000e+001 	-4.4389404018317699e-007 	-1.0389129019556607e-007 	-5.4778533037874306e-007
5.6000000000000000e+001 	-4.4389404040678702e-007 	-1.0396369834419830e-007 	-5.4785773875098532e-007
6.0000000000000000e+001 	-4.4389404056956102e-007 	-1.0403875944973158e-007 	-5.4793280001929261e-007
6.4000000000000000e+001 	-4.4389404056892099e-007 	-1.0411609747428449e-007 	-5.4801013804320548e-007
6.8000000000000000e+001 	-4.4389404017115098e-007 	-1.0419529577735864e-007 	-5.4808933594850967e-007
7.2000000000000000e+001 	-4.4389403888067299e-007 	-1.0427613007811594e-007 	-5.4817016895878888e-007
8.0000000000000000e+001 	-4.4389402266356399e-007 	-1.0443965181064293e-007 	-5.4833367447420692e-007
8.8000000000000000e+001 	-4.4389395410256598e-007 	-1.0460297323941260e-007 	-5.4849692734197864e-007
9.6000000000000000e+001 	-4.4389373498602600e-007 	-1.0476436456671686e-007 	-5.4865809955274287e-007
1.0400000000000000e+002 	-4.4389314908377100e-007 	-1.0492182118605243e-007 	-5.4881497026982344e-007
1.1200000000000000e+002 	-4.4389177603315602e-007 	-1.0507368651796049e-007 	-5.4896546255111651e-007
1.2000000000000000e+002 	-4.4388887658925301e-007 	-1.0521869480313045e-007 	-5.4910757139238346e-007
1.2800000000000000e+002 	-4.4388325482359499e-007 	-1.0535594241919087e-007 	-5.4923919724278586e-007
1.3600000000000000e+002 	-4.4387310858374098e-007 	-1.0548483399144108e-007 	-5.4935794257518205e-007
1.4400000000000000e+002 	-4.4385588374838500e-007 	-1.0560502471649178e-007 	-5.4946090846487673e-007
1.5200000000000000e+002 	-4.4382814944148102e-007 	-1.0571636837240188e-007 	-5.4954451781388284e-007
1.6000000000000000e+002 	-4.4378551008353799e-007 	-1.0581560348114183e-007 	-5.4960111356467982e-007
1.7600000000000000e+002 	-4.4362327248547700e-007 	-1.0598793153437376e-007 	-5.4961120401985073e-007
1.9200000000000000e+002 	-4.4331782101908901e-007 	-1.0613474687155018e-007 	-5.4945256789063924e-007
2.0800000000000000e+002 	-4.4280579571101298e-007 	-1.0625322744094827e-007 	-5.4905902315196128e-007
2.2400000000000000e+002 	-4.4201763724960397e-007 	-1.0634595888263734e-007 	-5.4836359613224131e-007
2.4000000000000000e+002 	-4.4088333631360801e-007 	-1.0641598275862916e-007 	-5.4729931907223720e-007
2.5600000000000000e+002 	-4.3933781502450602e-007 	-1.0646621131426986e-007 	-5.4580402633877583e-007
2.7200000000000000e+002 	-4.3732538986376297e-007 	-1.0649906267475835e-007 	-5.4382445253852127e-007
2.8800000000000000e+002 	-4.3480293514933102e-007 	-1.0651622812683101e-007 	-5.4131916327616203e-007
3.0400000000000000e+002 	-4.3174162586574601e-007 	-1.0651854784959522e-007 	-5.3826017371534118e-007
3.2000000000000000e+002 	-4.2812736001816998e-007 	-1.0650598340463296e-007 	-5.3463334342280292e-007
3.3600000000000000e+002 	-4.2396010148423999e-007 	-1.0647767193206064e-007 	-5.3043777341630065e-007
3.5200000000000000e+002 	-4.1925244468471298e-007 	-1.0643204193435111e-007 	-5.2568448661906414e-007
3.6800000000000000e+002 	-4.1402770109934398e-007 	-1.0635725978169362e-007 	-5.2038496088103761e-007
4.0000000000000000e+002 	-4.0221619652206402e-007 	-1.0613094558389511e-007 	-5.0834714210595914e-007
4.3200000000000000e+002 	-3.8881845197144700e-007 	-1.0580939690675798e-007 	-4.9462784887820493e-007
4.6400000000000000e+002 	-3.7417343716655902e-007 	-1.0536174654587437e-007 	-4.7953518371243334e-007
4.9600000000000000e+002 	-3.5862724076036498e-007 	-1.0477246337783757e-007 	-4.6339970413820255e-007
5.2800000000000000e+002 	-3.4250642979579701e-007 	-1.0403127351146873e-007 	-4.4653770330726576e-007
5.6000000000000000e+002 	-3.2610182620440202e-007 	-1.0313323633918129e-007 	-4.2923506254358332e-007
5.9200000000000000e+002 	-3.0966072282055100e-007 	-1.0207846534814193e-007 	-4.1173918816869294e-007
6.2400000000000000e+002 	-2.9338525452217802e-007 	-1.0087150159971017e-007 	-3.9425675612188817e-007
6.5600000000000000e+002 	-2.7743474629355200e-007 	-9.9520479695058783e-008 	-3.7695522598861080e-007
6.8800000000000000e+002 	-2.6193026119225103e-007 	-9.8036228276140468e-008 	-3.5996648946839147e-007
7.2000000000000000e+002 	-2.4696006448541299e-007 	-9.6431409969764606e-008 	-3.4339147445517757e-007
7.5200000000000000e+002 	-2.3258517301010000e-007 	-9.4689753128680518e-008 	-3.2727492613878055e-007
8.1600000000000000e+002 	-2.0577231171354499e-007 	-9.0961175483079502e-008 	-2.9673348719662449e-007
8.8000000000000000e+002 	-1.8156019074180601e-007 	-8.7051454831462770e-008 	-2.6861164557326878e-007
9.4400000000000000e+002 	-1.5990821905038600e-007 	-8.2988370380388012e-008 	-2.4289658943077401e-007
1.0080000000000000e+003 	-1.4069041000128101e-007 	-7.8846100993328927e-008 	-2.1953651099460992e-007
1.0720000000000000e+003 	-1.2372791546619401e-007 	-7.4691775869970278e-008 	-1.9841969133616429e-007
1.1360000000000000e+003 	-1.0881635058093500e-007 	-7.0581228679466823e-008 	-1.7939757926040184e-007
1.2000000000000000e+003 	-9.5745038789602201e-008 	-6.6558486896879005e-008 	-1.6230352568648121e-007
1.2640000000000000e+003 	-8.4309165241244003e-008 	-6.2656755570417941e-008 	-1.4696592081166193e-007
1.3280000000000000e+003 	-7.4316710871899197e-008 	-5.8899928023393788e-008 	-1.3321663889529297e-007
1.3920000000000000e+003 	-6.5591877477524896e-008 	-5.5304186869468650e-008 	-1.2089606434699355e-007
1.4560000000000000e+003 	-5.7976292174875302e-008 	-5.1947930440198735e-008 	-1.0992422261507404e-007
1.5840000000000000e+003 	-4.5378772701530103e-008 	-4.5779029293827062e-008 	-9.1157801995357172e-008
1.7120000000000000e+003 	-3.5746096539710698e-008 	-4.0166262397477709e-008 	-7.5912358937188408e-008
1.8400000000000000e+003 	-2.8395456097434200e-008 	-3.5189594567243210e-008 	-6.3585050664677414e-008
1.9680000000000000e+003 	-2.2777475105922700e-008 	-3.0813590429288840e-008 	-5.3591065535211536e-008
2.0960000000000000e+003 	-1.8467235727419700e-008 	-2.6986765211796793e-008 	-4.5454000939216494e-008
2.2240000000000000e+003 	-1.5142509090962899e-008 	-2.3652057143891436e-008 	-3.8794566234854335e-008
2.3520000000000000e+003 	-1.2561353711338601e-008 	-2.0752419440764262e-008 	-3.3313773152102865e-008
2.4800000000000000e+003 	-1.0542907975915499e-008 	-1.8233840494839700e-008 	-2.8776748470755199e-008
2.6080000000000000e+003 	-8.9521034780317998e-009 	-1.6046857523123702e-008 	-2.4998961001155500e-008
2.7360000000000000e+003 	-7.6879456499223203e-009 	-1.4147158223735681e-008 	-2.1835103873658002e-008
2.8640000000000000e+003 	-6.6747115695986600e-009 	-1.2566891045940302e-008 	-1.9241602615538962e-008
3.1200000000000000e+003 	-5.1410560839528202e-009 	-9.9910146131515708e-009 	-1.5132070697104392e-008
3.3760000000000000e+003 	-4.1072006761176697e-009 	-7.8900805283655509e-009 	-1.1997281204483221e-008
3.6320000000000000e+003 	-3.3954987474891600e-009 	-6.2601223397201232e-009 	-9.6556210872092836e-009
3.8880000000000000e+003 	-2.8891775724545901e-009 	-4.9982461082861794e-009 	-7.8874236807407695e-009
4.1440000000000000e+003 	-2.5150635964784201e-009 	-4.0173743246381973e-009 	-6.5324379211166174e-009
4.4000000000000000e+003 	-2.2281335122895300e-009 	-3.2495101466755143e-009 	-5.4776436589650439e-009
4.6560000000000000e+003 	-2.0006338636973999e-009 	-2.6433115924260392e-009 	-4.6439454561234395e-009
4.9120000000000000e+003 	-1.8151674907361000e-009 	-2.1605047585137155e-009 	-3.9756722492498159e-009
5.1680000000000000e+003 	-1.6605262309821000e-009 	-1.7726189906030509e-009 	-3.4331452215851507e-009
5.4240000000000000e+003 	-1.5292425868095900e-009 	-1.4584007544201720e-009 	-2.9876433412297618e-009
5.6800000000000000e+003 	-1.4161614766551101e-009 	-1.2018790232381000e-009 	-2.6180404998932101e-009
5.9360000000000000e+003 	-1.3176009261876601e-009 	-9.9095372343348962e-010 	-2.3085546496211497e-009
6.1920000000000000e+003 	-1.2308495100555400e-009 	-8.2551688050528412e-010 	-2.0563663905608242e-009
6.7040000000000000e+003 	-1.0832928346895800e-009 	-5.7128721825724380e-010 	-1.6545800529468238e-009
7.2160000000000000e+003 	-9.6424631007086100e-010 	-3.7416591996206403e-010 	-1.3384122300329250e-009
7.7280000000000000e+003 	-8.6652080145269797e-010 	-2.3104621551741568e-010 	-1.0975670169701136e-009
8.2400000000000000e+003 	-7.8491997634483800e-010 	-1.2724318056258887e-010 	-9.1216315690742687e-010
8.7520000000000000e+003 	-7.1575412291820199e-010 	-5.1491345435564659e-011 	-7.6724546835376665e-010
9.2640000000000000e+003 	-6.5638175020852200e-010 	4.2359367544837502e-012 	-6.5214581345403825e-010
9.7760000000000000e+003 	-6.0487350239792099e-010 	4.5521633852743512e-011 	-5.5935186854517748e-010
1.0288000000000000e+004 	-5.5978640407293598e-010 	7.6250731844849511e-011 	-4.8353567222808647e-010
1.0800000000000000e+004 	-5.2001634753560304e-010 	9.9157221269756899e-011 	-4.2085912626584614e-010
1.1312000000000000e+004 	-4.8470140799224599e-010 	1.1619402927232772e-010 	-3.6850737871991827e-010
1.1824000000000000e+004 	-4.5315721766234399e-010 	1.2877793526146812e-010 	-3.2437928240087588e-010
1.2336000000000000e+004 	-4.2483259429889200e-010 	1.3720858930792477e-010 	-2.8762400499096723e-010
1.3360000000000000e+004 	-3.7570384837644101e-010 	1.4738154411558233e-010 	-2.2832230426085867e-010
1.4384000000000000e+004 	-3.3508262235314798e-010 	1.5278188234520062e-010 	-1.8230074000794736e-010
1.5408000000000000e+004 	-3.0111906629358998e-010 	1.5397291673773803e-010 	-1.4714614955585195e-010
1.6432000000000000e+004 	-2.7238958291539798e-010 	1.5245451530863078e-010 	-1.1993506760676720e-010
1.7456000000000000e+004 	-2.4782242383306599e-010 	1.4927748344339249e-010 	-9.8544940389673502e-011
1.8480000000000000e+004 	-2.2661033915354101e-010 	1.4512298648924850e-010 	-8.1487352664292508e-011
1.9504000000000000e+004 	-2.0813885914628600e-010 	1.4042984017026377e-010 	-6.7709018976022232e-011
2.0528000000000000e+004 	-1.9193348996202400e-010 	1.3548199547028312e-010 	-5.6451494491740876e-011
2.1552000000000000e+004 	-1.7762229346833700e-010 	1.3046216991592488e-010 	-4.7160123552412120e-011
2.2576000000000000e+004 	-1.6490957095309999e-010 	1.2548629358699714e-010 	-3.9423277366102852e-011
2.3600000000000000e+004 	-1.5355721924935201e-010 	1.2073121181921291e-010 	-3.2826007430139095e-011
2.5648000000000000e+004 	-1.3401164549626401e-010 	1.1175780253265928e-010 	-2.2253842963604728e-011
2.7696000000000000e+004 	-1.1802490700368901e-010 	1.0331469384955892e-010 	-1.4710213154130095e-011
2.9744000000000000e+004 	-1.0480334876420600e-010 	9.5602900433154839e-011 	-9.2004483310511661e-012
3.1792000000000000e+004 	-9.3738556290796906e-011 	8.8642194250882668e-011 	-5.0963620399142376e-012
3.3840000000000000e+004 	-8.4374670359142599e-011 	8.2377450004486930e-011 	-1.9972203546556690e-012
3.5888000000000000e+004 	-7.6370232383241795e-011 	7.6735953821651189e-011 	3.6572143840939482e-013
3.7936000000000000e+004 	-6.9466912412515897e-011 	7.1648584888581108e-011 	2.1816724760652109e-012
3.9984000000000000e+004 	-6.3466516068140405e-011 	6.7052544845035525e-011 	3.5860287768951192e-012
4.2032000000000000e+004 	-5.8214718146598901e-011 	6.2891267047498795e-011 	4.6765489008998934e-012
4.4080000000000000e+004 	-5.3589649092917499e-011 	5.9114416571222891e-011 	5.5247674783053918e-012
4.6128000000000000e+004 	-4.9493832479202502e-011 	5.5797415170707245e-011 	6.3035826915047425e-012
5.0224000000000000e+004 	-4.2516248450378102e-011 	4.9999491049213193e-011 	7.4832425988350912e-012
5.4320000000000000e+004 	-3.6895675598225602e-011 	4.4882954637326574e-011 	7.9872790391009723e-012
5.8416000000000000e+004 	-3.2315866368480602e-011 	4.0521230407053697e-011 	8.2053640385730952e-012
6.2512000000000000e+004 	-2.8536913581207899e-011 	3.6796928220717225e-011 	8.2600146395093266e-012
6.6608000000000000e+004 	-2.5381121392573900e-011 	3.3593112057742555e-011 	8.2119906651686543e-012
7.0704000000000000e+004 	-2.2716978416247001e-011 	3.0815180807514018e-011 	8.0982023912670174e-012
7.4800000000000000e+004 	-2.0446182998903002e-011 	2.8388935253193114e-011 	7.9427522542901120e-012
7.8896000000000000e+004 	-1.8494198596281199e-011 	2.6255584908098424e-011 	7.7613863118172248e-012
8.2992000000000000e+004 	-1.6803637341466201e-011 	2.4368117580575177e-011 	7.5644802391089756e-012
8.7088000000000000e+004 	-1.5329663418825099e-011 	2.2688672074416280e-011 	7.3590086555911809e-012
9.1184000000000000e+004 	-1.4036778201058100e-011 	2.1186529234152820e-011 	7.1497510330947201e-012
9.5280000000000000e+004 	-1.2896540176645501e-011 	1.9836567333907062e-011 	6.9400271572615620e-012
9.9376000000000000e+004 	-1.1885920606454301e-011 	1.8618079036287449e-011 	6.7321584298331486e-012
1.0347200000000000e+005 	-1.0986097435752900e-011 	1.7513864400298219e-011 	6.5277669645453192e-012
1.0756800000000000e+005 	-1.0181556531135300e-011 	1.6462875821394949e-011 	6.2813192902596483e-012
4000 0
4.0000000000000000e+003 0.0000000000000000e+000 -3.9750000000000000e+002
1
1 1 1 1
1
         t, ms                         dVp, mV                         dVs, mV                         dV, mV
1.0000000000000000e+001 	-3.6306879974845097e-008 	7.3983715730342467e-009 	-2.8908508401810850e-008
1.2000000000000000e+001 	-3.6306879976492100e-008 	7.3972485162560957e-009 	-2.8909631460236004e-008
1.4000000000000000e+001 	-3.6306879978130500e-008 	7.3957302311254289e-009 	-2.8911149747005071e-008
1.6000000000000000e+001 	-3.6306879979815003e-008 	7.3934997859316456e-009 	-2.8913380193883358e-008
1.8000000000000000e+001 	-3.6306879981494901e-008 	7.3906935102967341e-009 	-2.8916186471198167e-008
2.0000000000000000e+001 	-3.6306879983138403e-008 	7.3874146659940592e-009 	-2.8919465317144344e-008
2.2000000000000000e+001 	-3.6306879984833197e-008 	7.3837455649325780e-009 	-2.8923134419900619e-008
2.4000000000000000e+001 	-3.6306879986494301e-008 	7.3797542273122614e-009 	-2.8927125759182040e-008
2.6000000000000000e+001 	-3.6306879988153103e-008 	7.3754969678142050e-009 	-2.8931383020338898e-008
2.8000000000000000e+001 	-3.6306879989817701e-008 	7.3709570831207425e-009 	-2.8935922906696959e-008
3.2000000000000000e+001 	-3.6306879993557299e-008 	7.3613637856960114e-009 	-2.8945516207861288e-008
3.6000000000000000e+001 	-3.6306879997283099e-008 	7.3513353670161418e-009 	-2.8955544630266957e-008
4.0000000000000000e+001 	-3.6306880000953200e-008 	7.3408460191717536e-009 	-2.8966033981781447e-008
4.4000000000000000e+001 	-3.6306880004505398e-008 	7.3299592395178990e-009 	-2.8976920764987499e-008
4.8000000000000000e+001 	-3.6306880008030200e-008 	7.3187397236369960e-009 	-2.8988140284393204e-008
5.2000000000000000e+001 	-3.6306880011514100e-008 	7.3072552145904229e-009 	-2.8999624796923677e-008
5.6000000000000000e+001 	-3.6306880015047101e-008 	7.2955767941257988e-009 	-2.9011303220921302e-008
6.0000000000000000e+001 	-3.6306880018509301e-008 	7.2837764429573975e-009 	-2.9023103575551904e-008
6.4000000000000000e+001 	-3.6306880022021603e-008 	7.2719233162894867e-009 	-2.9034956705732116e-008
6.8000000000000000e+001 	-3.6306880025538398e-008 	7.2600802275708059e-009 	-2.9046799797967592e-008
7.2000000000000000e+001 	-3.6306880029065403e-008 	7.2483557859532728e-009 	-2.9058524243112130e-008
8.0000000000000000e+001 	-3.6306880035967901e-008 	7.2253208746657656e-009 	-2.9081559161302136e-008
8.8000000000000000e+001 	-3.6306880042963401e-008 	7.2028392991587889e-009 	-2.9104040743804612e-008
9.6000000000000000e+001 	-3.6306880049870703e-008 	7.1810650045437634e-009 	-2.9125815045326939e-008
1.0400000000000000e+002 	-3.6306880056351901e-008 	7.1600351711201508e-009 	-2.9146844885231750e-008
1.1200000000000000e+002 	-3.6306880063051098e-008 	7.1397408190813956e-009 	-2.9167139243969702e-008
1.2000000000000000e+002 	-3.6306880074544197e-008 	7.1201474556477726e-009 	-2.9186732618896424e-008
1.2800000000000000e+002 	-3.6306880102236900e-008 	7.1012114546818098e-009 	-2.9205668647555090e-008
1.3600000000000000e+002 	-3.6306880159876698e-008 	7.0828910022267037e-009 	-2.9223989157649994e-008
1.4400000000000000e+002 	-3.6306880237613703e-008 	7.0651521348387641e-009 	-2.9241728102774939e-008
1.5200000000000000e+002 	-3.6306880232679101e-008 	7.0479710750127600e-009 	-2.9258909157666340e-008
1.6000000000000000e+002 	-3.6306879811435799e-008 	7.0315447044300470e-009 	-2.9275335107005752e-008
1.7600000000000000e+002 	-3.6306869040102500e-008 	7.0003785748043182e-009 	-2.9306490465298182e-008
1.9200000000000000e+002 	-3.6306820735212102e-008 	6.9709940203844912e-009 	-2.9335826714827611e-008
2.0800000000000000e+002 	-3.6306674877727797e-008 	6.9437446856399482e-009 	-2.9362930192087849e-008
2.2400000000000000e+002 	-3.6306322232375103e-008 	6.9186298953646619e-009 	-2.9387692337010441e-008
2.4000000000000000e+002 	-3.6305589198026098e-008 	6.8955518678981846e-009 	-2.9410037330127913e-008
2.5600000000000000e+002 	-3.6304226988956002e-008 	6.8743123539053533e-009 	-2.9429914635050649e-008
2.7200000000000000e+002 	-3.6301907283703101e-008 	6.8546121933879843e-009 	-2.9447295090315117e-008
2.8800000000000000e+002 	-3.6298225124280797e-008 	6.8360597141836362e-009 	-2.9462165410097161e-008
3.0400000000000000e+002 	-3.6292708523602997e-008 	6.8181873627577335e-009 	-2.9474521160845264e-008
3.2000000000000000e+002 	-3.6284833269755602e-008 	6.8004737116299693e-009 	-2.9484359558125633e-008
3.3600000000000000e+002 	-3.6274040921975303e-008 	6.7823676026108257e-009 	-2.9491673319364477e-008
3.5200000000000000e+002 	-3.6259757948605201e-008 	6.7633116435815582e-009 	-2.9496446305023643e-008
3.6800000000000000e+002 	-3.6241414232004501e-008 	6.7417946774377695e-009 	-2.9499619554566732e-008
4.0000000000000000e+002 	-3.6189761897117901e-008 	6.6912407775603709e-009 	-2.9498521119557530e-008
4.3200000000000000e+002 	-3.6115820072771399e-008 	6.6306574595083608e-009 	-2.9485162613263038e-008
4.6400000000000000e+002 	-3.6016713195743102e-008 	6.5566356902351015e-009 	-2.9460077505508001e-008
4.9600000000000000e+002 	-3.5890269090315102e-008 	6.4675146751356435e-009 	-2.9422754415179458e-008
5.2800000000000000e+002 	-3.5735088500800498e-008 	6.3623962780858481e-009 	-2.9372692222714650e-008
5.6000000000000000e+002 	-3.5550494936285698e-008 	6.2410562716305629e-009 	-2.9309438664655135e-008
5.9200000000000000e+002 	-3.5336428000312797e-008 	6.1038312833762112e-009 	-2.9232596716936586e-008
6.2400000000000000e+002 	-3.5093317371759902e-008 	5.9514985614010080e-009 	-2.9141818810358894e-008
6.5600000000000000e+002 	-3.4821960044712698e-008 	5.7851620471638472e-009 	-2.9036797997548851e-008
6.8800000000000000e+002 	-3.4523413408521198e-008 	5.6061521712072023e-009 	-2.8917261237313996e-008
7.2000000000000000e+002 	-3.4198909557858098e-008 	5.4159420803810329e-009 	-2.8782967477477065e-008
7.5200000000000000e+002 	-3.3849791364927699e-008 	5.2135977075137401e-009 	-2.8636193657413959e-008
8.1600000000000000e+002 	-3.3085329288327398e-008 	4.7884834218511784e-009 	-2.8296845866476220e-008
8.8000000000000000e+002 	-3.2240399866461998e-008 	4.3503106612430387e-009 	-2.7890089205218959e-008
9.4400000000000000e+002 	-3.1326343872838202e-008 	3.9035273615611962e-009 	-2.7422816511277006e-008
1.0080000000000000e+003 	-3.0354799716302598e-008 	3.4565318040188326e-009 	-2.6898267912283766e-008
1.0720000000000000e+003 	-2.9337400814549500e-008 	3.0168963937536084e-009 	-2.6320504420795892e-008
1.1360000000000000e+003 	-2.8285575854813100e-008 	2.5909171519179431e-009 	-2.5694658702895157e-008
1.2000000000000000e+003 	-2.7210365306181900e-008 	2.1835255668838035e-009 	-2.5026839739298097e-008
1.2640000000000000e+003 	-2.6122238168875500e-008 	1.7983587356762179e-009 	-2.4323879433199282e-008
1.3280000000000000e+003 	-2.5030919319430499e-008 	1.4378984835195464e-009 	-2.3593020835910953e-008
1.3920000000000000e+003 	-2.3945243586771600e-008 	1.1036364159517325e-009 	-2.2841607170819868e-008
1.4560000000000000e+003 	-2.2873049118402701e-008 	8.0639213708022218e-010 	-2.2066656981322478e-008
1.5840000000000000e+003 	-2.0801313679241401e-008 	2.9279538127520082e-010 	-2.0508518297966200e-008
1.7120000000000000e+003 	-1.8848450039493899e-008 	-1.4171691190334041e-010 	-1.8990166951397240e-008
1.8400000000000000e+003 	-1.7038293541027701e-008 	-4.8899221344072487e-010 	-1.7527285754468426e-008
1.9680000000000000e+003 	-1.5384109741170600e-008 	-7.5807436639548301e-010 	-1.6142184107566083e-008
2.0960000000000000e+003 	-1.3889832326436800e-008 	-9.5983293613262525e-010 	-1.4849665262569425e-008
2.2240000000000000e+003 	-1.2552216485945201e-008 	-1.1052651461205345e-009 	-1.3657481632065735e-008
2.3520000000000000e+003 	-1.1363055140274000e-008 	-1.2046370843824661e-009 	-1.2567692224656466e-008
2.4800000000000000e+003 	-1.0311102506338601e-008 	-1.2670748814787029e-009 	-1.1578177387817304e-008
2.6080000000000000e+003 	-9.3835874415152096e-009 	-1.3004198465763961e-009 	-1.0684007288091606e-008
2.7360000000000000e+003 	-8.5673166558050004e-009 	-1.3112395727866607e-009 	-9.8785562285916611e-009
2.8640000000000000e+003 	-7.8494219806729698e-009 	-1.3013027302985051e-009 	-9.1507247109714758e-009
3.1200000000000000e+003 	-6.6484391481709304e-009 	-1.2504533477251634e-009 	-7.8988924958960929e-009
3.3760000000000000e+003 	-5.7111538308883601e-009 	-1.1815230965658625e-009 	-6.8926769274542226e-009
3.6320000000000000e+003 	-4.9758379966817499e-009 	-1.0993669665797104e-009 	-6.0752049632614603e-009
3.8880000000000000e+003 	-4.3928254155497099e-009 	-1.0123447586752082e-009 	-5.4051701742249180e-009
4.1440000000000000e+003 	-3.9241170049668004e-009 	-9.2601623159980952e-010 	-4.8501332365666099e-009
4.4000000000000000e+003 	-3.5414449238100999e-009 	-8.4361739161318478e-010 	-4.3850623154232847e-009
4.6560000000000000e+003 	-3.2240879034849999e-009 	-7.6676867007604344e-010 	-3.9908565735610434e-009
4.9120000000000000e+003 	-2.9569359517054701e-009 	-6.9607588846197556e-010 	-3.6530118401674457e-009
5.1680000000000000e+003 	-2.7289484749067599e-009 	-6.3155756419737057e-010 	-3.3605060391041305e-009
5.4240000000000000e+003 	-2.5319969358703098e-009 	-5.7292125620735947e-010 	-3.1049181920776693e-009
5.6800000000000000e+003 	-2.3600271847031798e-009 	-5.1973074712591883e-010 	-2.8797579318290987e-009
5.9360000000000000e+003 	-2.2084662010741800e-009 	-4.7150147814307408e-010 	-2.6799676792172541e-009
6.1920000000000000e+003 	-2.0738065804811300e-009 	-4.2914682153927001e-010 	-2.5029534020204000e-009
6.7040000000000000e+003 	-1.8424381128610901e-009 	-3.5578212967198066e-010 	-2.1982202425330708e-009
7.2160000000000000e+003 	-1.6531940692494301e-009 	-2.9226806585272460e-010 	-1.9454621351021549e-009
7.7280000000000000e+003 	-1.4959820079189200e-009 	-2.3899907547965041e-010 	-1.7349810833985704e-009
8.2400000000000000e+003 	-1.3633664979378099e-009 	-1.9433235782754853e-010 	-1.5576988557653585e-009
8.7520000000000000e+003 	-1.2499711049087200e-009 	-1.5676846373303657e-010 	-1.4067395686417566e-009
9.2640000000000000e+003 	-1.1518833148374600e-009 	-1.2505015540061480e-010 	-1.2769334702380748e-009
9.7760000000000000e+003 	-1.0662050935867300e-009 	-9.8155344471694885e-011 	-1.1643604380584249e-009
1.0288000000000000e+004 	-9.9074353135954893e-010 	-7.5260841156700030e-011 	-1.0660043725162490e-009
1.0800000000000000e+004 	-9.2380427403222595e-010 	-5.5703351266595039e-011 	-9.7950762529882099e-010
1.1312000000000000e+004 	-8.6405356373101104e-010 	-3.8945838417382044e-011 	-9.0299940214839309e-010
1.1824000000000000e+004 	-8.1042458889314999e-010 	-2.4550668615743612e-011 	-8.3497525750889360e-010
1.2336000000000000e+004 	-7.6205239866715500e-010 	-1.2724268378159101e-011 	-7.7477666704531410e-010
1.3360000000000000e+004 	-6.7769237288668402e-010 	6.2799904955201264e-012 	-6.7141238239116389e-010
1.4384000000000000e+004 	-6.0741385196298000e-010 	2.1528755358400778e-011 	-5.8588509660457922e-010
1.5408000000000000e+004 	-5.4824565864589897e-010 	3.3044196317978401e-011 	-5.1520146232792057e-010
1.6432000000000000e+004 	-4.9788280132448201e-010 	4.1626084756882750e-011 	-4.5625671656759927e-010
1.7456000000000000e+004 	-4.5457541928210402e-010 	4.7947646196415405e-011 	-4.0662777308568862e-010
1.8480000000000000e+004 	-4.1699458749933700e-010 	5.2535607570065333e-011 	-3.6445897992927167e-010
1.9504000000000000e+004 	-3.8412080535457602e-010 	5.5791671533789172e-011 	-3.2832913382078684e-010
2.0528000000000000e+004 	-3.5516111744602203e-010 	5.8020520915535302e-011 	-2.9714059653048672e-010
2.1552000000000000e+004 	-3.2948986521634401e-010 	5.9453944356470578e-011 	-2.7003592085987343e-010
2.2576000000000000e+004 	-3.0660667012142799e-010 	6.0269390308110315e-011 	-2.4633727981331767e-010
2.3600000000000000e+004 	-2.8610643089426002e-010 	6.0490312791223370e-011 	-2.2561611810303665e-010
2.5648000000000000e+004 	-2.5067483340435899e-010 	5.9978243940071311e-011 	-1.9069658946428768e-010
2.7696000000000000e+004 	-2.2154002682308999e-010 	5.8816676231821015e-011 	-1.6272335059126898e-010
2.9744000000000000e+004 	-1.9732699544951001e-010 	5.7091073492921682e-011 	-1.4023592195658833e-010
3.1792000000000000e+004 	-1.7697522977593199e-010 	5.5020403497169916e-011 	-1.2195482627876207e-010
3.3840000000000000e+004 	-1.5968514814744501e-010 	5.2766789762137582e-011 	-1.0691835838530742e-010
3.5888000000000000e+004 	-1.4485415332466000e-010 	5.0441150411037873e-011 	-9.4413002913622125e-011
3.7936000000000000e+004 	-1.3202372607551101e-010 	4.8116111056416531e-011 	-8.3907615019094480e-011
3.9984000000000000e+004 	-1.2084023507647001e-010 	4.5837666788440336e-011 	-7.5002568288029674e-011
4.2032000000000000e+004 	-1.1102702114434100e-010 	4.3633894914727568e-011 	-6.7393126229613429e-011
4.4080000000000000e+004 	-1.0236468209194700e-010 	4.1521010253834049e-011 	-6.0843671838112954e-011
4.6128000000000000e+004 	-9.4677061085548304e-011 	3.9546955978977007e-011 	-5.5130105106571298e-011
5.0224000000000000e+004 	-8.1547237690076906e-011 	3.5912643381732675e-011 	-4.5634594308344231e-011
5.4320000000000000e+004 	-7.0933405841126505e-011 	3.2593813859763501e-011 	-3.8339591981363004e-011
5.8416000000000000e+004 	-6.2256900304079394e-011 	2.9630236908526161e-011 	-3.2626663395553233e-011
6.2512000000000000e+004 	-5.5076938088117000e-011 	2.6995937905086122e-011 	-2.8081000183030878e-011
6.6608000000000000e+004 	-4.9065659513607202e-011 	2.4657859675437102e-011 	-2.4407799838170100e-011
7.0704000000000000e+004 	-4.3979419805953297e-011 	2.2582041616834344e-011 	-2.1397378189118953e-011
7.4800000000000000e+004 	-3.9635400518070500e-011 	2.0736434526087924e-011 	-1.8898965991982576e-011
7.8896000000000000e+004 	-3.5894497836328897e-011 	1.9092051765747521e-011 	-1.6802446070581376e-011
8.2992000000000000e+004 	-3.2649278503054001e-011 	1.7623287433160292e-011 	-1.5025991069893710e-011
8.7088000000000000e+004 	-2.9815575187559803e-011 	1.6307822600046034e-011 	-1.3507752587513769e-011
9.1184000000000000e+004 	-2.7326583999349500e-011 	1.5126345639055010e-011 	-1.2200238360294490e-011
9.5280000000000000e+004 	-2.5128662537782901e-011 	1.4062207268701908e-011 	-1.1066455269080993e-011
9.9376000000000000e+004 	-2.3178289342958500e-011 	1.3101071590997480e-011 	-1.0077217751961020e-011
1.0347200000000000e+005 	-2.1439827061520100e-011 	1.2230591917175748e-011 	-9.2092351443443522e-012
1.0756800000000000e+005 	-1.9883851146989601e-011 	1.1402583011167900e-011 	-8.4812681358217006e-012
6000 0
6.0000000000000000e+003 0.0000000000000000e+000 -3.9750000000000000e+002
1
1 1 1 1
1
         t, ms                         dVp, mV                         dVs, mV                         dV, mV
1.0000000000000000e+001 	-1.5943828000783901e-008 	2.3513371736721917e-009 	-1.3592490827111709e-008
1.2000000000000000e+001 	-1.5943828001047298e-008 	2.3497408909419451e-009 	-1.3594087110105353e-008
1.4000000000000000e+001 	-1.5943828001247000e-008 	2.3480345236938227e-009 	-1.3595793477553177e-008
1.6000000000000000e+001 	-1.5943828001349100e-008 	2.3461324530434225e-009 	-1.3597695548305678e-008
1.8000000000000000e+001 	-1.5943828001502301e-008 	2.3440749867608404e-009 	-1.3599753014741460e-008
2.0000000000000000e+001 	-1.5943828001711501e-008 	2.3418872596355788e-009 	-1.3601940742075923e-008
2.2000000000000000e+001 	-1.5943828001894599e-008 	2.3395834134782622e-009 	-1.3604244588416337e-008
2.4000000000000000e+001 	-1.5943828002071801e-008 	2.3371703377107764e-009 	-1.3606657664361025e-008
2.6000000000000000e+001 	-1.5943828002218801e-008 	2.3346503972888148e-009 	-1.3609177604929987e-008
2.8000000000000000e+001 	-1.5943828002386401e-008 	2.3319796436167414e-009 	-1.3611848358769660e-008
3.2000000000000000e+001 	-1.5943828002609800e-008 	2.3262907388382892e-009 	-1.3617537263771510e-008
3.6000000000000000e+001 	-1.5943828002822402e-008 	2.3202262051762179e-009 	-1.3623601797646184e-008
4.0000000000000000e+001 	-1.5943828003139000e-008 	2.3137079652047100e-009 	-1.3630120037934290e-008
4.4000000000000000e+001 	-1.5943828003462299e-008 	2.3067321734140373e-009 	-1.3637095830048261e-008
4.8000000000000000e+001 	-1.5943828003856000e-008 	2.2993136574997533e-009 	-1.3644514346356247e-008
5.2000000000000000e+001 	-1.5943828004165501e-008 	2.2914823545377420e-009 	-1.3652345649627759e-008
5.6000000000000000e+001 	-1.5943828004519700e-008 	2.2832798301618783e-009 	-1.3660548174357822e-008
6.0000000000000000e+001 	-1.5943828004886201e-008 	2.2747555977691207e-009 	-1.3669072407117080e-008
6.4000000000000000e+001 	-1.5943828005174400e-008 	2.2659636159522478e-009 	-1.3677864389222153e-008
6.8000000000000000e+001 	-1.5943828005461700e-008 	2.2569592997043990e-009 	-1.3686868705757301e-008
7.2000000000000000e+001 	-1.5943828005780300e-008 	2.2477760288006979e-009 	-1.3696051976979602e-008
8.0000000000000000e+001 	-1.5943828007147901e-008 	2.2292188007292920e-009 	-1.3714609206418609e-008
8.8000000000000000e+001 	-1.5943828007770801e-008 	2.2106996306588432e-009 	-1.3733128377111958e-008
9.6000000000000000e+001 	-1.5943828008223199e-008 	2.1924051054587361e-009 	-1.3751422902764463e-008
1.0400000000000000e+002 	-1.5943828008702398e-008 	2.1745433880120168e-009 	-1.3769284620690382e-008
1.1200000000000000e+002 	-1.5943828009194799e-008 	2.1572801632505068e-009 	-1.3786547845944292e-008
1.2000000000000000e+002 	-1.5943828009772098e-008 	2.1407365821444507e-009 	-1.3803091427627648e-008
1.2800000000000000e+002 	-1.5943828010572700e-008 	2.1249943006717408e-009 	-1.3818833709900959e-008
1.3600000000000000e+002 	-1.5943828012040800e-008 	2.1101025999404761e-009 	-1.3833725412100324e-008
1.4400000000000000e+002 	-1.5943828014803001e-008 	2.0960854567170798e-009 	-1.3847742558085921e-008
1.5200000000000000e+002 	-1.5943828018435399e-008 	2.0829477375863370e-009 	-1.3860880280849062e-008
1.6000000000000000e+002 	-1.5943828018459699e-008 	2.0709990341327168e-009 	-1.3872828984326982e-008
1.7600000000000000e+002 	-1.5943827756880800e-008 	2.0496544322941808e-009 	-1.3894173324586619e-008
1.9200000000000000e+002 	-1.5943826193105199e-008 	2.0308038365932267e-009 	-1.3913022356511973e-008
2.0800000000000000e+002 	-1.5943820475515002e-008 	2.0147476220885289e-009 	-1.3929072853426473e-008
2.2400000000000000e+002 	-1.5943804371884598e-008 	2.0012739372670795e-009 	-1.3942530434617519e-008
2.4000000000000000e+002 	-1.5943766240527901e-008 	1.9901266404045674e-009 	-1.3953639600123334e-008
2.5600000000000000e+002 	-1.5943686755678200e-008 	1.9810402965480836e-009 	-1.3962646459130117e-008
2.7200000000000000e+002 	-1.5943536688482499e-008 	1.9737532117219789e-009 	-1.3969783476760520e-008
2.8800000000000000e+002 	-1.5943275058934399e-008 	1.9680117452470444e-009 	-1.3975263313687355e-008
3.0400000000000000e+002 	-1.5942847919074999e-008 	1.9635712016628969e-009 	-1.3979276717412102e-008
3.2000000000000000e+002 	-1.5942187926765000e-008 	1.9601956016551968e-009 	-1.3981992325109804e-008
3.3600000000000000e+002 	-1.5941214752630602e-008 	1.9576573544309146e-009 	-1.3983557398199687e-008
3.5200000000000000e+002 	-1.5939836254964401e-008 	1.9557372410142453e-009 	-1.3984099013950156e-008
3.6800000000000000e+002 	-1.5937950281557101e-008 	1.9542252542394217e-009 	-1.3983725027317679e-008
4.0000000000000000e+002 	-1.5932056598731500e-008 	1.9512805881521884e-009 	-1.3980776010579312e-008
4.3200000000000000e+002 	-1.5922714683452301e-008 	1.9474327899485874e-009 	-1.3975281893503714e-008
4.6400000000000000e+002 	-1.5909053986509099e-008 	1.9417091203580035e-009 	-1.3967344866151095e-008
4.9600000000000000e+002 	-1.5890241194562700e-008 	1.9331325536201823e-009 	-1.3957108640942517e-008
5.2800000000000000e+002 	-1.5865533864697500e-008 	1.9208834791064786e-009 	-1.3944650385591021e-008
5.6000000000000000e+002 	-1.5834312231047700e-008 	1.9043263685052833e-009 	-1.3929985862542416e-008
5.9200000000000000e+002 	-1.5796094620589000e-008 	1.8830089720299437e-009 	-1.3913085648559057e-008
6.2400000000000000e+002 	-1.5750540332469900e-008 	1.8566482322558865e-009 	-1.3893892100214014e-008
6.5600000000000000e+002 	-1.5697443509478099e-008 	1.8251099797929241e-009 	-1.3872333529685175e-008
6.8800000000000000e+002 	-1.5636721179993899e-008 	1.7883863085331339e-009 	-1.3848334871460765e-008
7.2000000000000000e+002 	-1.5568398102011201e-008 	1.7465729364594746e-009 	-1.3821825165551726e-008
7.5200000000000000e+002 	-1.5492590406348201e-008 	1.6981630116924151e-009 	-1.3794427394655786e-008
8.1600000000000000e+002 	-1.5319733580565599e-008 	1.5878119935683038e-009 	-1.3731921586997295e-008
8.8000000000000000e+002 	-1.5120210697600199e-008 	1.4651514831564493e-009 	-1.3655059214443749e-008
9.4400000000000000e+002 	-1.4896613346641701e-008 	1.3296385572535823e-009 	-1.3566974789388118e-008
1.0080000000000000e+003 	-1.4651823704451500e-008 	1.1835561093323393e-009 	-1.3468267595119161e-008
1.0720000000000000e+003 	-1.4388827344506700e-008 	1.0293617353719734e-009 	-1.3359465609134726e-008
1.1360000000000000e+003 	-1.4110576632556200e-008 	8.6942918948042043e-010 	-1.3241147443075779e-008
1.2000000000000000e+003 	-1.3819898483704600e-008 	7.0593411260506158e-010 	-1.3113964371099538e-008
1.2640000000000000e+003 	-1.3519437445497901e-008 	5.4080724747148782e-010 	-1.2978630198026413e-008
1.3280000000000000e+003 	-1.3211624869223399e-008 	3.7572269440220291e-010 	-1.2835902174821196e-008
1.3920000000000000e+003 	-1.2898666265823501e-008 	2.1210524746443018e-010 	-1.2686561018359071e-008
1.4560000000000000e+003 	-1.2582540732126600e-008 	5.2874459757486422e-011 	-1.2529666272369113e-008
1.5840000000000000e+003 	-1.1949429546236699e-008 	-2.5223587574252848e-010 	-1.2201665421979228e-008
1.7120000000000000e+003 	-1.1321910098859500e-008 	-5.4009576628232421e-010 	-1.1862005865141824e-008
1.8400000000000000e+003 	-1.0708282656718400e-008 	-8.0550779540399692e-010 	-1.1513790452122396e-008
1.9680000000000000e+003 	-1.0114989585722300e-008 	-1.0464659861491977e-009 	-1.1161455571871498e-008
2.0960000000000000e+003 	-9.5466794509669102e-009 	-1.2621654807014145e-009 	-1.0808844931668325e-008
2.2240000000000000e+003 	-9.0064537278277293e-009 	-1.4527197213023259e-009 	-1.0459173449130055e-008
2.3520000000000000e+003 	-8.4961450969243096e-009 	-1.6189139577955099e-009 	-1.0115059054719819e-008
2.4800000000000000e+003 	-8.0165761958225994e-009 	-1.7619994184446926e-009 	-9.7785756142672921e-009
2.6080000000000000e+003 	-7.5677845205474405e-009 	-1.8835277122368076e-009 	-9.4513122327842481e-009
2.7360000000000000e+003 	-7.1492122769737301e-009 	-1.9852214541596493e-009 	-9.1344337311333794e-009
2.8640000000000000e+003 	-6.7598641583809298e-009 	-2.0632912547072220e-009 	-8.8231554130881518e-009
3.1200000000000000e+003 	-6.0613301025664699e-009 	-2.1740754478565320e-009 	-8.2354055504230020e-009
3.3760000000000000e+003 	-5.4610534609795402e-009 	-2.2464254004741844e-009 	-7.7074788614537238e-009
3.6320000000000000e+003 	-4.9466269820051703e-009 	-2.2801494470110069e-009 	-7.2267764290161772e-009
3.8880000000000000e+003 	-4.5057356951101599e-009 	-2.2834182512668253e-009 	-6.7891539463769852e-009
4.1440000000000000e+003 	-4.1269613156811900e-009 	-2.2637162184451650e-009 	-6.3906775341263550e-009
4.4000000000000000e+003 	-3.8001907903303601e-009 	-2.2272788758495358e-009 	-6.0274696661798959e-009
4.6560000000000000e+003 	-3.5167508729669701e-009 	-2.1790568141665383e-009 	-5.6958076871335084e-009
4.9120000000000000e+003 	-3.2693693880840299e-009 	-2.1228654826893890e-009 	-5.3922348707734193e-009
5.1680000000000000e+003 	-3.0520413482731701e-009 	-2.0615848822965620e-009 	-5.1136262305697320e-009
5.4240000000000000e+003 	-2.8598548312929999e-009 	-1.9973542850127869e-009 	-4.8572091163057868e-009
5.6800000000000000e+003 	-2.6888112055203998e-009 	-1.9317413738306845e-009 	-4.6205525793510839e-009
5.9360000000000000e+003 	-2.5356588129204701e-009 	-1.8658804820448420e-009 	-4.4015392949653121e-009
6.1920000000000000e+003 	-2.3977486719792000e-009 	-1.8011654701431488e-009 	-4.1989141421223488e-009
6.7040000000000000e+003 	-2.1573630499327798e-009 	-1.6761239724021006e-009 	-3.8334870223348808e-009
7.2160000000000000e+003 	-1.9569549582179499e-009 	-1.5570095737811387e-009 	-3.5139645319990886e-009
7.7280000000000000e+003 	-1.7877316501251399e-009 	-1.4454637631373462e-009 	-3.2331954132624863e-009
8.2400000000000000e+003 	-1.6429940154339900e-009 	-1.3419200532981311e-009 	-2.9849140687321210e-009
8.7520000000000000e+003 	-1.5177499330062299e-009 	-1.2463423322141295e-009 	-2.7640922652203594e-009
9.2640000000000000e+003 	-1.4082726340032500e-009 	-1.1584094810157932e-009 	-2.5666821150190434e-009
9.7760000000000000e+003 	-1.3117438205928299e-009 	-1.0776496280409556e-009 	-2.3893934486337855e-009
1.0288000000000000e+004 	-1.2259952649425500e-009 	-1.0035274244538988e-009 	-2.2295226893964487e-009
1.0800000000000000e+004 	-1.1493290301640401e-009 	-9.3549605100176898e-010 	-2.0848250811658091e-009
1.1312000000000000e+004 	-1.0803933958433000e-009 	-8.7302597953756273e-010 	-1.9534193753808628e-009
1.1824000000000000e+004 	-1.0180964837445499e-009 	-8.1561951247947824e-010 	-1.8337159962240282e-009
1.2336000000000000e+004 	-9.6154509317743307e-010 	-7.6429656003762298e-010 	-1.7258416532150561e-009
1.3360000000000000e+004 	-8.6213938229216195e-010 	-6.7358017483419446e-010 	-1.5357195571263564e-009
1.4384000000000000e+004 	-7.7842074912598403e-010 	-5.9343396451873357e-010 	-1.3718547136447175e-009
1.5408000000000000e+004 	-7.0722300251678996e-010 	-5.2448340070306328e-010 	-1.2317064032198532e-009
1.6432000000000000e+004 	-6.4606266850160000e-010 	-4.6517212359782238e-010 	-1.1112347920994224e-009
1.7456000000000000e+004 	-5.9303256255282402e-010 	-4.1401803536789831e-010 	-1.0070505979207222e-009
1.8480000000000000e+004 	-5.4666760622233298e-010 	-3.6973378533281067e-010 	-9.1640139155514365e-010
1.9504000000000000e+004 	-5.0583146956682395e-010 	-3.3124088602709972e-010 	-8.3707235559392367e-010
2.0528000000000000e+004 	-4.6963125020614700e-010 	-2.9764701439506911e-010 	-7.6727826460121611e-010
2.1552000000000000e+004 	-4.3735576546246901e-010 	-2.6821521847791585e-010 	-7.0557098394038486e-010
2.2576000000000000e+004 	-4.0843130059978102e-010 	-2.4233532446400038e-010 	-6.5076662506378139e-010
2.3600000000000000e+004 	-3.8238967308602701e-010 	-2.2039146101209238e-010 	-6.0278113409811945e-010
2.5648000000000000e+004 	-3.3710910601310598e-010 	-1.8369705636809481e-010 	-5.2080616238120073e-010
2.7696000000000000e+004 	-2.9956495990981200e-010 	-1.5287570159923415e-010 	-4.5244066150904615e-010
2.9744000000000000e+004 	-2.6812397669756800e-010 	-1.2799964582438344e-010 	-3.9612362252195144e-010
3.1792000000000000e+004 	-2.4151467643701002e-010 	-1.0790358607280368e-010 	-3.4941826250981371e-010
3.3840000000000000e+004 	-2.1876913537730999e-010 	-9.1577272716971757e-011 	-3.1034640809428175e-010
3.5888000000000000e+004 	-1.9915095099236400e-010 	-7.8217075755797886e-011 	-2.7736802674816189e-010
3.7936000000000000e+004 	-1.8209476298501201e-010 	-6.7203372314575798e-011 	-2.4929813529958778e-010
3.9984000000000000e+004 	-1.6716094406417001e-010 	-5.8060783922274120e-011 	-2.2522172798644413e-010
4.2032000000000000e+004 	-1.5400298736477500e-010 	-5.0422678797219485e-011 	-2.0442566616199449e-010
4.4080000000000000e+004 	-1.4234424492788700e-010 	-4.4003911483162030e-011 	-1.8634815641104903e-010
4.6128000000000000e+004 	-1.3196124080294701e-010 	-3.8853523502089402e-011 	-1.7081476430503641e-010
5.0224000000000000e+004 	-1.1415442789122700e-010 	-3.0725720193812623e-011 	-1.4488014808503962e-010
5.4320000000000000e+004 	-9.9676708924311803e-011 	-2.4239514255506297e-011 	-1.2391622317981810e-010
5.8416000000000000e+004 	-8.7779043677132094e-011 	-1.9361147133125977e-011 	-1.0714019081025807e-010
6.2512000000000000e+004 	-7.7887046119011996e-011 	-1.5690965840495048e-011 	-9.3578011959507045e-011
6.6608000000000000e+004 	-6.9570539502863496e-011 	-1.2904917530143147e-011 	-8.2475457033006643e-011
7.0704000000000000e+004 	-6.2507696537749302e-011 	-1.0764579676628426e-011 	-7.3272276214377729e-011
7.4800000000000000e+004 	-5.6455517677589802e-011 	-9.0994792691047196e-012 	-6.5554996946694522e-011
7.8896000000000000e+004 	-5.1228052358718899e-011 	-7.7879510318879608e-012 	-5.9016003390606854e-011
8.2992000000000000e+004 	-4.6680952092443102e-011 	-6.7426025442867142e-012 	-5.3423554636729816e-011
8.7088000000000000e+004 	-4.2700612931418498e-011 	-5.9000551050342436e-012 	-4.8600668036452741e-011
9.1184000000000000e+004 	-3.9196498761937303e-011 	-5.2138274189676456e-012 	-4.4410326180904948e-011
9.5280000000000000e+004 	-3.6095642614907800e-011 	-4.6494278944128610e-012 	-4.0745070509320661e-011
9.9376000000000000e+004 	-3.3338645789191397e-011 	-4.1809656593350034e-012 	-3.7519611448526401e-011
1.0347200000000000e+005 	-3.0876720018908303e-011 	-3.7887909312082229e-012 	-3.4665510950116526e-011
1.0756800000000000e+005 	-2.8669467712573400e-011 	-3.4305060884624972e-012 	-3.2099973801035897e-011
